x,y,detectorID,nPrimary,roiCounts,normalizedCounts,flux,normalizedFlux
-50,-50,0,100000,40,0.0004,77,0.00077
-50,-50,1,100000,37,0.00037,80,0.0008
-50,-50,2,100000,21,0.00021,65,0.00065
-50,-50,3,100000,25,0.00025,67,0.00067
-50,-50,4,100000,33,0.00033,77,0.00077
-50,-50,5,100000,36,0.00036,71,0.00071
-50,-49,0,100000,26,0.00026,84,0.00084
-50,-49,1,100000,25,0.00025,81,0.00081
-50,-49,2,100000,35,0.00035,83,0.00083
-50,-49,3,100000,29,0.00029,79,0.00079
-50,-49,4,100000,49,0.00049,70,0.0007
-50,-49,5,100000,28,0.00028,73,0.00073
-50,-48,0,100000,26,0.00026,72,0.00072
-50,-48,1,100000,26,0.00026,74,0.00074
-50,-48,2,100000,33,0.00033,67,0.00067
-50,-48,3,100000,39,0.00039,73,0.00073
-50,-48,4,100000,26,0.00026,73,0.00073
-50,-48,5,100000,37,0.00037,68,0.00068
-50,-47,0,100000,31,0.00031,77,0.00077
-50,-47,1,100000,22,0.00022,67,0.00067
-50,-47,2,100000,26,0.00026,60,0.0006
-50,-47,3,100000,33,0.00033,85,0.00085
-50,-47,4,100000,27,0.00027,81,0.00081
-50,-47,5,100000,22,0.00022,61,0.00061
-50,-46,0,100000,43,0.00043,83,0.00083
-50,-46,1,100000,37,0.00037,74,0.00074
-50,-46,2,100000,35,0.00035,62,0.00062
-50,-46,3,100000,20,0.0002,70,0.0007
-50,-46,4,100000,36,0.00036,73,0.00073
-50,-46,5,100000,25,0.00025,76,0.00076
-50,-45,0,100000,24,0.00024,77,0.00077
-50,-45,1,100000,31,0.00031,79,0.00079
-50,-45,2,100000,34,0.00034,88,0.00088
-50,-45,3,100000,16,0.00016,74,0.00074
-50,-45,4,100000,37,0.00037,72,0.00072
-50,-45,5,100000,37,0.00037,82,0.00082
-50,-44,0,100000,34,0.00034,69,0.00069
-50,-44,1,100000,33,0.00033,73,0.00073
-50,-44,2,100000,46,0.00046,87,0.00087
-50,-44,3,100000,13,0.00013,75,0.00075
-50,-44,4,100000,25,0.00025,69,0.00069
-50,-44,5,100000,25,0.00025,72,0.00072
-50,-43,0,100000,24,0.00024,69,0.00069
-50,-43,1,100000,30,0.0003,54,0.00054
-50,-43,2,100000,36,0.00036,67,0.00067
-50,-43,3,100000,41,0.00041,76,0.00076
-50,-43,4,100000,35,0.00035,74,0.00074
-50,-43,5,100000,15,0.00015,65,0.00065
-50,-42,0,100000,14,0.00014,62,0.00062
-50,-42,1,100000,17,0.00017,50,0.0005
-50,-42,2,100000,33,0.00033,68,0.00068
-50,-42,3,100000,29,0.00029,77,0.00077
-50,-42,4,100000,26,0.00026,70,0.0007
-50,-42,5,100000,16,0.00016,59,0.00059
-50,-41,0,100000,22,0.00022,79,0.00079
-50,-41,1,100000,45,0.00045,75,0.00075
-50,-41,2,100000,34,0.00034,93,0.00093
-50,-41,3,100000,26,0.00026,71,0.00071
-50,-41,4,100000,24,0.00024,72,0.00072
-50,-41,5,100000,26,0.00026,65,0.00065
-50,-40,0,100000,35,0.00035,90,0.0009
-50,-40,1,100000,30,0.0003,80,0.0008
-50,-40,2,100000,35,0.00035,76,0.00076
-50,-40,3,100000,21,0.00021,72,0.00072
-50,-40,4,100000,35,0.00035,76,0.00076
-50,-40,5,100000,28,0.00028,78,0.00078
-50,-39,0,100000,40,0.0004,78,0.00078
-50,-39,1,100000,36,0.00036,66,0.00066
-50,-39,2,100000,41,0.00041,78,0.00078
-50,-39,3,100000,35,0.00035,69,0.00069
-50,-39,4,100000,15,0.00015,65,0.00065
-50,-39,5,100000,20,0.0002,69,0.00069
-50,-38,0,100000,23,0.00023,74,0.00074
-50,-38,1,100000,34,0.00034,77,0.00077
-50,-38,2,100000,40,0.0004,80,0.0008
-50,-38,3,100000,21,0.00021,58,0.00058
-50,-38,4,100000,33,0.00033,71,0.00071
-50,-38,5,100000,33,0.00033,72,0.00072
-50,-37,0,100000,23,0.00023,70,0.0007
-50,-37,1,100000,29,0.00029,75,0.00075
-50,-37,2,100000,27,0.00027,75,0.00075
-50,-37,3,100000,25,0.00025,54,0.00054
-50,-37,4,100000,16,0.00016,58,0.00058
-50,-37,5,100000,38,0.00038,72,0.00072
-50,-36,0,100000,31,0.00031,78,0.00078
-50,-36,1,100000,33,0.00033,76,0.00076
-50,-36,2,100000,34,0.00034,68,0.00068
-50,-36,3,100000,15,0.00015,55,0.00055
-50,-36,4,100000,14,0.00014,75,0.00075
-50,-36,5,100000,20,0.0002,63,0.00063
-50,-35,0,100000,20,0.0002,71,0.00071
-50,-35,1,100000,37,0.00037,81,0.00081
-50,-35,2,100000,35,0.00035,77,0.00077
-50,-35,3,100000,37,0.00037,78,0.00078
-50,-35,4,100000,20,0.0002,73,0.00073
-50,-35,5,100000,16,0.00016,74,0.00074
-50,-34,0,100000,59,0.00059,85,0.00085
-50,-34,1,100000,36,0.00036,70,0.0007
-50,-34,2,100000,40,0.0004,88,0.00088
-50,-34,3,100000,25,0.00025,68,0.00068
-50,-34,4,100000,25,0.00025,80,0.0008
-50,-34,5,100000,42,0.00042,63,0.00063
-50,-33,0,100000,42,0.00042,69,0.00069
-50,-33,1,100000,41,0.00041,91,0.00091
-50,-33,2,100000,28,0.00028,62,0.00062
-50,-33,3,100000,39,0.00039,74,0.00074
-50,-33,4,100000,37,0.00037,83,0.00083
-50,-33,5,100000,37,0.00037,78,0.00078
-50,-32,0,100000,31,0.00031,68,0.00068
-50,-32,1,100000,33,0.00033,58,0.00058
-50,-32,2,100000,30,0.0003,63,0.00063
-50,-32,3,100000,25,0.00025,73,0.00073
-50,-32,4,100000,27,0.00027,58,0.00058
-50,-32,5,100000,45,0.00045,71,0.00071
-50,-31,0,100000,25,0.00025,65,0.00065
-50,-31,1,100000,38,0.00038,86,0.00086
-50,-31,2,100000,12,0.00012,61,0.00061
-50,-31,3,100000,24,0.00024,57,0.00057
-50,-31,4,100000,28,0.00028,73,0.00073
-50,-31,5,100000,39,0.00039,62,0.00062
-50,-30,0,100000,48,0.00048,67,0.00067
-50,-30,1,100000,28,0.00028,70,0.0007
-50,-30,2,100000,29,0.00029,66,0.00066
-50,-30,3,100000,20,0.0002,80,0.0008
-50,-30,4,100000,25,0.00025,61,0.00061
-50,-30,5,100000,13,0.00013,74,0.00074
-50,-29,0,100000,33,0.00033,70,0.0007
-50,-29,1,100000,32,0.00032,79,0.00079
-50,-29,2,100000,40,0.0004,68,0.00068
-50,-29,3,100000,26,0.00026,68,0.00068
-50,-29,4,100000,40,0.0004,81,0.00081
-50,-29,5,100000,35,0.00035,74,0.00074
-50,-28,0,100000,37,0.00037,61,0.00061
-50,-28,1,100000,17,0.00017,66,0.00066
-50,-28,2,100000,21,0.00021,74,0.00074
-50,-28,3,100000,33,0.00033,68,0.00068
-50,-28,4,100000,29,0.00029,77,0.00077
-50,-28,5,100000,46,0.00046,79,0.00079
-50,-27,0,100000,22,0.00022,61,0.00061
-50,-27,1,100000,14,0.00014,62,0.00062
-50,-27,2,100000,33,0.00033,87,0.00087
-50,-27,3,100000,23,0.00023,79,0.00079
-50,-27,4,100000,25,0.00025,69,0.00069
-50,-27,5,100000,25,0.00025,67,0.00067
-50,-26,0,100000,24,0.00024,61,0.00061
-50,-26,1,100000,36,0.00036,76,0.00076
-50,-26,2,100000,30,0.0003,79,0.00079
-50,-26,3,100000,33,0.00033,70,0.0007
-50,-26,4,100000,28,0.00028,73,0.00073
-50,-26,5,100000,17,0.00017,57,0.00057
-50,-25,0,100000,37,0.00037,66,0.00066
-50,-25,1,100000,26,0.00026,66,0.00066
-50,-25,2,100000,21,0.00021,66,0.00066
-50,-25,3,100000,23,0.00023,56,0.00056
-50,-25,4,100000,52,0.00052,89,0.00089
-50,-25,5,100000,34,0.00034,73,0.00073
-50,-24,0,100000,42,0.00042,87,0.00087
-50,-24,1,100000,18,0.00018,67,0.00067
-50,-24,2,100000,29,0.00029,73,0.00073
-50,-24,3,100000,48,0.00048,87,0.00087
-50,-24,4,100000,21,0.00021,63,0.00063
-50,-24,5,100000,39,0.00039,76,0.00076
-50,-23,0,100000,70,0.0007,83,0.00083
-50,-23,1,100000,42,0.00042,84,0.00084
-50,-23,2,100000,39,0.00039,68,0.00068
-50,-23,3,100000,34,0.00034,72,0.00072
-50,-23,4,100000,33,0.00033,78,0.00078
-50,-23,5,100000,25,0.00025,78,0.00078
-50,-22,0,100000,36,0.00036,84,0.00084
-50,-22,1,100000,24,0.00024,70,0.0007
-50,-22,2,100000,46,0.00046,71,0.00071
-50,-22,3,100000,43,0.00043,75,0.00075
-50,-22,4,100000,26,0.00026,65,0.00065
-50,-22,5,100000,35,0.00035,77,0.00077
-50,-21,0,100000,43,0.00043,74,0.00074
-50,-21,1,100000,17,0.00017,82,0.00082
-50,-21,2,100000,46,0.00046,82,0.00082
-50,-21,3,100000,27,0.00027,60,0.0006
-50,-21,4,100000,41,0.00041,77,0.00077
-50,-21,5,100000,36,0.00036,84,0.00084
-50,-20,0,100000,29,0.00029,54,0.00054
-50,-20,1,100000,23,0.00023,77,0.00077
-50,-20,2,100000,40,0.0004,85,0.00085
-50,-20,3,100000,34,0.00034,66,0.00066
-50,-20,4,100000,23,0.00023,62,0.00062
-50,-20,5,100000,38,0.00038,67,0.00067
-50,-19,0,100000,26,0.00026,57,0.00057
-50,-19,1,100000,36,0.00036,76,0.00076
-50,-19,2,100000,29,0.00029,82,0.00082
-50,-19,3,100000,21,0.00021,65,0.00065
-50,-19,4,100000,19,0.00019,70,0.0007
-50,-19,5,100000,25,0.00025,90,0.0009
-50,-18,0,100000,26,0.00026,62,0.00062
-50,-18,1,100000,35,0.00035,71,0.00071
-50,-18,2,100000,25,0.00025,70,0.0007
-50,-18,3,100000,27,0.00027,64,0.00064
-50,-18,4,100000,41,0.00041,72,0.00072
-50,-18,5,100000,31,0.00031,77,0.00077
-50,-17,0,100000,30,0.0003,74,0.00074
-50,-17,1,100000,14,0.00014,54,0.00054
-50,-17,2,100000,37,0.00037,68,0.00068
-50,-17,3,100000,37,0.00037,81,0.00081
-50,-17,4,100000,39,0.00039,51,0.00051
-50,-17,5,100000,24,0.00024,62,0.00062
-50,-16,0,100000,22,0.00022,66,0.00066
-50,-16,1,100000,26,0.00026,73,0.00073
-50,-16,2,100000,45,0.00045,86,0.00086
-50,-16,3,100000,22,0.00022,83,0.00083
-50,-16,4,100000,31,0.00031,75,0.00075
-50,-16,5,100000,28,0.00028,78,0.00078
-50,-15,0,100000,41,0.00041,78,0.00078
-50,-15,1,100000,32,0.00032,73,0.00073
-50,-15,2,100000,38,0.00038,73,0.00073
-50,-15,3,100000,20,0.0002,70,0.0007
-50,-15,4,100000,28,0.00028,82,0.00082
-50,-15,5,100000,27,0.00027,71,0.00071
-50,-14,0,100000,41,0.00041,78,0.00078
-50,-14,1,100000,18,0.00018,78,0.00078
-50,-14,2,100000,39,0.00039,77,0.00077
-50,-14,3,100000,39,0.00039,76,0.00076
-50,-14,4,100000,29,0.00029,70,0.0007
-50,-14,5,100000,35,0.00035,69,0.00069
-50,-13,0,100000,33,0.00033,70,0.0007
-50,-13,1,100000,40,0.0004,78,0.00078
-50,-13,2,100000,26,0.00026,75,0.00075
-50,-13,3,100000,27,0.00027,57,0.00057
-50,-13,4,100000,20,0.0002,62,0.00062
-50,-13,5,100000,19,0.00019,59,0.00059
-50,-12,0,100000,31,0.00031,81,0.00081
-50,-12,1,100000,44,0.00044,82,0.00082
-50,-12,2,100000,24,0.00024,76,0.00076
-50,-12,3,100000,26,0.00026,57,0.00057
-50,-12,4,100000,25,0.00025,75,0.00075
-50,-12,5,100000,36,0.00036,61,0.00061
-50,-11,0,100000,32,0.00032,62,0.00062
-50,-11,1,100000,26,0.00026,63,0.00063
-50,-11,2,100000,24,0.00024,82,0.00082
-50,-11,3,100000,20,0.0002,67,0.00067
-50,-11,4,100000,15,0.00015,70,0.0007
-50,-11,5,100000,26,0.00026,60,0.0006
-50,-10,0,100000,36,0.00036,62,0.00062
-50,-10,1,100000,31,0.00031,77,0.00077
-50,-10,2,100000,19,0.00019,67,0.00067
-50,-10,3,100000,36,0.00036,66,0.00066
-50,-10,4,100000,35,0.00035,77,0.00077
-50,-10,5,100000,29,0.00029,67,0.00067
-50,-9,0,100000,41,0.00041,66,0.00066
-50,-9,1,100000,21,0.00021,77,0.00077
-50,-9,2,100000,19,0.00019,62,0.00062
-50,-9,3,100000,31,0.00031,70,0.0007
-50,-9,4,100000,26,0.00026,71,0.00071
-50,-9,5,100000,35,0.00035,79,0.00079
-50,-8,0,100000,36,0.00036,76,0.00076
-50,-8,1,100000,17,0.00017,57,0.00057
-50,-8,2,100000,26,0.00026,73,0.00073
-50,-8,3,100000,35,0.00035,58,0.00058
-50,-8,4,100000,22,0.00022,76,0.00076
-50,-8,5,100000,60,0.0006,77,0.00077
-50,-7,0,100000,24,0.00024,65,0.00065
-50,-7,1,100000,41,0.00041,83,0.00083
-50,-7,2,100000,36,0.00036,72,0.00072
-50,-7,3,100000,25,0.00025,71,0.00071
-50,-7,4,100000,27,0.00027,70,0.0007
-50,-7,5,100000,26,0.00026,66,0.00066
-50,-6,0,100000,28,0.00028,78,0.00078
-50,-6,1,100000,27,0.00027,76,0.00076
-50,-6,2,100000,21,0.00021,58,0.00058
-50,-6,3,100000,31,0.00031,74,0.00074
-50,-6,4,100000,33,0.00033,64,0.00064
-50,-6,5,100000,21,0.00021,57,0.00057
-50,-5,0,100000,32,0.00032,75,0.00075
-50,-5,1,100000,41,0.00041,60,0.0006
-50,-5,2,100000,33,0.00033,54,0.00054
-50,-5,3,100000,33,0.00033,58,0.00058
-50,-5,4,100000,18,0.00018,78,0.00078
-50,-5,5,100000,46,0.00046,89,0.00089
-50,-4,0,100000,34,0.00034,74,0.00074
-50,-4,1,100000,36,0.00036,82,0.00082
-50,-4,2,100000,47,0.00047,84,0.00084
-50,-4,3,100000,36,0.00036,84,0.00084
-50,-4,4,100000,18,0.00018,78,0.00078
-50,-4,5,100000,38,0.00038,77,0.00077
-50,-3,0,100000,35,0.00035,75,0.00075
-50,-3,1,100000,29,0.00029,93,0.00093
-50,-3,2,100000,47,0.00047,73,0.00073
-50,-3,3,100000,29,0.00029,76,0.00076
-50,-3,4,100000,14,0.00014,56,0.00056
-50,-3,5,100000,34,0.00034,76,0.00076
-50,-2,0,100000,28,0.00028,60,0.0006
-50,-2,1,100000,33,0.00033,88,0.00088
-50,-2,2,100000,14,0.00014,58,0.00058
-50,-2,3,100000,36,0.00036,82,0.00082
-50,-2,4,100000,26,0.00026,62,0.00062
-50,-2,5,100000,25,0.00025,68,0.00068
-50,-1,0,100000,27,0.00027,70,0.0007
-50,-1,1,100000,44,0.00044,77,0.00077
-50,-1,2,100000,22,0.00022,72,0.00072
-50,-1,3,100000,35,0.00035,79,0.00079
-50,-1,4,100000,34,0.00034,80,0.0008
-50,-1,5,100000,50,0.0005,81,0.00081
-50,0,0,100000,29,0.00029,81,0.00081
-50,0,1,100000,21,0.00021,60,0.0006
-50,0,2,100000,23,0.00023,67,0.00067
-50,0,3,100000,20,0.0002,65,0.00065
-50,0,4,100000,24,0.00024,71,0.00071
-50,0,5,100000,29,0.00029,69,0.00069
-50,1,0,100000,42,0.00042,67,0.00067
-50,1,1,100000,24,0.00024,83,0.00083
-50,1,2,100000,36,0.00036,69,0.00069
-50,1,3,100000,28,0.00028,69,0.00069
-50,1,4,100000,24,0.00024,65,0.00065
-50,1,5,100000,25,0.00025,76,0.00076
-50,2,0,100000,42,0.00042,72,0.00072
-50,2,1,100000,31,0.00031,70,0.0007
-50,2,2,100000,27,0.00027,68,0.00068
-50,2,3,100000,29,0.00029,79,0.00079
-50,2,4,100000,27,0.00027,78,0.00078
-50,2,5,100000,24,0.00024,65,0.00065
-50,3,0,100000,34,0.00034,71,0.00071
-50,3,1,100000,34,0.00034,61,0.00061
-50,3,2,100000,35,0.00035,83,0.00083
-50,3,3,100000,45,0.00045,80,0.0008
-50,3,4,100000,33,0.00033,70,0.0007
-50,3,5,100000,22,0.00022,81,0.00081
-50,4,0,100000,31,0.00031,66,0.00066
-50,4,1,100000,20,0.0002,67,0.00067
-50,4,2,100000,35,0.00035,69,0.00069
-50,4,3,100000,27,0.00027,62,0.00062
-50,4,4,100000,30,0.0003,70,0.0007
-50,4,5,100000,21,0.00021,66,0.00066
-50,5,0,100000,36,0.00036,65,0.00065
-50,5,1,100000,21,0.00021,64,0.00064
-50,5,2,100000,17,0.00017,67,0.00067
-50,5,3,100000,47,0.00047,68,0.00068
-50,5,4,100000,47,0.00047,74,0.00074
-50,5,5,100000,27,0.00027,80,0.0008
-50,6,0,100000,29,0.00029,75,0.00075
-50,6,1,100000,55,0.00055,82,0.00082
-50,6,2,100000,46,0.00046,78,0.00078
-50,6,3,100000,36,0.00036,80,0.0008
-50,6,4,100000,32,0.00032,76,0.00076
-50,6,5,100000,22,0.00022,69,0.00069
-50,7,0,100000,54,0.00054,95,0.00095
-50,7,1,100000,40,0.0004,80,0.0008
-50,7,2,100000,24,0.00024,68,0.00068
-50,7,3,100000,30,0.0003,57,0.00057
-50,7,4,100000,24,0.00024,75,0.00075
-50,7,5,100000,25,0.00025,78,0.00078
-50,8,0,100000,28,0.00028,73,0.00073
-50,8,1,100000,24,0.00024,70,0.0007
-50,8,2,100000,25,0.00025,74,0.00074
-50,8,3,100000,32,0.00032,77,0.00077
-50,8,4,100000,45,0.00045,69,0.00069
-50,8,5,100000,37,0.00037,87,0.00087
-50,9,0,100000,28,0.00028,71,0.00071
-50,9,1,100000,32,0.00032,72,0.00072
-50,9,2,100000,40,0.0004,74,0.00074
-50,9,3,100000,23,0.00023,51,0.00051
-50,9,4,100000,21,0.00021,71,0.00071
-50,9,5,100000,19,0.00019,68,0.00068
-50,10,0,100000,33,0.00033,70,0.0007
-50,10,1,100000,35,0.00035,75,0.00075
-50,10,2,100000,32,0.00032,68,0.00068
-50,10,3,100000,39,0.00039,69,0.00069
-50,10,4,100000,34,0.00034,74,0.00074
-50,10,5,100000,26,0.00026,78,0.00078
-50,11,0,100000,38,0.00038,64,0.00064
-50,11,1,100000,28,0.00028,73,0.00073
-50,11,2,100000,26,0.00026,95,0.00095
-50,11,3,100000,28,0.00028,79,0.00079
-50,11,4,100000,40,0.0004,75,0.00075
-50,11,5,100000,22,0.00022,61,0.00061
-50,12,0,100000,35,0.00035,62,0.00062
-50,12,1,100000,18,0.00018,56,0.00056
-50,12,2,100000,20,0.0002,63,0.00063
-50,12,3,100000,34,0.00034,68,0.00068
-50,12,4,100000,21,0.00021,56,0.00056
-50,12,5,100000,13,0.00013,62,0.00062
-50,13,0,100000,32,0.00032,78,0.00078
-50,13,1,100000,32,0.00032,64,0.00064
-50,13,2,100000,37,0.00037,80,0.0008
-50,13,3,100000,25,0.00025,82,0.00082
-50,13,4,100000,28,0.00028,68,0.00068
-50,13,5,100000,33,0.00033,72,0.00072
-50,14,0,100000,22,0.00022,71,0.00071
-50,14,1,100000,34,0.00034,65,0.00065
-50,14,2,100000,21,0.00021,68,0.00068
-50,14,3,100000,55,0.00055,93,0.00093
-50,14,4,100000,44,0.00044,82,0.00082
-50,14,5,100000,56,0.00056,91,0.00091
-50,15,0,100000,24,0.00024,68,0.00068
-50,15,1,100000,19,0.00019,66,0.00066
-50,15,2,100000,24,0.00024,61,0.00061
-50,15,3,100000,18,0.00018,52,0.00052
-50,15,4,100000,33,0.00033,79,0.00079
-50,15,5,100000,37,0.00037,75,0.00075
-50,16,0,100000,28,0.00028,79,0.00079
-50,16,1,100000,34,0.00034,67,0.00067
-50,16,2,100000,34,0.00034,70,0.0007
-50,16,3,100000,23,0.00023,61,0.00061
-50,16,4,100000,34,0.00034,71,0.00071
-50,16,5,100000,28,0.00028,73,0.00073
-50,17,0,100000,18,0.00018,71,0.00071
-50,17,1,100000,19,0.00019,61,0.00061
-50,17,2,100000,40,0.0004,74,0.00074
-50,17,3,100000,26,0.00026,79,0.00079
-50,17,4,100000,28,0.00028,80,0.0008
-50,17,5,100000,36,0.00036,71,0.00071
-50,18,0,100000,33,0.00033,62,0.00062
-50,18,1,100000,39,0.00039,79,0.00079
-50,18,2,100000,40,0.0004,64,0.00064
-50,18,3,100000,22,0.00022,77,0.00077
-50,18,4,100000,21,0.00021,64,0.00064
-50,18,5,100000,22,0.00022,71,0.00071
-50,19,0,100000,30,0.0003,78,0.00078
-50,19,1,100000,36,0.00036,80,0.0008
-50,19,2,100000,25,0.00025,77,0.00077
-50,19,3,100000,25,0.00025,72,0.00072
-50,19,4,100000,34,0.00034,66,0.00066
-50,19,5,100000,48,0.00048,80,0.0008
-50,20,0,100000,32,0.00032,56,0.00056
-50,20,1,100000,10,0.0001,67,0.00067
-50,20,2,100000,40,0.0004,74,0.00074
-50,20,3,100000,20,0.0002,63,0.00063
-50,20,4,100000,44,0.00044,95,0.00095
-50,20,5,100000,25,0.00025,81,0.00081
-50,21,0,100000,50,0.0005,70,0.0007
-50,21,1,100000,37,0.00037,78,0.00078
-50,21,2,100000,28,0.00028,75,0.00075
-50,21,3,100000,30,0.0003,73,0.00073
-50,21,4,100000,24,0.00024,57,0.00057
-50,21,5,100000,28,0.00028,72,0.00072
-50,22,0,100000,32,0.00032,74,0.00074
-50,22,1,100000,31,0.00031,106,0.00106
-50,22,2,100000,27,0.00027,78,0.00078
-50,22,3,100000,33,0.00033,76,0.00076
-50,22,4,100000,37,0.00037,86,0.00086
-50,22,5,100000,24,0.00024,62,0.00062
-50,23,0,100000,33,0.00033,69,0.00069
-50,23,1,100000,37,0.00037,66,0.00066
-50,23,2,100000,39,0.00039,78,0.00078
-50,23,3,100000,32,0.00032,62,0.00062
-50,23,4,100000,37,0.00037,88,0.00088
-50,23,5,100000,34,0.00034,85,0.00085
-50,24,0,100000,27,0.00027,72,0.00072
-50,24,1,100000,43,0.00043,78,0.00078
-50,24,2,100000,32,0.00032,71,0.00071
-50,24,3,100000,44,0.00044,76,0.00076
-50,24,4,100000,20,0.0002,70,0.0007
-50,24,5,100000,22,0.00022,77,0.00077
-50,25,0,100000,39,0.00039,76,0.00076
-50,25,1,100000,41,0.00041,81,0.00081
-50,25,2,100000,47,0.00047,81,0.00081
-50,25,3,100000,23,0.00023,90,0.0009
-50,25,4,100000,26,0.00026,72,0.00072
-50,25,5,100000,24,0.00024,74,0.00074
-50,26,0,100000,27,0.00027,76,0.00076
-50,26,1,100000,27,0.00027,61,0.00061
-50,26,2,100000,32,0.00032,65,0.00065
-50,26,3,100000,24,0.00024,70,0.0007
-50,26,4,100000,28,0.00028,78,0.00078
-50,26,5,100000,41,0.00041,71,0.00071
-50,27,0,100000,26,0.00026,71,0.00071
-50,27,1,100000,26,0.00026,77,0.00077
-50,27,2,100000,41,0.00041,61,0.00061
-50,27,3,100000,25,0.00025,82,0.00082
-50,27,4,100000,32,0.00032,75,0.00075
-50,27,5,100000,25,0.00025,54,0.00054
-50,28,0,100000,34,0.00034,75,0.00075
-50,28,1,100000,34,0.00034,70,0.0007
-50,28,2,100000,12,0.00012,60,0.0006
-50,28,3,100000,21,0.00021,71,0.00071
-50,28,4,100000,24,0.00024,69,0.00069
-50,28,5,100000,37,0.00037,88,0.00088
-50,29,0,100000,28,0.00028,75,0.00075
-50,29,1,100000,36,0.00036,75,0.00075
-50,29,2,100000,26,0.00026,71,0.00071
-50,29,3,100000,25,0.00025,71,0.00071
-50,29,4,100000,36,0.00036,75,0.00075
-50,29,5,100000,19,0.00019,73,0.00073
-50,30,0,100000,38,0.00038,80,0.0008
-50,30,1,100000,25,0.00025,86,0.00086
-50,30,2,100000,18,0.00018,59,0.00059
-50,30,3,100000,24,0.00024,69,0.00069
-50,30,4,100000,23,0.00023,73,0.00073
-50,30,5,100000,28,0.00028,74,0.00074
-50,31,0,100000,28,0.00028,68,0.00068
-50,31,1,100000,40,0.0004,81,0.00081
-50,31,2,100000,37,0.00037,85,0.00085
-50,31,3,100000,44,0.00044,81,0.00081
-50,31,4,100000,43,0.00043,72,0.00072
-50,31,5,100000,41,0.00041,96,0.00096
-50,32,0,100000,35,0.00035,73,0.00073
-50,32,1,100000,28,0.00028,75,0.00075
-50,32,2,100000,35,0.00035,84,0.00084
-50,32,3,100000,30,0.0003,70,0.0007
-50,32,4,100000,46,0.00046,80,0.0008
-50,32,5,100000,30,0.0003,71,0.00071
-50,33,0,100000,32,0.00032,70,0.0007
-50,33,1,100000,23,0.00023,74,0.00074
-50,33,2,100000,20,0.0002,53,0.00053
-50,33,3,100000,42,0.00042,72,0.00072
-50,33,4,100000,21,0.00021,63,0.00063
-50,33,5,100000,12,0.00012,67,0.00067
-50,34,0,100000,15,0.00015,56,0.00056
-50,34,1,100000,17,0.00017,65,0.00065
-50,34,2,100000,12,0.00012,76,0.00076
-50,34,3,100000,28,0.00028,65,0.00065
-50,34,4,100000,26,0.00026,85,0.00085
-50,34,5,100000,38,0.00038,81,0.00081
-50,35,0,100000,61,0.00061,77,0.00077
-50,35,1,100000,45,0.00045,79,0.00079
-50,35,2,100000,33,0.00033,68,0.00068
-50,35,3,100000,39,0.00039,85,0.00085
-50,35,4,100000,20,0.0002,71,0.00071
-50,35,5,100000,30,0.0003,66,0.00066
-50,36,0,100000,47,0.00047,80,0.0008
-50,36,1,100000,48,0.00048,85,0.00085
-50,36,2,100000,45,0.00045,81,0.00081
-50,36,3,100000,24,0.00024,75,0.00075
-50,36,4,100000,41,0.00041,88,0.00088
-50,36,5,100000,24,0.00024,77,0.00077
-50,37,0,100000,18,0.00018,59,0.00059
-50,37,1,100000,24,0.00024,66,0.00066
-50,37,2,100000,35,0.00035,72,0.00072
-50,37,3,100000,27,0.00027,62,0.00062
-50,37,4,100000,32,0.00032,62,0.00062
-50,37,5,100000,25,0.00025,59,0.00059
-50,38,0,100000,30,0.0003,62,0.00062
-50,38,1,100000,30,0.0003,71,0.00071
-50,38,2,100000,28,0.00028,70,0.0007
-50,38,3,100000,27,0.00027,68,0.00068
-50,38,4,100000,15,0.00015,66,0.00066
-50,38,5,100000,28,0.00028,74,0.00074
-50,39,0,100000,26,0.00026,72,0.00072
-50,39,1,100000,24,0.00024,63,0.00063
-50,39,2,100000,60,0.0006,74,0.00074
-50,39,3,100000,21,0.00021,68,0.00068
-50,39,4,100000,37,0.00037,75,0.00075
-50,39,5,100000,41,0.00041,91,0.00091
-50,40,0,100000,32,0.00032,64,0.00064
-50,40,1,100000,27,0.00027,67,0.00067
-50,40,2,100000,23,0.00023,71,0.00071
-50,40,3,100000,5,5e-05,69,0.00069
-50,40,4,100000,14,0.00014,72,0.00072
-50,40,5,100000,26,0.00026,76,0.00076
-50,41,0,100000,34,0.00034,72,0.00072
-50,41,1,100000,23,0.00023,78,0.00078
-50,41,2,100000,39,0.00039,71,0.00071
-50,41,3,100000,34,0.00034,74,0.00074
-50,41,4,100000,19,0.00019,68,0.00068
-50,41,5,100000,30,0.0003,73,0.00073
-50,42,0,100000,38,0.00038,90,0.0009
-50,42,1,100000,19,0.00019,56,0.00056
-50,42,2,100000,27,0.00027,70,0.0007
-50,42,3,100000,17,0.00017,55,0.00055
-50,42,4,100000,30,0.0003,83,0.00083
-50,42,5,100000,25,0.00025,77,0.00077
-50,43,0,100000,25,0.00025,75,0.00075
-50,43,1,100000,29,0.00029,67,0.00067
-50,43,2,100000,36,0.00036,72,0.00072
-50,43,3,100000,29,0.00029,74,0.00074
-50,43,4,100000,13,0.00013,66,0.00066
-50,43,5,100000,19,0.00019,73,0.00073
-50,44,0,100000,28,0.00028,81,0.00081
-50,44,1,100000,36,0.00036,82,0.00082
-50,44,2,100000,48,0.00048,87,0.00087
-50,44,3,100000,36,0.00036,80,0.0008
-50,44,4,100000,45,0.00045,79,0.00079
-50,44,5,100000,30,0.0003,84,0.00084
-50,45,0,100000,24,0.00024,60,0.0006
-50,45,1,100000,48,0.00048,101,0.00101
-50,45,2,100000,18,0.00018,60,0.0006
-50,45,3,100000,28,0.00028,67,0.00067
-50,45,4,100000,35,0.00035,83,0.00083
-50,45,5,100000,22,0.00022,65,0.00065
-50,46,0,100000,34,0.00034,77,0.00077
-50,46,1,100000,17,0.00017,55,0.00055
-50,46,2,100000,42,0.00042,70,0.0007
-50,46,3,100000,29,0.00029,62,0.00062
-50,46,4,100000,22,0.00022,61,0.00061
-50,46,5,100000,39,0.00039,64,0.00064
-50,47,0,100000,49,0.00049,79,0.00079
-50,47,1,100000,27,0.00027,73,0.00073
-50,47,2,100000,24,0.00024,70,0.0007
-50,47,3,100000,45,0.00045,71,0.00071
-50,47,4,100000,16,0.00016,71,0.00071
-50,47,5,100000,26,0.00026,65,0.00065
-50,48,0,100000,30,0.0003,52,0.00052
-50,48,1,100000,38,0.00038,70,0.0007
-50,48,2,100000,44,0.00044,76,0.00076
-50,48,3,100000,26,0.00026,54,0.00054
-50,48,4,100000,40,0.0004,56,0.00056
-50,48,5,100000,33,0.00033,64,0.00064
-50,49,0,100000,25,0.00025,62,0.00062
-50,49,1,100000,53,0.00053,79,0.00079
-50,49,2,100000,22,0.00022,81,0.00081
-50,49,3,100000,38,0.00038,81,0.00081
-50,49,4,100000,32,0.00032,84,0.00084
-50,49,5,100000,39,0.00039,92,0.00092
-50,50,0,100000,35,0.00035,78,0.00078
-50,50,1,100000,32,0.00032,70,0.0007
-50,50,2,100000,19,0.00019,63,0.00063
-50,50,3,100000,17,0.00017,51,0.00051
-50,50,4,100000,50,0.0005,92,0.00092
-50,50,5,100000,42,0.00042,70,0.0007
-49,-50,0,100000,17,0.00017,70,0.0007
-49,-50,1,100000,32,0.00032,85,0.00085
-49,-50,2,100000,15,0.00015,80,0.0008
-49,-50,3,100000,14,0.00014,53,0.00053
-49,-50,4,100000,39,0.00039,78,0.00078
-49,-50,5,100000,40,0.0004,72,0.00072
-49,-49,0,100000,38,0.00038,89,0.00089
-49,-49,1,100000,20,0.0002,65,0.00065
-49,-49,2,100000,43,0.00043,78,0.00078
-49,-49,3,100000,37,0.00037,76,0.00076
-49,-49,4,100000,63,0.00063,65,0.00065
-49,-49,5,100000,20,0.0002,65,0.00065
-49,-48,0,100000,19,0.00019,75,0.00075
-49,-48,1,100000,31,0.00031,71,0.00071
-49,-48,2,100000,29,0.00029,78,0.00078
-49,-48,3,100000,52,0.00052,65,0.00065
-49,-48,4,100000,20,0.0002,71,0.00071
-49,-48,5,100000,17,0.00017,84,0.00084
-49,-47,0,100000,39,0.00039,85,0.00085
-49,-47,1,100000,21,0.00021,56,0.00056
-49,-47,2,100000,24,0.00024,70,0.0007
-49,-47,3,100000,33,0.00033,63,0.00063
-49,-47,4,100000,16,0.00016,62,0.00062
-49,-47,5,100000,28,0.00028,93,0.00093
-49,-46,0,100000,18,0.00018,64,0.00064
-49,-46,1,100000,23,0.00023,60,0.0006
-49,-46,2,100000,26,0.00026,68,0.00068
-49,-46,3,100000,20,0.0002,77,0.00077
-49,-46,4,100000,13,0.00013,67,0.00067
-49,-46,5,100000,33,0.00033,71,0.00071
-49,-45,0,100000,33,0.00033,99,0.00099
-49,-45,1,100000,34,0.00034,81,0.00081
-49,-45,2,100000,31,0.00031,72,0.00072
-49,-45,3,100000,31,0.00031,69,0.00069
-49,-45,4,100000,56,0.00056,68,0.00068
-49,-45,5,100000,28,0.00028,77,0.00077
-49,-44,0,100000,39,0.00039,66,0.00066
-49,-44,1,100000,43,0.00043,75,0.00075
-49,-44,2,100000,29,0.00029,67,0.00067
-49,-44,3,100000,23,0.00023,76,0.00076
-49,-44,4,100000,38,0.00038,82,0.00082
-49,-44,5,100000,20,0.0002,61,0.00061
-49,-43,0,100000,26,0.00026,61,0.00061
-49,-43,1,100000,35,0.00035,70,0.0007
-49,-43,2,100000,37,0.00037,78,0.00078
-49,-43,3,100000,39,0.00039,76,0.00076
-49,-43,4,100000,14,0.00014,59,0.00059
-49,-43,5,100000,18,0.00018,68,0.00068
-49,-42,0,100000,32,0.00032,83,0.00083
-49,-42,1,100000,43,0.00043,73,0.00073
-49,-42,2,100000,26,0.00026,68,0.00068
-49,-42,3,100000,33,0.00033,72,0.00072
-49,-42,4,100000,32,0.00032,84,0.00084
-49,-42,5,100000,26,0.00026,84,0.00084
-49,-41,0,100000,22,0.00022,77,0.00077
-49,-41,1,100000,39,0.00039,92,0.00092
-49,-41,2,100000,25,0.00025,84,0.00084
-49,-41,3,100000,14,0.00014,69,0.00069
-49,-41,4,100000,36,0.00036,74,0.00074
-49,-41,5,100000,42,0.00042,69,0.00069
-49,-40,0,100000,28,0.00028,90,0.0009
-49,-40,1,100000,47,0.00047,81,0.00081
-49,-40,2,100000,38,0.00038,79,0.00079
-49,-40,3,100000,31,0.00031,77,0.00077
-49,-40,4,100000,16,0.00016,83,0.00083
-49,-40,5,100000,19,0.00019,81,0.00081
-49,-39,0,100000,46,0.00046,66,0.00066
-49,-39,1,100000,39,0.00039,87,0.00087
-49,-39,2,100000,17,0.00017,56,0.00056
-49,-39,3,100000,34,0.00034,83,0.00083
-49,-39,4,100000,59,0.00059,77,0.00077
-49,-39,5,100000,28,0.00028,83,0.00083
-49,-38,0,100000,30,0.0003,82,0.00082
-49,-38,1,100000,21,0.00021,63,0.00063
-49,-38,2,100000,24,0.00024,61,0.00061
-49,-38,3,100000,35,0.00035,76,0.00076
-49,-38,4,100000,23,0.00023,85,0.00085
-49,-38,5,100000,25,0.00025,61,0.00061
-49,-37,0,100000,30,0.0003,72,0.00072
-49,-37,1,100000,21,0.00021,55,0.00055
-49,-37,2,100000,21,0.00021,67,0.00067
-49,-37,3,100000,43,0.00043,68,0.00068
-49,-37,4,100000,40,0.0004,87,0.00087
-49,-37,5,100000,34,0.00034,72,0.00072
-49,-36,0,100000,44,0.00044,63,0.00063
-49,-36,1,100000,40,0.0004,74,0.00074
-49,-36,2,100000,48,0.00048,77,0.00077
-49,-36,3,100000,10,0.0001,73,0.00073
-49,-36,4,100000,53,0.00053,66,0.00066
-49,-36,5,100000,13,0.00013,70,0.0007
-49,-35,0,100000,27,0.00027,64,0.00064
-49,-35,1,100000,23,0.00023,79,0.00079
-49,-35,2,100000,30,0.0003,87,0.00087
-49,-35,3,100000,31,0.00031,67,0.00067
-49,-35,4,100000,37,0.00037,68,0.00068
-49,-35,5,100000,42,0.00042,89,0.00089
-49,-34,0,100000,22,0.00022,78,0.00078
-49,-34,1,100000,26,0.00026,75,0.00075
-49,-34,2,100000,36,0.00036,85,0.00085
-49,-34,3,100000,17,0.00017,76,0.00076
-49,-34,4,100000,23,0.00023,74,0.00074
-49,-34,5,100000,35,0.00035,89,0.00089
-49,-33,0,100000,36,0.00036,73,0.00073
-49,-33,1,100000,37,0.00037,86,0.00086
-49,-33,2,100000,51,0.00051,72,0.00072
-49,-33,3,100000,36,0.00036,77,0.00077
-49,-33,4,100000,20,0.0002,62,0.00062
-49,-33,5,100000,35,0.00035,69,0.00069
-49,-32,0,100000,27,0.00027,73,0.00073
-49,-32,1,100000,36,0.00036,76,0.00076
-49,-32,2,100000,29,0.00029,82,0.00082
-49,-32,3,100000,56,0.00056,86,0.00086
-49,-32,4,100000,27,0.00027,68,0.00068
-49,-32,5,100000,16,0.00016,62,0.00062
-49,-31,0,100000,20,0.0002,60,0.0006
-49,-31,1,100000,23,0.00023,84,0.00084
-49,-31,2,100000,31,0.00031,73,0.00073
-49,-31,3,100000,33,0.00033,77,0.00077
-49,-31,4,100000,32,0.00032,71,0.00071
-49,-31,5,100000,41,0.00041,82,0.00082
-49,-30,0,100000,24,0.00024,75,0.00075
-49,-30,1,100000,35,0.00035,69,0.00069
-49,-30,2,100000,52,0.00052,91,0.00091
-49,-30,3,100000,20,0.0002,75,0.00075
-49,-30,4,100000,31,0.00031,65,0.00065
-49,-30,5,100000,28,0.00028,73,0.00073
-49,-29,0,100000,27,0.00027,66,0.00066
-49,-29,1,100000,19,0.00019,56,0.00056
-49,-29,2,100000,24,0.00024,75,0.00075
-49,-29,3,100000,21,0.00021,74,0.00074
-49,-29,4,100000,30,0.0003,80,0.0008
-49,-29,5,100000,44,0.00044,82,0.00082
-49,-28,0,100000,33,0.00033,72,0.00072
-49,-28,1,100000,23,0.00023,52,0.00052
-49,-28,2,100000,47,0.00047,81,0.00081
-49,-28,3,100000,28,0.00028,72,0.00072
-49,-28,4,100000,19,0.00019,61,0.00061
-49,-28,5,100000,31,0.00031,75,0.00075
-49,-27,0,100000,32,0.00032,58,0.00058
-49,-27,1,100000,33,0.00033,71,0.00071
-49,-27,2,100000,23,0.00023,69,0.00069
-49,-27,3,100000,26,0.00026,66,0.00066
-49,-27,4,100000,36,0.00036,84,0.00084
-49,-27,5,100000,24,0.00024,76,0.00076
-49,-26,0,100000,35,0.00035,68,0.00068
-49,-26,1,100000,51,0.00051,63,0.00063
-49,-26,2,100000,35,0.00035,93,0.00093
-49,-26,3,100000,40,0.0004,86,0.00086
-49,-26,4,100000,26,0.00026,72,0.00072
-49,-26,5,100000,27,0.00027,67,0.00067
-49,-25,0,100000,36,0.00036,73,0.00073
-49,-25,1,100000,43,0.00043,93,0.00093
-49,-25,2,100000,39,0.00039,73,0.00073
-49,-25,3,100000,31,0.00031,64,0.00064
-49,-25,4,100000,34,0.00034,68,0.00068
-49,-25,5,100000,45,0.00045,72,0.00072
-49,-24,0,100000,21,0.00021,61,0.00061
-49,-24,1,100000,37,0.00037,86,0.00086
-49,-24,2,100000,37,0.00037,69,0.00069
-49,-24,3,100000,29,0.00029,70,0.0007
-49,-24,4,100000,19,0.00019,53,0.00053
-49,-24,5,100000,24,0.00024,74,0.00074
-49,-23,0,100000,34,0.00034,86,0.00086
-49,-23,1,100000,53,0.00053,87,0.00087
-49,-23,2,100000,50,0.0005,83,0.00083
-49,-23,3,100000,41,0.00041,70,0.0007
-49,-23,4,100000,61,0.00061,64,0.00064
-49,-23,5,100000,22,0.00022,70,0.0007
-49,-22,0,100000,34,0.00034,72,0.00072
-49,-22,1,100000,26,0.00026,61,0.00061
-49,-22,2,100000,38,0.00038,67,0.00067
-49,-22,3,100000,29,0.00029,59,0.00059
-49,-22,4,100000,40,0.0004,94,0.00094
-49,-22,5,100000,26,0.00026,68,0.00068
-49,-21,0,100000,27,0.00027,72,0.00072
-49,-21,1,100000,18,0.00018,67,0.00067
-49,-21,2,100000,38,0.00038,69,0.00069
-49,-21,3,100000,40,0.0004,74,0.00074
-49,-21,4,100000,24,0.00024,65,0.00065
-49,-21,5,100000,21,0.00021,63,0.00063
-49,-20,0,100000,41,0.00041,90,0.0009
-49,-20,1,100000,31,0.00031,66,0.00066
-49,-20,2,100000,14,0.00014,65,0.00065
-49,-20,3,100000,19,0.00019,63,0.00063
-49,-20,4,100000,25,0.00025,66,0.00066
-49,-20,5,100000,21,0.00021,65,0.00065
-49,-19,0,100000,30,0.0003,70,0.0007
-49,-19,1,100000,29,0.00029,82,0.00082
-49,-19,2,100000,37,0.00037,88,0.00088
-49,-19,3,100000,34,0.00034,84,0.00084
-49,-19,4,100000,15,0.00015,70,0.0007
-49,-19,5,100000,30,0.0003,62,0.00062
-49,-18,0,100000,31,0.00031,70,0.0007
-49,-18,1,100000,17,0.00017,59,0.00059
-49,-18,2,100000,30,0.0003,71,0.00071
-49,-18,3,100000,32,0.00032,79,0.00079
-49,-18,4,100000,32,0.00032,59,0.00059
-49,-18,5,100000,38,0.00038,76,0.00076
-49,-17,0,100000,20,0.0002,79,0.00079
-49,-17,1,100000,23,0.00023,62,0.00062
-49,-17,2,100000,32,0.00032,70,0.0007
-49,-17,3,100000,27,0.00027,80,0.0008
-49,-17,4,100000,46,0.00046,90,0.0009
-49,-17,5,100000,38,0.00038,77,0.00077
-49,-16,0,100000,28,0.00028,63,0.00063
-49,-16,1,100000,55,0.00055,88,0.00088
-49,-16,2,100000,32,0.00032,80,0.0008
-49,-16,3,100000,33,0.00033,73,0.00073
-49,-16,4,100000,30,0.0003,76,0.00076
-49,-16,5,100000,38,0.00038,75,0.00075
-49,-15,0,100000,28,0.00028,73,0.00073
-49,-15,1,100000,30,0.0003,71,0.00071
-49,-15,2,100000,38,0.00038,77,0.00077
-49,-15,3,100000,39,0.00039,78,0.00078
-49,-15,4,100000,24,0.00024,65,0.00065
-49,-15,5,100000,25,0.00025,75,0.00075
-49,-14,0,100000,29,0.00029,77,0.00077
-49,-14,1,100000,46,0.00046,83,0.00083
-49,-14,2,100000,23,0.00023,74,0.00074
-49,-14,3,100000,34,0.00034,72,0.00072
-49,-14,4,100000,39,0.00039,76,0.00076
-49,-14,5,100000,26,0.00026,77,0.00077
-49,-13,0,100000,32,0.00032,70,0.0007
-49,-13,1,100000,21,0.00021,71,0.00071
-49,-13,2,100000,30,0.0003,69,0.00069
-49,-13,3,100000,25,0.00025,78,0.00078
-49,-13,4,100000,34,0.00034,78,0.00078
-49,-13,5,100000,20,0.0002,65,0.00065
-49,-12,0,100000,18,0.00018,87,0.00087
-49,-12,1,100000,30,0.0003,69,0.00069
-49,-12,2,100000,26,0.00026,62,0.00062
-49,-12,3,100000,38,0.00038,77,0.00077
-49,-12,4,100000,32,0.00032,67,0.00067
-49,-12,5,100000,39,0.00039,67,0.00067
-49,-11,0,100000,32,0.00032,85,0.00085
-49,-11,1,100000,32,0.00032,64,0.00064
-49,-11,2,100000,15,0.00015,58,0.00058
-49,-11,3,100000,19,0.00019,64,0.00064
-49,-11,4,100000,28,0.00028,62,0.00062
-49,-11,5,100000,18,0.00018,70,0.0007
-49,-10,0,100000,12,0.00012,61,0.00061
-49,-10,1,100000,17,0.00017,51,0.00051
-49,-10,2,100000,17,0.00017,56,0.00056
-49,-10,3,100000,16,0.00016,77,0.00077
-49,-10,4,100000,36,0.00036,64,0.00064
-49,-10,5,100000,26,0.00026,63,0.00063
-49,-9,0,100000,24,0.00024,69,0.00069
-49,-9,1,100000,31,0.00031,69,0.00069
-49,-9,2,100000,28,0.00028,63,0.00063
-49,-9,3,100000,19,0.00019,58,0.00058
-49,-9,4,100000,28,0.00028,74,0.00074
-49,-9,5,100000,32,0.00032,63,0.00063
-49,-8,0,100000,37,0.00037,84,0.00084
-49,-8,1,100000,33,0.00033,67,0.00067
-49,-8,2,100000,27,0.00027,80,0.0008
-49,-8,3,100000,7,7e-05,57,0.00057
-49,-8,4,100000,36,0.00036,81,0.00081
-49,-8,5,100000,27,0.00027,76,0.00076
-49,-7,0,100000,30,0.0003,58,0.00058
-49,-7,1,100000,21,0.00021,67,0.00067
-49,-7,2,100000,28,0.00028,66,0.00066
-49,-7,3,100000,33,0.00033,87,0.00087
-49,-7,4,100000,20,0.0002,79,0.00079
-49,-7,5,100000,17,0.00017,67,0.00067
-49,-6,0,100000,43,0.00043,67,0.00067
-49,-6,1,100000,31,0.00031,68,0.00068
-49,-6,2,100000,23,0.00023,62,0.00062
-49,-6,3,100000,28,0.00028,77,0.00077
-49,-6,4,100000,19,0.00019,68,0.00068
-49,-6,5,100000,31,0.00031,74,0.00074
-49,-5,0,100000,24,0.00024,73,0.00073
-49,-5,1,100000,29,0.00029,71,0.00071
-49,-5,2,100000,18,0.00018,62,0.00062
-49,-5,3,100000,21,0.00021,62,0.00062
-49,-5,4,100000,26,0.00026,65,0.00065
-49,-5,5,100000,61,0.00061,91,0.00091
-49,-4,0,100000,35,0.00035,83,0.00083
-49,-4,1,100000,40,0.0004,89,0.00089
-49,-4,2,100000,25,0.00025,67,0.00067
-49,-4,3,100000,7,7e-05,59,0.00059
-49,-4,4,100000,46,0.00046,64,0.00064
-49,-4,5,100000,29,0.00029,77,0.00077
-49,-3,0,100000,23,0.00023,55,0.00055
-49,-3,1,100000,14,0.00014,66,0.00066
-49,-3,2,100000,28,0.00028,74,0.00074
-49,-3,3,100000,33,0.00033,75,0.00075
-49,-3,4,100000,31,0.00031,77,0.00077
-49,-3,5,100000,54,0.00054,84,0.00084
-49,-2,0,100000,36,0.00036,58,0.00058
-49,-2,1,100000,16,0.00016,67,0.00067
-49,-2,2,100000,33,0.00033,76,0.00076
-49,-2,3,100000,31,0.00031,77,0.00077
-49,-2,4,100000,34,0.00034,75,0.00075
-49,-2,5,100000,41,0.00041,82,0.00082
-49,-1,0,100000,36,0.00036,68,0.00068
-49,-1,1,100000,35,0.00035,90,0.0009
-49,-1,2,100000,41,0.00041,82,0.00082
-49,-1,3,100000,24,0.00024,68,0.00068
-49,-1,4,100000,21,0.00021,65,0.00065
-49,-1,5,100000,42,0.00042,93,0.00093
-49,0,0,100000,26,0.00026,66,0.00066
-49,0,1,100000,30,0.0003,74,0.00074
-49,0,2,100000,50,0.0005,77,0.00077
-49,0,3,100000,48,0.00048,85,0.00085
-49,0,4,100000,45,0.00045,84,0.00084
-49,0,5,100000,26,0.00026,79,0.00079
-49,1,0,100000,26,0.00026,83,0.00083
-49,1,1,100000,18,0.00018,76,0.00076
-49,1,2,100000,31,0.00031,67,0.00067
-49,1,3,100000,35,0.00035,69,0.00069
-49,1,4,100000,27,0.00027,62,0.00062
-49,1,5,100000,25,0.00025,69,0.00069
-49,2,0,100000,36,0.00036,91,0.00091
-49,2,1,100000,35,0.00035,83,0.00083
-49,2,2,100000,41,0.00041,79,0.00079
-49,2,3,100000,25,0.00025,77,0.00077
-49,2,4,100000,23,0.00023,60,0.0006
-49,2,5,100000,30,0.0003,74,0.00074
-49,3,0,100000,52,0.00052,63,0.00063
-49,3,1,100000,34,0.00034,67,0.00067
-49,3,2,100000,38,0.00038,70,0.0007
-49,3,3,100000,26,0.00026,75,0.00075
-49,3,4,100000,24,0.00024,68,0.00068
-49,3,5,100000,24,0.00024,62,0.00062
-49,4,0,100000,34,0.00034,69,0.00069
-49,4,1,100000,23,0.00023,53,0.00053
-49,4,2,100000,38,0.00038,77,0.00077
-49,4,3,100000,28,0.00028,66,0.00066
-49,4,4,100000,11,0.00011,45,0.00045
-49,4,5,100000,25,0.00025,68,0.00068
-49,5,0,100000,36,0.00036,73,0.00073
-49,5,1,100000,36,0.00036,75,0.00075
-49,5,2,100000,19,0.00019,52,0.00052
-49,5,3,100000,36,0.00036,84,0.00084
-49,5,4,100000,31,0.00031,75,0.00075
-49,5,5,100000,33,0.00033,79,0.00079
-49,6,0,100000,34,0.00034,82,0.00082
-49,6,1,100000,27,0.00027,79,0.00079
-49,6,2,100000,24,0.00024,55,0.00055
-49,6,3,100000,29,0.00029,80,0.0008
-49,6,4,100000,43,0.00043,85,0.00085
-49,6,5,100000,23,0.00023,73,0.00073
-49,7,0,100000,49,0.00049,90,0.0009
-49,7,1,100000,33,0.00033,56,0.00056
-49,7,2,100000,28,0.00028,64,0.00064
-49,7,3,100000,27,0.00027,82,0.00082
-49,7,4,100000,22,0.00022,76,0.00076
-49,7,5,100000,29,0.00029,77,0.00077
-49,8,0,100000,44,0.00044,84,0.00084
-49,8,1,100000,30,0.0003,79,0.00079
-49,8,2,100000,32,0.00032,85,0.00085
-49,8,3,100000,23,0.00023,67,0.00067
-49,8,4,100000,59,0.00059,67,0.00067
-49,8,5,100000,33,0.00033,78,0.00078
-49,9,0,100000,49,0.00049,90,0.0009
-49,9,1,100000,53,0.00053,82,0.00082
-49,9,2,100000,26,0.00026,72,0.00072
-49,9,3,100000,28,0.00028,67,0.00067
-49,9,4,100000,40,0.0004,78,0.00078
-49,9,5,100000,43,0.00043,65,0.00065
-49,10,0,100000,25,0.00025,71,0.00071
-49,10,1,100000,20,0.0002,79,0.00079
-49,10,2,100000,29,0.00029,71,0.00071
-49,10,3,100000,47,0.00047,81,0.00081
-49,10,4,100000,15,0.00015,68,0.00068
-49,10,5,100000,23,0.00023,64,0.00064
-49,11,0,100000,4,4e-05,60,0.0006
-49,11,1,100000,7,7e-05,48,0.00048
-49,11,2,100000,40,0.0004,82,0.00082
-49,11,3,100000,12,0.00012,67,0.00067
-49,11,4,100000,38,0.00038,75,0.00075
-49,11,5,100000,34,0.00034,69,0.00069
-49,12,0,100000,31,0.00031,83,0.00083
-49,12,1,100000,29,0.00029,70,0.0007
-49,12,2,100000,42,0.00042,54,0.00054
-49,12,3,100000,25,0.00025,73,0.00073
-49,12,4,100000,41,0.00041,94,0.00094
-49,12,5,100000,43,0.00043,73,0.00073
-49,13,0,100000,54,0.00054,77,0.00077
-49,13,1,100000,39,0.00039,73,0.00073
-49,13,2,100000,12,0.00012,66,0.00066
-49,13,3,100000,28,0.00028,66,0.00066
-49,13,4,100000,34,0.00034,74,0.00074
-49,13,5,100000,27,0.00027,81,0.00081
-49,14,0,100000,24,0.00024,76,0.00076
-49,14,1,100000,31,0.00031,73,0.00073
-49,14,2,100000,38,0.00038,77,0.00077
-49,14,3,100000,49,0.00049,76,0.00076
-49,14,4,100000,22,0.00022,64,0.00064
-49,14,5,100000,26,0.00026,69,0.00069
-49,15,0,100000,30,0.0003,85,0.00085
-49,15,1,100000,28,0.00028,88,0.00088
-49,15,2,100000,29,0.00029,71,0.00071
-49,15,3,100000,23,0.00023,72,0.00072
-49,15,4,100000,24,0.00024,57,0.00057
-49,15,5,100000,36,0.00036,81,0.00081
-49,16,0,100000,38,0.00038,82,0.00082
-49,16,1,100000,22,0.00022,59,0.00059
-49,16,2,100000,25,0.00025,65,0.00065
-49,16,3,100000,34,0.00034,80,0.0008
-49,16,4,100000,14,0.00014,79,0.00079
-49,16,5,100000,24,0.00024,68,0.00068
-49,17,0,100000,72,0.00072,82,0.00082
-49,17,1,100000,11,0.00011,67,0.00067
-49,17,2,100000,27,0.00027,70,0.0007
-49,17,3,100000,39,0.00039,78,0.00078
-49,17,4,100000,29,0.00029,65,0.00065
-49,17,5,100000,38,0.00038,78,0.00078
-49,18,0,100000,26,0.00026,74,0.00074
-49,18,1,100000,19,0.00019,53,0.00053
-49,18,2,100000,33,0.00033,65,0.00065
-49,18,3,100000,27,0.00027,76,0.00076
-49,18,4,100000,22,0.00022,66,0.00066
-49,18,5,100000,29,0.00029,64,0.00064
-49,19,0,100000,22,0.00022,73,0.00073
-49,19,1,100000,36,0.00036,76,0.00076
-49,19,2,100000,35,0.00035,65,0.00065
-49,19,3,100000,19,0.00019,63,0.00063
-49,19,4,100000,41,0.00041,67,0.00067
-49,19,5,100000,43,0.00043,84,0.00084
-49,20,0,100000,20,0.0002,58,0.00058
-49,20,1,100000,20,0.0002,61,0.00061
-49,20,2,100000,29,0.00029,81,0.00081
-49,20,3,100000,22,0.00022,62,0.00062
-49,20,4,100000,17,0.00017,77,0.00077
-49,20,5,100000,26,0.00026,73,0.00073
-49,21,0,100000,22,0.00022,61,0.00061
-49,21,1,100000,32,0.00032,68,0.00068
-49,21,2,100000,44,0.00044,75,0.00075
-49,21,3,100000,10,0.0001,55,0.00055
-49,21,4,100000,37,0.00037,73,0.00073
-49,21,5,100000,31,0.00031,64,0.00064
-49,22,0,100000,24,0.00024,71,0.00071
-49,22,1,100000,20,0.0002,82,0.00082
-49,22,2,100000,22,0.00022,64,0.00064
-49,22,3,100000,22,0.00022,75,0.00075
-49,22,4,100000,15,0.00015,63,0.00063
-49,22,5,100000,48,0.00048,78,0.00078
-49,23,0,100000,28,0.00028,75,0.00075
-49,23,1,100000,24,0.00024,66,0.00066
-49,23,2,100000,12,0.00012,64,0.00064
-49,23,3,100000,13,0.00013,52,0.00052
-49,23,4,100000,35,0.00035,65,0.00065
-49,23,5,100000,32,0.00032,68,0.00068
-49,24,0,100000,36,0.00036,79,0.00079
-49,24,1,100000,45,0.00045,70,0.0007
-49,24,2,100000,29,0.00029,67,0.00067
-49,24,3,100000,24,0.00024,73,0.00073
-49,24,4,100000,27,0.00027,87,0.00087
-49,24,5,100000,31,0.00031,54,0.00054
-49,25,0,100000,32,0.00032,80,0.0008
-49,25,1,100000,54,0.00054,69,0.00069
-49,25,2,100000,24,0.00024,66,0.00066
-49,25,3,100000,37,0.00037,64,0.00064
-49,25,4,100000,40,0.0004,75,0.00075
-49,25,5,100000,20,0.0002,71,0.00071
-49,26,0,100000,25,0.00025,60,0.0006
-49,26,1,100000,26,0.00026,66,0.00066
-49,26,2,100000,32,0.00032,63,0.00063
-49,26,3,100000,35,0.00035,63,0.00063
-49,26,4,100000,33,0.00033,83,0.00083
-49,26,5,100000,36,0.00036,77,0.00077
-49,27,0,100000,53,0.00053,65,0.00065
-49,27,1,100000,30,0.0003,66,0.00066
-49,27,2,100000,26,0.00026,73,0.00073
-49,27,3,100000,34,0.00034,56,0.00056
-49,27,4,100000,29,0.00029,69,0.00069
-49,27,5,100000,23,0.00023,76,0.00076
-49,28,0,100000,38,0.00038,74,0.00074
-49,28,1,100000,21,0.00021,65,0.00065
-49,28,2,100000,24,0.00024,58,0.00058
-49,28,3,100000,26,0.00026,85,0.00085
-49,28,4,100000,23,0.00023,76,0.00076
-49,28,5,100000,27,0.00027,80,0.0008
-49,29,0,100000,41,0.00041,72,0.00072
-49,29,1,100000,25,0.00025,68,0.00068
-49,29,2,100000,30,0.0003,79,0.00079
-49,29,3,100000,22,0.00022,77,0.00077
-49,29,4,100000,18,0.00018,71,0.00071
-49,29,5,100000,18,0.00018,83,0.00083
-49,30,0,100000,21,0.00021,73,0.00073
-49,30,1,100000,24,0.00024,58,0.00058
-49,30,2,100000,45,0.00045,71,0.00071
-49,30,3,100000,45,0.00045,72,0.00072
-49,30,4,100000,16,0.00016,55,0.00055
-49,30,5,100000,32,0.00032,64,0.00064
-49,31,0,100000,13,0.00013,64,0.00064
-49,31,1,100000,47,0.00047,83,0.00083
-49,31,2,100000,24,0.00024,62,0.00062
-49,31,3,100000,35,0.00035,78,0.00078
-49,31,4,100000,23,0.00023,81,0.00081
-49,31,5,100000,35,0.00035,82,0.00082
-49,32,0,100000,36,0.00036,83,0.00083
-49,32,1,100000,39,0.00039,74,0.00074
-49,32,2,100000,35,0.00035,75,0.00075
-49,32,3,100000,38,0.00038,86,0.00086
-49,32,4,100000,29,0.00029,90,0.0009
-49,32,5,100000,30,0.0003,79,0.00079
-49,33,0,100000,31,0.00031,80,0.0008
-49,33,1,100000,28,0.00028,74,0.00074
-49,33,2,100000,43,0.00043,75,0.00075
-49,33,3,100000,35,0.00035,78,0.00078
-49,33,4,100000,23,0.00023,69,0.00069
-49,33,5,100000,59,0.00059,89,0.00089
-49,34,0,100000,31,0.00031,84,0.00084
-49,34,1,100000,39,0.00039,67,0.00067
-49,34,2,100000,23,0.00023,72,0.00072
-49,34,3,100000,15,0.00015,67,0.00067
-49,34,4,100000,37,0.00037,82,0.00082
-49,34,5,100000,28,0.00028,99,0.00099
-49,35,0,100000,39,0.00039,67,0.00067
-49,35,1,100000,42,0.00042,69,0.00069
-49,35,2,100000,31,0.00031,61,0.00061
-49,35,3,100000,29,0.00029,77,0.00077
-49,35,4,100000,41,0.00041,71,0.00071
-49,35,5,100000,27,0.00027,69,0.00069
-49,36,0,100000,27,0.00027,67,0.00067
-49,36,1,100000,31,0.00031,62,0.00062
-49,36,2,100000,34,0.00034,81,0.00081
-49,36,3,100000,44,0.00044,78,0.00078
-49,36,4,100000,20,0.0002,73,0.00073
-49,36,5,100000,13,0.00013,63,0.00063
-49,37,0,100000,40,0.0004,87,0.00087
-49,37,1,100000,19,0.00019,68,0.00068
-49,37,2,100000,54,0.00054,75,0.00075
-49,37,3,100000,24,0.00024,73,0.00073
-49,37,4,100000,27,0.00027,81,0.00081
-49,37,5,100000,22,0.00022,80,0.0008
-49,38,0,100000,22,0.00022,76,0.00076
-49,38,1,100000,26,0.00026,90,0.0009
-49,38,2,100000,29,0.00029,63,0.00063
-49,38,3,100000,38,0.00038,81,0.00081
-49,38,4,100000,40,0.0004,79,0.00079
-49,38,5,100000,32,0.00032,72,0.00072
-49,39,0,100000,24,0.00024,67,0.00067
-49,39,1,100000,19,0.00019,66,0.00066
-49,39,2,100000,30,0.0003,69,0.00069
-49,39,3,100000,32,0.00032,75,0.00075
-49,39,4,100000,34,0.00034,67,0.00067
-49,39,5,100000,15,0.00015,63,0.00063
-49,40,0,100000,39,0.00039,68,0.00068
-49,40,1,100000,14,0.00014,74,0.00074
-49,40,2,100000,55,0.00055,75,0.00075
-49,40,3,100000,30,0.0003,74,0.00074
-49,40,4,100000,27,0.00027,65,0.00065
-49,40,5,100000,48,0.00048,61,0.00061
-49,41,0,100000,37,0.00037,69,0.00069
-49,41,1,100000,32,0.00032,70,0.0007
-49,41,2,100000,24,0.00024,75,0.00075
-49,41,3,100000,15,0.00015,72,0.00072
-49,41,4,100000,26,0.00026,71,0.00071
-49,41,5,100000,30,0.0003,84,0.00084
-49,42,0,100000,41,0.00041,84,0.00084
-49,42,1,100000,33,0.00033,82,0.00082
-49,42,2,100000,43,0.00043,82,0.00082
-49,42,3,100000,45,0.00045,67,0.00067
-49,42,4,100000,40,0.0004,59,0.00059
-49,42,5,100000,29,0.00029,76,0.00076
-49,43,0,100000,27,0.00027,69,0.00069
-49,43,1,100000,27,0.00027,70,0.0007
-49,43,2,100000,20,0.0002,72,0.00072
-49,43,3,100000,39,0.00039,61,0.00061
-49,43,4,100000,36,0.00036,74,0.00074
-49,43,5,100000,32,0.00032,89,0.00089
-49,44,0,100000,24,0.00024,75,0.00075
-49,44,1,100000,33,0.00033,62,0.00062
-49,44,2,100000,25,0.00025,94,0.00094
-49,44,3,100000,50,0.0005,79,0.00079
-49,44,4,100000,32,0.00032,61,0.00061
-49,44,5,100000,25,0.00025,66,0.00066
-49,45,0,100000,17,0.00017,63,0.00063
-49,45,1,100000,27,0.00027,69,0.00069
-49,45,2,100000,40,0.0004,61,0.00061
-49,45,3,100000,22,0.00022,67,0.00067
-49,45,4,100000,21,0.00021,72,0.00072
-49,45,5,100000,24,0.00024,78,0.00078
-49,46,0,100000,32,0.00032,75,0.00075
-49,46,1,100000,34,0.00034,78,0.00078
-49,46,2,100000,40,0.0004,76,0.00076
-49,46,3,100000,24,0.00024,60,0.0006
-49,46,4,100000,32,0.00032,65,0.00065
-49,46,5,100000,25,0.00025,58,0.00058
-49,47,0,100000,29,0.00029,67,0.00067
-49,47,1,100000,20,0.0002,68,0.00068
-49,47,2,100000,28,0.00028,73,0.00073
-49,47,3,100000,55,0.00055,84,0.00084
-49,47,4,100000,30,0.0003,78,0.00078
-49,47,5,100000,49,0.00049,87,0.00087
-49,48,0,100000,34,0.00034,82,0.00082
-49,48,1,100000,36,0.00036,69,0.00069
-49,48,2,100000,37,0.00037,70,0.0007
-49,48,3,100000,10,0.0001,60,0.0006
-49,48,4,100000,34,0.00034,77,0.00077
-49,48,5,100000,31,0.00031,73,0.00073
-49,49,0,100000,19,0.00019,57,0.00057
-49,49,1,100000,14,0.00014,65,0.00065
-49,49,2,100000,31,0.00031,60,0.0006
-49,49,3,100000,23,0.00023,65,0.00065
-49,49,4,100000,21,0.00021,69,0.00069
-49,49,5,100000,59,0.00059,91,0.00091
-49,50,0,100000,22,0.00022,54,0.00054
-49,50,1,100000,38,0.00038,76,0.00076
-49,50,2,100000,24,0.00024,78,0.00078
-49,50,3,100000,19,0.00019,65,0.00065
-49,50,4,100000,38,0.00038,54,0.00054
-49,50,5,100000,32,0.00032,71,0.00071
-48,-50,0,100000,36,0.00036,70,0.0007
-48,-50,1,100000,23,0.00023,72,0.00072
-48,-50,2,100000,31,0.00031,76,0.00076
-48,-50,3,100000,33,0.00033,66,0.00066
-48,-50,4,100000,31,0.00031,75,0.00075
-48,-50,5,100000,43,0.00043,76,0.00076
-48,-49,0,100000,27,0.00027,60,0.0006
-48,-49,1,100000,45,0.00045,78,0.00078
-48,-49,2,100000,38,0.00038,80,0.0008
-48,-49,3,100000,25,0.00025,62,0.00062
-48,-49,4,100000,40,0.0004,67,0.00067
-48,-49,5,100000,24,0.00024,69,0.00069
-48,-48,0,100000,24,0.00024,67,0.00067
-48,-48,1,100000,40,0.0004,67,0.00067
-48,-48,2,100000,32,0.00032,72,0.00072
-48,-48,3,100000,28,0.00028,79,0.00079
-48,-48,4,100000,32,0.00032,77,0.00077
-48,-48,5,100000,25,0.00025,77,0.00077
-48,-47,0,100000,18,0.00018,57,0.00057
-48,-47,1,100000,19,0.00019,69,0.00069
-48,-47,2,100000,19,0.00019,66,0.00066
-48,-47,3,100000,32,0.00032,67,0.00067
-48,-47,4,100000,20,0.0002,66,0.00066
-48,-47,5,100000,44,0.00044,75,0.00075
-48,-46,0,100000,29,0.00029,73,0.00073
-48,-46,1,100000,22,0.00022,74,0.00074
-48,-46,2,100000,32,0.00032,76,0.00076
-48,-46,3,100000,40,0.0004,85,0.00085
-48,-46,4,100000,36,0.00036,83,0.00083
-48,-46,5,100000,36,0.00036,88,0.00088
-48,-45,0,100000,30,0.0003,86,0.00086
-48,-45,1,100000,20,0.0002,74,0.00074
-48,-45,2,100000,44,0.00044,89,0.00089
-48,-45,3,100000,31,0.00031,62,0.00062
-48,-45,4,100000,21,0.00021,73,0.00073
-48,-45,5,100000,27,0.00027,66,0.00066
-48,-44,0,100000,19,0.00019,84,0.00084
-48,-44,1,100000,41,0.00041,81,0.00081
-48,-44,2,100000,33,0.00033,83,0.00083
-48,-44,3,100000,12,0.00012,65,0.00065
-48,-44,4,100000,23,0.00023,71,0.00071
-48,-44,5,100000,35,0.00035,79,0.00079
-48,-43,0,100000,32,0.00032,64,0.00064
-48,-43,1,100000,34,0.00034,75,0.00075
-48,-43,2,100000,30,0.0003,73,0.00073
-48,-43,3,100000,29,0.00029,74,0.00074
-48,-43,4,100000,19,0.00019,57,0.00057
-48,-43,5,100000,32,0.00032,67,0.00067
-48,-42,0,100000,30,0.0003,77,0.00077
-48,-42,1,100000,22,0.00022,75,0.00075
-48,-42,2,100000,27,0.00027,58,0.00058
-48,-42,3,100000,40,0.0004,75,0.00075
-48,-42,4,100000,13,0.00013,59,0.00059
-48,-42,5,100000,39,0.00039,69,0.00069
-48,-41,0,100000,39,0.00039,89,0.00089
-48,-41,1,100000,18,0.00018,77,0.00077
-48,-41,2,100000,18,0.00018,81,0.00081
-48,-41,3,100000,23,0.00023,65,0.00065
-48,-41,4,100000,49,0.00049,83,0.00083
-48,-41,5,100000,47,0.00047,66,0.00066
-48,-40,0,100000,22,0.00022,83,0.00083
-48,-40,1,100000,29,0.00029,58,0.00058
-48,-40,2,100000,28,0.00028,74,0.00074
-48,-40,3,100000,34,0.00034,68,0.00068
-48,-40,4,100000,13,0.00013,57,0.00057
-48,-40,5,100000,25,0.00025,64,0.00064
-48,-39,0,100000,41,0.00041,71,0.00071
-48,-39,1,100000,26,0.00026,75,0.00075
-48,-39,2,100000,46,0.00046,86,0.00086
-48,-39,3,100000,22,0.00022,74,0.00074
-48,-39,4,100000,20,0.0002,81,0.00081
-48,-39,5,100000,24,0.00024,67,0.00067
-48,-38,0,100000,29,0.00029,77,0.00077
-48,-38,1,100000,36,0.00036,65,0.00065
-48,-38,2,100000,23,0.00023,76,0.00076
-48,-38,3,100000,30,0.0003,66,0.00066
-48,-38,4,100000,31,0.00031,63,0.00063
-48,-38,5,100000,41,0.00041,72,0.00072
-48,-37,0,100000,40,0.0004,62,0.00062
-48,-37,1,100000,32,0.00032,72,0.00072
-48,-37,2,100000,54,0.00054,91,0.00091
-48,-37,3,100000,33,0.00033,69,0.00069
-48,-37,4,100000,15,0.00015,72,0.00072
-48,-37,5,100000,16,0.00016,65,0.00065
-48,-36,0,100000,22,0.00022,68,0.00068
-48,-36,1,100000,53,0.00053,86,0.00086
-48,-36,2,100000,38,0.00038,87,0.00087
-48,-36,3,100000,33,0.00033,66,0.00066
-48,-36,4,100000,32,0.00032,62,0.00062
-48,-36,5,100000,26,0.00026,78,0.00078
-48,-35,0,100000,17,0.00017,71,0.00071
-48,-35,1,100000,33,0.00033,69,0.00069
-48,-35,2,100000,37,0.00037,84,0.00084
-48,-35,3,100000,23,0.00023,72,0.00072
-48,-35,4,100000,28,0.00028,78,0.00078
-48,-35,5,100000,28,0.00028,81,0.00081
-48,-34,0,100000,34,0.00034,68,0.00068
-48,-34,1,100000,31,0.00031,71,0.00071
-48,-34,2,100000,30,0.0003,68,0.00068
-48,-34,3,100000,35,0.00035,82,0.00082
-48,-34,4,100000,31,0.00031,80,0.0008
-48,-34,5,100000,28,0.00028,66,0.00066
-48,-33,0,100000,27,0.00027,81,0.00081
-48,-33,1,100000,30,0.0003,64,0.00064
-48,-33,2,100000,35,0.00035,69,0.00069
-48,-33,3,100000,23,0.00023,73,0.00073
-48,-33,4,100000,32,0.00032,88,0.00088
-48,-33,5,100000,48,0.00048,60,0.0006
-48,-32,0,100000,33,0.00033,77,0.00077
-48,-32,1,100000,28,0.00028,71,0.00071
-48,-32,2,100000,19,0.00019,72,0.00072
-48,-32,3,100000,28,0.00028,88,0.00088
-48,-32,4,100000,29,0.00029,62,0.00062
-48,-32,5,100000,17,0.00017,62,0.00062
-48,-31,0,100000,25,0.00025,59,0.00059
-48,-31,1,100000,27,0.00027,63,0.00063
-48,-31,2,100000,50,0.0005,88,0.00088
-48,-31,3,100000,31,0.00031,76,0.00076
-48,-31,4,100000,17,0.00017,61,0.00061
-48,-31,5,100000,13,0.00013,62,0.00062
-48,-30,0,100000,43,0.00043,88,0.00088
-48,-30,1,100000,38,0.00038,71,0.00071
-48,-30,2,100000,21,0.00021,73,0.00073
-48,-30,3,100000,44,0.00044,90,0.0009
-48,-30,4,100000,45,0.00045,91,0.00091
-48,-30,5,100000,39,0.00039,94,0.00094
-48,-29,0,100000,22,0.00022,76,0.00076
-48,-29,1,100000,28,0.00028,69,0.00069
-48,-29,2,100000,37,0.00037,75,0.00075
-48,-29,3,100000,40,0.0004,79,0.00079
-48,-29,4,100000,21,0.00021,67,0.00067
-48,-29,5,100000,15,0.00015,59,0.00059
-48,-28,0,100000,26,0.00026,83,0.00083
-48,-28,1,100000,35,0.00035,88,0.00088
-48,-28,2,100000,19,0.00019,69,0.00069
-48,-28,3,100000,25,0.00025,77,0.00077
-48,-28,4,100000,52,0.00052,80,0.0008
-48,-28,5,100000,25,0.00025,63,0.00063
-48,-27,0,100000,19,0.00019,75,0.00075
-48,-27,1,100000,35,0.00035,80,0.0008
-48,-27,2,100000,27,0.00027,68,0.00068
-48,-27,3,100000,33,0.00033,70,0.0007
-48,-27,4,100000,26,0.00026,69,0.00069
-48,-27,5,100000,31,0.00031,82,0.00082
-48,-26,0,100000,36,0.00036,77,0.00077
-48,-26,1,100000,17,0.00017,61,0.00061
-48,-26,2,100000,15,0.00015,74,0.00074
-48,-26,3,100000,24,0.00024,71,0.00071
-48,-26,4,100000,29,0.00029,56,0.00056
-48,-26,5,100000,28,0.00028,57,0.00057
-48,-25,0,100000,26,0.00026,74,0.00074
-48,-25,1,100000,49,0.00049,70,0.0007
-48,-25,2,100000,33,0.00033,78,0.00078
-48,-25,3,100000,30,0.0003,73,0.00073
-48,-25,4,100000,31,0.00031,73,0.00073
-48,-25,5,100000,32,0.00032,78,0.00078
-48,-24,0,100000,41,0.00041,73,0.00073
-48,-24,1,100000,29,0.00029,70,0.0007
-48,-24,2,100000,49,0.00049,82,0.00082
-48,-24,3,100000,28,0.00028,78,0.00078
-48,-24,4,100000,18,0.00018,64,0.00064
-48,-24,5,100000,41,0.00041,64,0.00064
-48,-23,0,100000,44,0.00044,78,0.00078
-48,-23,1,100000,14,0.00014,68,0.00068
-48,-23,2,100000,42,0.00042,77,0.00077
-48,-23,3,100000,20,0.0002,76,0.00076
-48,-23,4,100000,22,0.00022,57,0.00057
-48,-23,5,100000,11,0.00011,56,0.00056
-48,-22,0,100000,33,0.00033,78,0.00078
-48,-22,1,100000,32,0.00032,85,0.00085
-48,-22,2,100000,34,0.00034,94,0.00094
-48,-22,3,100000,37,0.00037,63,0.00063
-48,-22,4,100000,15,0.00015,67,0.00067
-48,-22,5,100000,36,0.00036,64,0.00064
-48,-21,0,100000,23,0.00023,78,0.00078
-48,-21,1,100000,28,0.00028,77,0.00077
-48,-21,2,100000,32,0.00032,81,0.00081
-48,-21,3,100000,30,0.0003,77,0.00077
-48,-21,4,100000,27,0.00027,63,0.00063
-48,-21,5,100000,35,0.00035,77,0.00077
-48,-20,0,100000,20,0.0002,68,0.00068
-48,-20,1,100000,26,0.00026,87,0.00087
-48,-20,2,100000,32,0.00032,74,0.00074
-48,-20,3,100000,29,0.00029,72,0.00072
-48,-20,4,100000,16,0.00016,69,0.00069
-48,-20,5,100000,26,0.00026,68,0.00068
-48,-19,0,100000,22,0.00022,65,0.00065
-48,-19,1,100000,19,0.00019,62,0.00062
-48,-19,2,100000,17,0.00017,59,0.00059
-48,-19,3,100000,19,0.00019,79,0.00079
-48,-19,4,100000,26,0.00026,73,0.00073
-48,-19,5,100000,44,0.00044,74,0.00074
-48,-18,0,100000,13,0.00013,69,0.00069
-48,-18,1,100000,38,0.00038,69,0.00069
-48,-18,2,100000,13,0.00013,56,0.00056
-48,-18,3,100000,42,0.00042,90,0.0009
-48,-18,4,100000,36,0.00036,73,0.00073
-48,-18,5,100000,28,0.00028,88,0.00088
-48,-17,0,100000,27,0.00027,57,0.00057
-48,-17,1,100000,46,0.00046,90,0.0009
-48,-17,2,100000,32,0.00032,71,0.00071
-48,-17,3,100000,38,0.00038,75,0.00075
-48,-17,4,100000,37,0.00037,82,0.00082
-48,-17,5,100000,22,0.00022,75,0.00075
-48,-16,0,100000,35,0.00035,80,0.0008
-48,-16,1,100000,29,0.00029,79,0.00079
-48,-16,2,100000,20,0.0002,64,0.00064
-48,-16,3,100000,18,0.00018,63,0.00063
-48,-16,4,100000,38,0.00038,67,0.00067
-48,-16,5,100000,19,0.00019,61,0.00061
-48,-15,0,100000,28,0.00028,78,0.00078
-48,-15,1,100000,60,0.0006,77,0.00077
-48,-15,2,100000,33,0.00033,66,0.00066
-48,-15,3,100000,34,0.00034,71,0.00071
-48,-15,4,100000,22,0.00022,85,0.00085
-48,-15,5,100000,28,0.00028,60,0.0006
-48,-14,0,100000,45,0.00045,85,0.00085
-48,-14,1,100000,41,0.00041,74,0.00074
-48,-14,2,100000,31,0.00031,58,0.00058
-48,-14,3,100000,28,0.00028,76,0.00076
-48,-14,4,100000,23,0.00023,80,0.0008
-48,-14,5,100000,20,0.0002,67,0.00067
-48,-13,0,100000,30,0.0003,85,0.00085
-48,-13,1,100000,40,0.0004,74,0.00074
-48,-13,2,100000,36,0.00036,61,0.00061
-48,-13,3,100000,40,0.0004,65,0.00065
-48,-13,4,100000,30,0.0003,70,0.0007
-48,-13,5,100000,35,0.00035,95,0.00095
-48,-12,0,100000,29,0.00029,68,0.00068
-48,-12,1,100000,34,0.00034,74,0.00074
-48,-12,2,100000,19,0.00019,80,0.0008
-48,-12,3,100000,17,0.00017,64,0.00064
-48,-12,4,100000,26,0.00026,72,0.00072
-48,-12,5,100000,39,0.00039,70,0.0007
-48,-11,0,100000,10,0.0001,53,0.00053
-48,-11,1,100000,22,0.00022,70,0.0007
-48,-11,2,100000,46,0.00046,72,0.00072
-48,-11,3,100000,31,0.00031,83,0.00083
-48,-11,4,100000,52,0.00052,70,0.0007
-48,-11,5,100000,21,0.00021,62,0.00062
-48,-10,0,100000,42,0.00042,87,0.00087
-48,-10,1,100000,39,0.00039,73,0.00073
-48,-10,2,100000,36,0.00036,90,0.0009
-48,-10,3,100000,35,0.00035,84,0.00084
-48,-10,4,100000,32,0.00032,78,0.00078
-48,-10,5,100000,37,0.00037,71,0.00071
-48,-9,0,100000,34,0.00034,78,0.00078
-48,-9,1,100000,24,0.00024,58,0.00058
-48,-9,2,100000,30,0.0003,61,0.00061
-48,-9,3,100000,33,0.00033,74,0.00074
-48,-9,4,100000,22,0.00022,78,0.00078
-48,-9,5,100000,26,0.00026,77,0.00077
-48,-8,0,100000,33,0.00033,77,0.00077
-48,-8,1,100000,22,0.00022,84,0.00084
-48,-8,2,100000,20,0.0002,57,0.00057
-48,-8,3,100000,21,0.00021,59,0.00059
-48,-8,4,100000,22,0.00022,76,0.00076
-48,-8,5,100000,30,0.0003,83,0.00083
-48,-7,0,100000,15,0.00015,70,0.0007
-48,-7,1,100000,40,0.0004,99,0.00099
-48,-7,2,100000,22,0.00022,83,0.00083
-48,-7,3,100000,27,0.00027,67,0.00067
-48,-7,4,100000,28,0.00028,70,0.0007
-48,-7,5,100000,21,0.00021,73,0.00073
-48,-6,0,100000,26,0.00026,76,0.00076
-48,-6,1,100000,36,0.00036,73,0.00073
-48,-6,2,100000,26,0.00026,69,0.00069
-48,-6,3,100000,33,0.00033,78,0.00078
-48,-6,4,100000,29,0.00029,58,0.00058
-48,-6,5,100000,33,0.00033,81,0.00081
-48,-5,0,100000,54,0.00054,88,0.00088
-48,-5,1,100000,25,0.00025,72,0.00072
-48,-5,2,100000,34,0.00034,64,0.00064
-48,-5,3,100000,34,0.00034,71,0.00071
-48,-5,4,100000,17,0.00017,64,0.00064
-48,-5,5,100000,28,0.00028,62,0.00062
-48,-4,0,100000,44,0.00044,83,0.00083
-48,-4,1,100000,48,0.00048,86,0.00086
-48,-4,2,100000,29,0.00029,67,0.00067
-48,-4,3,100000,29,0.00029,70,0.0007
-48,-4,4,100000,32,0.00032,62,0.00062
-48,-4,5,100000,29,0.00029,68,0.00068
-48,-3,0,100000,26,0.00026,63,0.00063
-48,-3,1,100000,38,0.00038,80,0.0008
-48,-3,2,100000,39,0.00039,86,0.00086
-48,-3,3,100000,34,0.00034,74,0.00074
-48,-3,4,100000,23,0.00023,74,0.00074
-48,-3,5,100000,31,0.00031,90,0.0009
-48,-2,0,100000,21,0.00021,65,0.00065
-48,-2,1,100000,34,0.00034,72,0.00072
-48,-2,2,100000,25,0.00025,71,0.00071
-48,-2,3,100000,22,0.00022,68,0.00068
-48,-2,4,100000,41,0.00041,64,0.00064
-48,-2,5,100000,32,0.00032,78,0.00078
-48,-1,0,100000,31,0.00031,73,0.00073
-48,-1,1,100000,41,0.00041,77,0.00077
-48,-1,2,100000,40,0.0004,72,0.00072
-48,-1,3,100000,26,0.00026,66,0.00066
-48,-1,4,100000,22,0.00022,69,0.00069
-48,-1,5,100000,39,0.00039,72,0.00072
-48,0,0,100000,11,0.00011,69,0.00069
-48,0,1,100000,23,0.00023,51,0.00051
-48,0,2,100000,48,0.00048,73,0.00073
-48,0,3,100000,24,0.00024,76,0.00076
-48,0,4,100000,33,0.00033,56,0.00056
-48,0,5,100000,26,0.00026,60,0.0006
-48,1,0,100000,33,0.00033,67,0.00067
-48,1,1,100000,17,0.00017,59,0.00059
-48,1,2,100000,15,0.00015,65,0.00065
-48,1,3,100000,26,0.00026,74,0.00074
-48,1,4,100000,42,0.00042,69,0.00069
-48,1,5,100000,26,0.00026,72,0.00072
-48,2,0,100000,18,0.00018,65,0.00065
-48,2,1,100000,32,0.00032,73,0.00073
-48,2,2,100000,36,0.00036,64,0.00064
-48,2,3,100000,25,0.00025,67,0.00067
-48,2,4,100000,36,0.00036,62,0.00062
-48,2,5,100000,32,0.00032,90,0.0009
-48,3,0,100000,31,0.00031,59,0.00059
-48,3,1,100000,21,0.00021,88,0.00088
-48,3,2,100000,26,0.00026,68,0.00068
-48,3,3,100000,28,0.00028,81,0.00081
-48,3,4,100000,41,0.00041,65,0.00065
-48,3,5,100000,44,0.00044,67,0.00067
-48,4,0,100000,24,0.00024,66,0.00066
-48,4,1,100000,24,0.00024,77,0.00077
-48,4,2,100000,25,0.00025,65,0.00065
-48,4,3,100000,18,0.00018,68,0.00068
-48,4,4,100000,25,0.00025,69,0.00069
-48,4,5,100000,36,0.00036,81,0.00081
-48,5,0,100000,21,0.00021,61,0.00061
-48,5,1,100000,20,0.0002,73,0.00073
-48,5,2,100000,39,0.00039,84,0.00084
-48,5,3,100000,36,0.00036,70,0.0007
-48,5,4,100000,44,0.00044,82,0.00082
-48,5,5,100000,26,0.00026,60,0.0006
-48,6,0,100000,23,0.00023,67,0.00067
-48,6,1,100000,33,0.00033,79,0.00079
-48,6,2,100000,18,0.00018,66,0.00066
-48,6,3,100000,30,0.0003,70,0.0007
-48,6,4,100000,34,0.00034,70,0.0007
-48,6,5,100000,42,0.00042,88,0.00088
-48,7,0,100000,21,0.00021,76,0.00076
-48,7,1,100000,29,0.00029,77,0.00077
-48,7,2,100000,36,0.00036,72,0.00072
-48,7,3,100000,24,0.00024,65,0.00065
-48,7,4,100000,20,0.0002,63,0.00063
-48,7,5,100000,20,0.0002,59,0.00059
-48,8,0,100000,30,0.0003,72,0.00072
-48,8,1,100000,15,0.00015,74,0.00074
-48,8,2,100000,29,0.00029,79,0.00079
-48,8,3,100000,26,0.00026,63,0.00063
-48,8,4,100000,20,0.0002,51,0.00051
-48,8,5,100000,40,0.0004,79,0.00079
-48,9,0,100000,26,0.00026,57,0.00057
-48,9,1,100000,29,0.00029,70,0.0007
-48,9,2,100000,33,0.00033,77,0.00077
-48,9,3,100000,30,0.0003,76,0.00076
-48,9,4,100000,39,0.00039,79,0.00079
-48,9,5,100000,24,0.00024,69,0.00069
-48,10,0,100000,32,0.00032,79,0.00079
-48,10,1,100000,46,0.00046,71,0.00071
-48,10,2,100000,21,0.00021,75,0.00075
-48,10,3,100000,29,0.00029,66,0.00066
-48,10,4,100000,22,0.00022,78,0.00078
-48,10,5,100000,18,0.00018,67,0.00067
-48,11,0,100000,48,0.00048,72,0.00072
-48,11,1,100000,37,0.00037,81,0.00081
-48,11,2,100000,37,0.00037,84,0.00084
-48,11,3,100000,19,0.00019,73,0.00073
-48,11,4,100000,58,0.00058,92,0.00092
-48,11,5,100000,32,0.00032,71,0.00071
-48,12,0,100000,21,0.00021,63,0.00063
-48,12,1,100000,37,0.00037,66,0.00066
-48,12,2,100000,31,0.00031,70,0.0007
-48,12,3,100000,30,0.0003,77,0.00077
-48,12,4,100000,35,0.00035,72,0.00072
-48,12,5,100000,23,0.00023,63,0.00063
-48,13,0,100000,26,0.00026,68,0.00068
-48,13,1,100000,29,0.00029,83,0.00083
-48,13,2,100000,15,0.00015,71,0.00071
-48,13,3,100000,43,0.00043,75,0.00075
-48,13,4,100000,29,0.00029,79,0.00079
-48,13,5,100000,28,0.00028,73,0.00073
-48,14,0,100000,32,0.00032,69,0.00069
-48,14,1,100000,20,0.0002,77,0.00077
-48,14,2,100000,31,0.00031,73,0.00073
-48,14,3,100000,43,0.00043,58,0.00058
-48,14,4,100000,34,0.00034,65,0.00065
-48,14,5,100000,26,0.00026,81,0.00081
-48,15,0,100000,44,0.00044,76,0.00076
-48,15,1,100000,19,0.00019,62,0.00062
-48,15,2,100000,26,0.00026,67,0.00067
-48,15,3,100000,15,0.00015,65,0.00065
-48,15,4,100000,52,0.00052,98,0.00098
-48,15,5,100000,28,0.00028,68,0.00068
-48,16,0,100000,20,0.0002,55,0.00055
-48,16,1,100000,26,0.00026,98,0.00098
-48,16,2,100000,45,0.00045,65,0.00065
-48,16,3,100000,22,0.00022,81,0.00081
-48,16,4,100000,29,0.00029,70,0.0007
-48,16,5,100000,41,0.00041,69,0.00069
-48,17,0,100000,35,0.00035,74,0.00074
-48,17,1,100000,49,0.00049,79,0.00079
-48,17,2,100000,23,0.00023,61,0.00061
-48,17,3,100000,25,0.00025,65,0.00065
-48,17,4,100000,29,0.00029,75,0.00075
-48,17,5,100000,32,0.00032,74,0.00074
-48,18,0,100000,44,0.00044,70,0.0007
-48,18,1,100000,21,0.00021,61,0.00061
-48,18,2,100000,44,0.00044,72,0.00072
-48,18,3,100000,33,0.00033,68,0.00068
-48,18,4,100000,37,0.00037,75,0.00075
-48,18,5,100000,33,0.00033,76,0.00076
-48,19,0,100000,22,0.00022,78,0.00078
-48,19,1,100000,20,0.0002,81,0.00081
-48,19,2,100000,28,0.00028,86,0.00086
-48,19,3,100000,24,0.00024,64,0.00064
-48,19,4,100000,24,0.00024,69,0.00069
-48,19,5,100000,38,0.00038,75,0.00075
-48,20,0,100000,29,0.00029,72,0.00072
-48,20,1,100000,40,0.0004,75,0.00075
-48,20,2,100000,23,0.00023,68,0.00068
-48,20,3,100000,28,0.00028,86,0.00086
-48,20,4,100000,25,0.00025,77,0.00077
-48,20,5,100000,19,0.00019,62,0.00062
-48,21,0,100000,46,0.00046,84,0.00084
-48,21,1,100000,43,0.00043,78,0.00078
-48,21,2,100000,29,0.00029,78,0.00078
-48,21,3,100000,29,0.00029,70,0.0007
-48,21,4,100000,43,0.00043,75,0.00075
-48,21,5,100000,17,0.00017,70,0.0007
-48,22,0,100000,36,0.00036,62,0.00062
-48,22,1,100000,32,0.00032,70,0.0007
-48,22,2,100000,48,0.00048,70,0.0007
-48,22,3,100000,20,0.0002,78,0.00078
-48,22,4,100000,31,0.00031,76,0.00076
-48,22,5,100000,39,0.00039,69,0.00069
-48,23,0,100000,27,0.00027,62,0.00062
-48,23,1,100000,25,0.00025,76,0.00076
-48,23,2,100000,31,0.00031,79,0.00079
-48,23,3,100000,25,0.00025,71,0.00071
-48,23,4,100000,37,0.00037,67,0.00067
-48,23,5,100000,26,0.00026,81,0.00081
-48,24,0,100000,48,0.00048,83,0.00083
-48,24,1,100000,21,0.00021,67,0.00067
-48,24,2,100000,30,0.0003,82,0.00082
-48,24,3,100000,36,0.00036,74,0.00074
-48,24,4,100000,20,0.0002,68,0.00068
-48,24,5,100000,45,0.00045,76,0.00076
-48,25,0,100000,32,0.00032,88,0.00088
-48,25,1,100000,25,0.00025,63,0.00063
-48,25,2,100000,14,0.00014,59,0.00059
-48,25,3,100000,35,0.00035,79,0.00079
-48,25,4,100000,40,0.0004,60,0.0006
-48,25,5,100000,36,0.00036,71,0.00071
-48,26,0,100000,36,0.00036,71,0.00071
-48,26,1,100000,34,0.00034,79,0.00079
-48,26,2,100000,44,0.00044,89,0.00089
-48,26,3,100000,29,0.00029,65,0.00065
-48,26,4,100000,33,0.00033,93,0.00093
-48,26,5,100000,26,0.00026,84,0.00084
-48,27,0,100000,22,0.00022,66,0.00066
-48,27,1,100000,24,0.00024,64,0.00064
-48,27,2,100000,19,0.00019,69,0.00069
-48,27,3,100000,23,0.00023,65,0.00065
-48,27,4,100000,41,0.00041,74,0.00074
-48,27,5,100000,23,0.00023,64,0.00064
-48,28,0,100000,30,0.0003,61,0.00061
-48,28,1,100000,32,0.00032,60,0.0006
-48,28,2,100000,19,0.00019,65,0.00065
-48,28,3,100000,26,0.00026,78,0.00078
-48,28,4,100000,23,0.00023,69,0.00069
-48,28,5,100000,21,0.00021,56,0.00056
-48,29,0,100000,23,0.00023,72,0.00072
-48,29,1,100000,27,0.00027,91,0.00091
-48,29,2,100000,20,0.0002,53,0.00053
-48,29,3,100000,33,0.00033,84,0.00084
-48,29,4,100000,36,0.00036,67,0.00067
-48,29,5,100000,42,0.00042,75,0.00075
-48,30,0,100000,22,0.00022,73,0.00073
-48,30,1,100000,34,0.00034,75,0.00075
-48,30,2,100000,49,0.00049,80,0.0008
-48,30,3,100000,29,0.00029,76,0.00076
-48,30,4,100000,37,0.00037,83,0.00083
-48,30,5,100000,19,0.00019,64,0.00064
-48,31,0,100000,37,0.00037,86,0.00086
-48,31,1,100000,25,0.00025,78,0.00078
-48,31,2,100000,34,0.00034,79,0.00079
-48,31,3,100000,25,0.00025,62,0.00062
-48,31,4,100000,44,0.00044,81,0.00081
-48,31,5,100000,25,0.00025,77,0.00077
-48,32,0,100000,31,0.00031,66,0.00066
-48,32,1,100000,24,0.00024,54,0.00054
-48,32,2,100000,15,0.00015,64,0.00064
-48,32,3,100000,37,0.00037,65,0.00065
-48,32,4,100000,14,0.00014,65,0.00065
-48,32,5,100000,31,0.00031,69,0.00069
-48,33,0,100000,32,0.00032,63,0.00063
-48,33,1,100000,43,0.00043,79,0.00079
-48,33,2,100000,33,0.00033,80,0.0008
-48,33,3,100000,31,0.00031,65,0.00065
-48,33,4,100000,23,0.00023,71,0.00071
-48,33,5,100000,22,0.00022,72,0.00072
-48,34,0,100000,17,0.00017,61,0.00061
-48,34,1,100000,33,0.00033,66,0.00066
-48,34,2,100000,26,0.00026,60,0.0006
-48,34,3,100000,43,0.00043,62,0.00062
-48,34,4,100000,24,0.00024,77,0.00077
-48,34,5,100000,29,0.00029,82,0.00082
-48,35,0,100000,34,0.00034,69,0.00069
-48,35,1,100000,34,0.00034,64,0.00064
-48,35,2,100000,24,0.00024,78,0.00078
-48,35,3,100000,50,0.0005,71,0.00071
-48,35,4,100000,27,0.00027,75,0.00075
-48,35,5,100000,34,0.00034,65,0.00065
-48,36,0,100000,37,0.00037,77,0.00077
-48,36,1,100000,25,0.00025,82,0.00082
-48,36,2,100000,40,0.0004,79,0.00079
-48,36,3,100000,50,0.0005,85,0.00085
-48,36,4,100000,51,0.00051,68,0.00068
-48,36,5,100000,30,0.0003,73,0.00073
-48,37,0,100000,51,0.00051,74,0.00074
-48,37,1,100000,32,0.00032,77,0.00077
-48,37,2,100000,41,0.00041,69,0.00069
-48,37,3,100000,48,0.00048,92,0.00092
-48,37,4,100000,23,0.00023,66,0.00066
-48,37,5,100000,23,0.00023,73,0.00073
-48,38,0,100000,28,0.00028,79,0.00079
-48,38,1,100000,41,0.00041,78,0.00078
-48,38,2,100000,36,0.00036,66,0.00066
-48,38,3,100000,24,0.00024,73,0.00073
-48,38,4,100000,45,0.00045,104,0.00104
-48,38,5,100000,27,0.00027,77,0.00077
-48,39,0,100000,30,0.0003,68,0.00068
-48,39,1,100000,23,0.00023,66,0.00066
-48,39,2,100000,18,0.00018,74,0.00074
-48,39,3,100000,38,0.00038,81,0.00081
-48,39,4,100000,23,0.00023,75,0.00075
-48,39,5,100000,32,0.00032,70,0.0007
-48,40,0,100000,41,0.00041,67,0.00067
-48,40,1,100000,47,0.00047,73,0.00073
-48,40,2,100000,18,0.00018,76,0.00076
-48,40,3,100000,24,0.00024,61,0.00061
-48,40,4,100000,39,0.00039,76,0.00076
-48,40,5,100000,29,0.00029,71,0.00071
-48,41,0,100000,38,0.00038,87,0.00087
-48,41,1,100000,52,0.00052,89,0.00089
-48,41,2,100000,33,0.00033,82,0.00082
-48,41,3,100000,42,0.00042,79,0.00079
-48,41,4,100000,53,0.00053,85,0.00085
-48,41,5,100000,43,0.00043,86,0.00086
-48,42,0,100000,45,0.00045,89,0.00089
-48,42,1,100000,25,0.00025,86,0.00086
-48,42,2,100000,32,0.00032,72,0.00072
-48,42,3,100000,21,0.00021,68,0.00068
-48,42,4,100000,37,0.00037,87,0.00087
-48,42,5,100000,40,0.0004,79,0.00079
-48,43,0,100000,23,0.00023,64,0.00064
-48,43,1,100000,12,0.00012,63,0.00063
-48,43,2,100000,33,0.00033,71,0.00071
-48,43,3,100000,53,0.00053,90,0.0009
-48,43,4,100000,40,0.0004,75,0.00075
-48,43,5,100000,29,0.00029,67,0.00067
-48,44,0,100000,20,0.0002,63,0.00063
-48,44,1,100000,43,0.00043,77,0.00077
-48,44,2,100000,33,0.00033,81,0.00081
-48,44,3,100000,23,0.00023,75,0.00075
-48,44,4,100000,31,0.00031,72,0.00072
-48,44,5,100000,41,0.00041,81,0.00081
-48,45,0,100000,25,0.00025,70,0.0007
-48,45,1,100000,23,0.00023,79,0.00079
-48,45,2,100000,48,0.00048,72,0.00072
-48,45,3,100000,24,0.00024,67,0.00067
-48,45,4,100000,32,0.00032,67,0.00067
-48,45,5,100000,27,0.00027,64,0.00064
-48,46,0,100000,42,0.00042,74,0.00074
-48,46,1,100000,38,0.00038,67,0.00067
-48,46,2,100000,35,0.00035,72,0.00072
-48,46,3,100000,26,0.00026,76,0.00076
-48,46,4,100000,24,0.00024,62,0.00062
-48,46,5,100000,18,0.00018,60,0.0006
-48,47,0,100000,19,0.00019,72,0.00072
-48,47,1,100000,18,0.00018,70,0.0007
-48,47,2,100000,45,0.00045,70,0.0007
-48,47,3,100000,34,0.00034,81,0.00081
-48,47,4,100000,20,0.0002,64,0.00064
-48,47,5,100000,14,0.00014,60,0.0006
-48,48,0,100000,35,0.00035,78,0.00078
-48,48,1,100000,30,0.0003,73,0.00073
-48,48,2,100000,22,0.00022,68,0.00068
-48,48,3,100000,20,0.0002,84,0.00084
-48,48,4,100000,37,0.00037,69,0.00069
-48,48,5,100000,30,0.0003,67,0.00067
-48,49,0,100000,24,0.00024,76,0.00076
-48,49,1,100000,31,0.00031,80,0.0008
-48,49,2,100000,14,0.00014,71,0.00071
-48,49,3,100000,20,0.0002,66,0.00066
-48,49,4,100000,18,0.00018,64,0.00064
-48,49,5,100000,33,0.00033,72,0.00072
-48,50,0,100000,13,0.00013,66,0.00066
-48,50,1,100000,22,0.00022,62,0.00062
-48,50,2,100000,53,0.00053,79,0.00079
-48,50,3,100000,51,0.00051,77,0.00077
-48,50,4,100000,26,0.00026,62,0.00062
-48,50,5,100000,29,0.00029,69,0.00069
-47,-50,0,100000,22,0.00022,65,0.00065
-47,-50,1,100000,30,0.0003,74,0.00074
-47,-50,2,100000,25,0.00025,74,0.00074
-47,-50,3,100000,46,0.00046,71,0.00071
-47,-50,4,100000,28,0.00028,61,0.00061
-47,-50,5,100000,28,0.00028,69,0.00069
-47,-49,0,100000,26,0.00026,82,0.00082
-47,-49,1,100000,21,0.00021,67,0.00067
-47,-49,2,100000,24,0.00024,72,0.00072
-47,-49,3,100000,26,0.00026,69,0.00069
-47,-49,4,100000,22,0.00022,65,0.00065
-47,-49,5,100000,52,0.00052,77,0.00077
-47,-48,0,100000,30,0.0003,67,0.00067
-47,-48,1,100000,22,0.00022,65,0.00065
-47,-48,2,100000,33,0.00033,74,0.00074
-47,-48,3,100000,36,0.00036,75,0.00075
-47,-48,4,100000,25,0.00025,72,0.00072
-47,-48,5,100000,28,0.00028,84,0.00084
-47,-47,0,100000,32,0.00032,84,0.00084
-47,-47,1,100000,27,0.00027,68,0.00068
-47,-47,2,100000,40,0.0004,66,0.00066
-47,-47,3,100000,27,0.00027,82,0.00082
-47,-47,4,100000,16,0.00016,61,0.00061
-47,-47,5,100000,41,0.00041,77,0.00077
-47,-46,0,100000,44,0.00044,75,0.00075
-47,-46,1,100000,28,0.00028,76,0.00076
-47,-46,2,100000,25,0.00025,57,0.00057
-47,-46,3,100000,22,0.00022,71,0.00071
-47,-46,4,100000,23,0.00023,57,0.00057
-47,-46,5,100000,23,0.00023,60,0.0006
-47,-45,0,100000,48,0.00048,94,0.00094
-47,-45,1,100000,48,0.00048,83,0.00083
-47,-45,2,100000,38,0.00038,69,0.00069
-47,-45,3,100000,27,0.00027,75,0.00075
-47,-45,4,100000,27,0.00027,60,0.0006
-47,-45,5,100000,30,0.0003,68,0.00068
-47,-44,0,100000,36,0.00036,73,0.00073
-47,-44,1,100000,18,0.00018,56,0.00056
-47,-44,2,100000,26,0.00026,76,0.00076
-47,-44,3,100000,25,0.00025,65,0.00065
-47,-44,4,100000,45,0.00045,73,0.00073
-47,-44,5,100000,14,0.00014,59,0.00059
-47,-43,0,100000,26,0.00026,69,0.00069
-47,-43,1,100000,20,0.0002,68,0.00068
-47,-43,2,100000,25,0.00025,77,0.00077
-47,-43,3,100000,74,0.00074,104,0.00104
-47,-43,4,100000,39,0.00039,79,0.00079
-47,-43,5,100000,30,0.0003,59,0.00059
-47,-42,0,100000,30,0.0003,83,0.00083
-47,-42,1,100000,23,0.00023,71,0.00071
-47,-42,2,100000,49,0.00049,86,0.00086
-47,-42,3,100000,30,0.0003,76,0.00076
-47,-42,4,100000,21,0.00021,75,0.00075
-47,-42,5,100000,34,0.00034,83,0.00083
-47,-41,0,100000,31,0.00031,59,0.00059
-47,-41,1,100000,22,0.00022,93,0.00093
-47,-41,2,100000,42,0.00042,62,0.00062
-47,-41,3,100000,34,0.00034,76,0.00076
-47,-41,4,100000,14,0.00014,45,0.00045
-47,-41,5,100000,33,0.00033,69,0.00069
-47,-40,0,100000,42,0.00042,60,0.0006
-47,-40,1,100000,53,0.00053,73,0.00073
-47,-40,2,100000,16,0.00016,82,0.00082
-47,-40,3,100000,34,0.00034,76,0.00076
-47,-40,4,100000,35,0.00035,88,0.00088
-47,-40,5,100000,27,0.00027,63,0.00063
-47,-39,0,100000,28,0.00028,66,0.00066
-47,-39,1,100000,42,0.00042,80,0.0008
-47,-39,2,100000,33,0.00033,75,0.00075
-47,-39,3,100000,30,0.0003,78,0.00078
-47,-39,4,100000,20,0.0002,73,0.00073
-47,-39,5,100000,42,0.00042,61,0.00061
-47,-38,0,100000,28,0.00028,75,0.00075
-47,-38,1,100000,25,0.00025,79,0.00079
-47,-38,2,100000,21,0.00021,73,0.00073
-47,-38,3,100000,31,0.00031,85,0.00085
-47,-38,4,100000,19,0.00019,68,0.00068
-47,-38,5,100000,41,0.00041,88,0.00088
-47,-37,0,100000,31,0.00031,67,0.00067
-47,-37,1,100000,32,0.00032,72,0.00072
-47,-37,2,100000,22,0.00022,70,0.0007
-47,-37,3,100000,20,0.0002,80,0.0008
-47,-37,4,100000,40,0.0004,66,0.00066
-47,-37,5,100000,20,0.0002,68,0.00068
-47,-36,0,100000,40,0.0004,72,0.00072
-47,-36,1,100000,20,0.0002,59,0.00059
-47,-36,2,100000,40,0.0004,84,0.00084
-47,-36,3,100000,42,0.00042,69,0.00069
-47,-36,4,100000,31,0.00031,64,0.00064
-47,-36,5,100000,21,0.00021,65,0.00065
-47,-35,0,100000,34,0.00034,75,0.00075
-47,-35,1,100000,27,0.00027,62,0.00062
-47,-35,2,100000,25,0.00025,64,0.00064
-47,-35,3,100000,20,0.0002,80,0.0008
-47,-35,4,100000,33,0.00033,83,0.00083
-47,-35,5,100000,17,0.00017,66,0.00066
-47,-34,0,100000,37,0.00037,76,0.00076
-47,-34,1,100000,24,0.00024,71,0.00071
-47,-34,2,100000,41,0.00041,74,0.00074
-47,-34,3,100000,58,0.00058,90,0.0009
-47,-34,4,100000,44,0.00044,67,0.00067
-47,-34,5,100000,21,0.00021,80,0.0008
-47,-33,0,100000,34,0.00034,76,0.00076
-47,-33,1,100000,26,0.00026,72,0.00072
-47,-33,2,100000,31,0.00031,82,0.00082
-47,-33,3,100000,40,0.0004,74,0.00074
-47,-33,4,100000,22,0.00022,76,0.00076
-47,-33,5,100000,37,0.00037,82,0.00082
-47,-32,0,100000,43,0.00043,78,0.00078
-47,-32,1,100000,22,0.00022,71,0.00071
-47,-32,2,100000,29,0.00029,59,0.00059
-47,-32,3,100000,12,0.00012,71,0.00071
-47,-32,4,100000,18,0.00018,57,0.00057
-47,-32,5,100000,19,0.00019,75,0.00075
-47,-31,0,100000,42,0.00042,86,0.00086
-47,-31,1,100000,29,0.00029,64,0.00064
-47,-31,2,100000,40,0.0004,82,0.00082
-47,-31,3,100000,26,0.00026,68,0.00068
-47,-31,4,100000,36,0.00036,63,0.00063
-47,-31,5,100000,29,0.00029,80,0.0008
-47,-30,0,100000,26,0.00026,72,0.00072
-47,-30,1,100000,37,0.00037,88,0.00088
-47,-30,2,100000,23,0.00023,67,0.00067
-47,-30,3,100000,24,0.00024,81,0.00081
-47,-30,4,100000,24,0.00024,69,0.00069
-47,-30,5,100000,41,0.00041,75,0.00075
-47,-29,0,100000,49,0.00049,92,0.00092
-47,-29,1,100000,43,0.00043,90,0.0009
-47,-29,2,100000,34,0.00034,69,0.00069
-47,-29,3,100000,43,0.00043,72,0.00072
-47,-29,4,100000,30,0.0003,77,0.00077
-47,-29,5,100000,25,0.00025,79,0.00079
-47,-28,0,100000,32,0.00032,86,0.00086
-47,-28,1,100000,30,0.0003,62,0.00062
-47,-28,2,100000,30,0.0003,81,0.00081
-47,-28,3,100000,25,0.00025,73,0.00073
-47,-28,4,100000,36,0.00036,88,0.00088
-47,-28,5,100000,19,0.00019,45,0.00045
-47,-27,0,100000,41,0.00041,74,0.00074
-47,-27,1,100000,21,0.00021,85,0.00085
-47,-27,2,100000,24,0.00024,75,0.00075
-47,-27,3,100000,20,0.0002,73,0.00073
-47,-27,4,100000,28,0.00028,78,0.00078
-47,-27,5,100000,22,0.00022,63,0.00063
-47,-26,0,100000,34,0.00034,74,0.00074
-47,-26,1,100000,27,0.00027,90,0.0009
-47,-26,2,100000,43,0.00043,85,0.00085
-47,-26,3,100000,38,0.00038,68,0.00068
-47,-26,4,100000,32,0.00032,50,0.0005
-47,-26,5,100000,36,0.00036,80,0.0008
-47,-25,0,100000,27,0.00027,64,0.00064
-47,-25,1,100000,20,0.0002,68,0.00068
-47,-25,2,100000,29,0.00029,62,0.00062
-47,-25,3,100000,28,0.00028,63,0.00063
-47,-25,4,100000,17,0.00017,61,0.00061
-47,-25,5,100000,27,0.00027,62,0.00062
-47,-24,0,100000,34,0.00034,69,0.00069
-47,-24,1,100000,36,0.00036,95,0.00095
-47,-24,2,100000,22,0.00022,69,0.00069
-47,-24,3,100000,32,0.00032,73,0.00073
-47,-24,4,100000,33,0.00033,62,0.00062
-47,-24,5,100000,36,0.00036,68,0.00068
-47,-23,0,100000,20,0.0002,60,0.0006
-47,-23,1,100000,25,0.00025,62,0.00062
-47,-23,2,100000,23,0.00023,82,0.00082
-47,-23,3,100000,18,0.00018,59,0.00059
-47,-23,4,100000,22,0.00022,59,0.00059
-47,-23,5,100000,27,0.00027,66,0.00066
-47,-22,0,100000,33,0.00033,72,0.00072
-47,-22,1,100000,27,0.00027,72,0.00072
-47,-22,2,100000,23,0.00023,78,0.00078
-47,-22,3,100000,31,0.00031,74,0.00074
-47,-22,4,100000,18,0.00018,82,0.00082
-47,-22,5,100000,21,0.00021,53,0.00053
-47,-21,0,100000,14,0.00014,61,0.00061
-47,-21,1,100000,25,0.00025,66,0.00066
-47,-21,2,100000,19,0.00019,77,0.00077
-47,-21,3,100000,43,0.00043,73,0.00073
-47,-21,4,100000,28,0.00028,69,0.00069
-47,-21,5,100000,27,0.00027,91,0.00091
-47,-20,0,100000,11,0.00011,57,0.00057
-47,-20,1,100000,37,0.00037,92,0.00092
-47,-20,2,100000,12,0.00012,69,0.00069
-47,-20,3,100000,39,0.00039,72,0.00072
-47,-20,4,100000,45,0.00045,79,0.00079
-47,-20,5,100000,43,0.00043,80,0.0008
-47,-19,0,100000,35,0.00035,69,0.00069
-47,-19,1,100000,18,0.00018,60,0.0006
-47,-19,2,100000,34,0.00034,73,0.00073
-47,-19,3,100000,43,0.00043,73,0.00073
-47,-19,4,100000,10,0.0001,72,0.00072
-47,-19,5,100000,37,0.00037,63,0.00063
-47,-18,0,100000,33,0.00033,72,0.00072
-47,-18,1,100000,25,0.00025,74,0.00074
-47,-18,2,100000,37,0.00037,78,0.00078
-47,-18,3,100000,40,0.0004,64,0.00064
-47,-18,4,100000,38,0.00038,76,0.00076
-47,-18,5,100000,21,0.00021,68,0.00068
-47,-17,0,100000,25,0.00025,73,0.00073
-47,-17,1,100000,39,0.00039,80,0.0008
-47,-17,2,100000,28,0.00028,65,0.00065
-47,-17,3,100000,27,0.00027,67,0.00067
-47,-17,4,100000,39,0.00039,63,0.00063
-47,-17,5,100000,24,0.00024,68,0.00068
-47,-16,0,100000,36,0.00036,83,0.00083
-47,-16,1,100000,28,0.00028,71,0.00071
-47,-16,2,100000,31,0.00031,70,0.0007
-47,-16,3,100000,41,0.00041,80,0.0008
-47,-16,4,100000,27,0.00027,73,0.00073
-47,-16,5,100000,42,0.00042,81,0.00081
-47,-15,0,100000,50,0.0005,82,0.00082
-47,-15,1,100000,45,0.00045,65,0.00065
-47,-15,2,100000,29,0.00029,90,0.0009
-47,-15,3,100000,32,0.00032,72,0.00072
-47,-15,4,100000,36,0.00036,79,0.00079
-47,-15,5,100000,19,0.00019,72,0.00072
-47,-14,0,100000,30,0.0003,73,0.00073
-47,-14,1,100000,21,0.00021,67,0.00067
-47,-14,2,100000,16,0.00016,58,0.00058
-47,-14,3,100000,32,0.00032,70,0.0007
-47,-14,4,100000,33,0.00033,69,0.00069
-47,-14,5,100000,24,0.00024,83,0.00083
-47,-13,0,100000,29,0.00029,80,0.0008
-47,-13,1,100000,75,0.00075,88,0.00088
-47,-13,2,100000,29,0.00029,78,0.00078
-47,-13,3,100000,19,0.00019,68,0.00068
-47,-13,4,100000,18,0.00018,72,0.00072
-47,-13,5,100000,26,0.00026,61,0.00061
-47,-12,0,100000,25,0.00025,79,0.00079
-47,-12,1,100000,25,0.00025,66,0.00066
-47,-12,2,100000,27,0.00027,62,0.00062
-47,-12,3,100000,32,0.00032,69,0.00069
-47,-12,4,100000,43,0.00043,91,0.00091
-47,-12,5,100000,38,0.00038,66,0.00066
-47,-11,0,100000,33,0.00033,73,0.00073
-47,-11,1,100000,43,0.00043,89,0.00089
-47,-11,2,100000,27,0.00027,55,0.00055
-47,-11,3,100000,48,0.00048,80,0.0008
-47,-11,4,100000,22,0.00022,61,0.00061
-47,-11,5,100000,16,0.00016,62,0.00062
-47,-10,0,100000,39,0.00039,76,0.00076
-47,-10,1,100000,23,0.00023,74,0.00074
-47,-10,2,100000,48,0.00048,80,0.0008
-47,-10,3,100000,43,0.00043,71,0.00071
-47,-10,4,100000,32,0.00032,65,0.00065
-47,-10,5,100000,31,0.00031,79,0.00079
-47,-9,0,100000,31,0.00031,78,0.00078
-47,-9,1,100000,54,0.00054,72,0.00072
-47,-9,2,100000,30,0.0003,77,0.00077
-47,-9,3,100000,32,0.00032,89,0.00089
-47,-9,4,100000,47,0.00047,79,0.00079
-47,-9,5,100000,48,0.00048,92,0.00092
-47,-8,0,100000,30,0.0003,85,0.00085
-47,-8,1,100000,27,0.00027,76,0.00076
-47,-8,2,100000,31,0.00031,82,0.00082
-47,-8,3,100000,32,0.00032,70,0.0007
-47,-8,4,100000,24,0.00024,64,0.00064
-47,-8,5,100000,30,0.0003,86,0.00086
-47,-7,0,100000,33,0.00033,70,0.0007
-47,-7,1,100000,20,0.0002,59,0.00059
-47,-7,2,100000,45,0.00045,74,0.00074
-47,-7,3,100000,31,0.00031,76,0.00076
-47,-7,4,100000,24,0.00024,71,0.00071
-47,-7,5,100000,46,0.00046,93,0.00093
-47,-6,0,100000,35,0.00035,70,0.0007
-47,-6,1,100000,35,0.00035,72,0.00072
-47,-6,2,100000,23,0.00023,79,0.00079
-47,-6,3,100000,41,0.00041,75,0.00075
-47,-6,4,100000,25,0.00025,66,0.00066
-47,-6,5,100000,28,0.00028,75,0.00075
-47,-5,0,100000,33,0.00033,61,0.00061
-47,-5,1,100000,46,0.00046,69,0.00069
-47,-5,2,100000,43,0.00043,68,0.00068
-47,-5,3,100000,34,0.00034,63,0.00063
-47,-5,4,100000,25,0.00025,70,0.0007
-47,-5,5,100000,26,0.00026,88,0.00088
-47,-4,0,100000,31,0.00031,70,0.0007
-47,-4,1,100000,29,0.00029,59,0.00059
-47,-4,2,100000,43,0.00043,78,0.00078
-47,-4,3,100000,28,0.00028,64,0.00064
-47,-4,4,100000,30,0.0003,84,0.00084
-47,-4,5,100000,24,0.00024,63,0.00063
-47,-3,0,100000,29,0.00029,80,0.0008
-47,-3,1,100000,28,0.00028,72,0.00072
-47,-3,2,100000,35,0.00035,76,0.00076
-47,-3,3,100000,45,0.00045,67,0.00067
-47,-3,4,100000,29,0.00029,73,0.00073
-47,-3,5,100000,28,0.00028,77,0.00077
-47,-2,0,100000,30,0.0003,63,0.00063
-47,-2,1,100000,38,0.00038,67,0.00067
-47,-2,2,100000,23,0.00023,57,0.00057
-47,-2,3,100000,21,0.00021,69,0.00069
-47,-2,4,100000,30,0.0003,78,0.00078
-47,-2,5,100000,23,0.00023,78,0.00078
-47,-1,0,100000,15,0.00015,72,0.00072
-47,-1,1,100000,57,0.00057,73,0.00073
-47,-1,2,100000,35,0.00035,64,0.00064
-47,-1,3,100000,28,0.00028,72,0.00072
-47,-1,4,100000,22,0.00022,73,0.00073
-47,-1,5,100000,46,0.00046,95,0.00095
-47,0,0,100000,42,0.00042,72,0.00072
-47,0,1,100000,21,0.00021,62,0.00062
-47,0,2,100000,13,0.00013,68,0.00068
-47,0,3,100000,24,0.00024,72,0.00072
-47,0,4,100000,25,0.00025,72,0.00072
-47,0,5,100000,37,0.00037,74,0.00074
-47,1,0,100000,40,0.0004,86,0.00086
-47,1,1,100000,34,0.00034,86,0.00086
-47,1,2,100000,26,0.00026,81,0.00081
-47,1,3,100000,21,0.00021,62,0.00062
-47,1,4,100000,18,0.00018,60,0.0006
-47,1,5,100000,40,0.0004,76,0.00076
-47,2,0,100000,27,0.00027,77,0.00077
-47,2,1,100000,32,0.00032,62,0.00062
-47,2,2,100000,61,0.00061,78,0.00078
-47,2,3,100000,45,0.00045,76,0.00076
-47,2,4,100000,31,0.00031,65,0.00065
-47,2,5,100000,35,0.00035,80,0.0008
-47,3,0,100000,18,0.00018,68,0.00068
-47,3,1,100000,43,0.00043,76,0.00076
-47,3,2,100000,26,0.00026,59,0.00059
-47,3,3,100000,20,0.0002,53,0.00053
-47,3,4,100000,25,0.00025,55,0.00055
-47,3,5,100000,21,0.00021,70,0.0007
-47,4,0,100000,41,0.00041,73,0.00073
-47,4,1,100000,28,0.00028,79,0.00079
-47,4,2,100000,29,0.00029,78,0.00078
-47,4,3,100000,35,0.00035,74,0.00074
-47,4,4,100000,33,0.00033,59,0.00059
-47,4,5,100000,20,0.0002,72,0.00072
-47,5,0,100000,18,0.00018,62,0.00062
-47,5,1,100000,41,0.00041,81,0.00081
-47,5,2,100000,25,0.00025,66,0.00066
-47,5,3,100000,31,0.00031,80,0.0008
-47,5,4,100000,51,0.00051,79,0.00079
-47,5,5,100000,41,0.00041,64,0.00064
-47,6,0,100000,21,0.00021,87,0.00087
-47,6,1,100000,46,0.00046,75,0.00075
-47,6,2,100000,22,0.00022,68,0.00068
-47,6,3,100000,34,0.00034,56,0.00056
-47,6,4,100000,24,0.00024,67,0.00067
-47,6,5,100000,58,0.00058,78,0.00078
-47,7,0,100000,33,0.00033,72,0.00072
-47,7,1,100000,35,0.00035,80,0.0008
-47,7,2,100000,27,0.00027,59,0.00059
-47,7,3,100000,21,0.00021,63,0.00063
-47,7,4,100000,32,0.00032,79,0.00079
-47,7,5,100000,17,0.00017,75,0.00075
-47,8,0,100000,25,0.00025,68,0.00068
-47,8,1,100000,35,0.00035,65,0.00065
-47,8,2,100000,36,0.00036,59,0.00059
-47,8,3,100000,46,0.00046,73,0.00073
-47,8,4,100000,14,0.00014,60,0.0006
-47,8,5,100000,19,0.00019,71,0.00071
-47,9,0,100000,30,0.0003,80,0.0008
-47,9,1,100000,41,0.00041,64,0.00064
-47,9,2,100000,24,0.00024,66,0.00066
-47,9,3,100000,18,0.00018,75,0.00075
-47,9,4,100000,10,0.0001,75,0.00075
-47,9,5,100000,20,0.0002,62,0.00062
-47,10,0,100000,19,0.00019,67,0.00067
-47,10,1,100000,47,0.00047,86,0.00086
-47,10,2,100000,22,0.00022,78,0.00078
-47,10,3,100000,25,0.00025,65,0.00065
-47,10,4,100000,23,0.00023,72,0.00072
-47,10,5,100000,36,0.00036,76,0.00076
-47,11,0,100000,16,0.00016,79,0.00079
-47,11,1,100000,26,0.00026,73,0.00073
-47,11,2,100000,24,0.00024,72,0.00072
-47,11,3,100000,34,0.00034,80,0.0008
-47,11,4,100000,27,0.00027,82,0.00082
-47,11,5,100000,41,0.00041,77,0.00077
-47,12,0,100000,33,0.00033,83,0.00083
-47,12,1,100000,26,0.00026,76,0.00076
-47,12,2,100000,34,0.00034,67,0.00067
-47,12,3,100000,24,0.00024,76,0.00076
-47,12,4,100000,32,0.00032,85,0.00085
-47,12,5,100000,50,0.0005,78,0.00078
-47,13,0,100000,29,0.00029,70,0.0007
-47,13,1,100000,30,0.0003,55,0.00055
-47,13,2,100000,50,0.0005,88,0.00088
-47,13,3,100000,40,0.0004,77,0.00077
-47,13,4,100000,24,0.00024,80,0.0008
-47,13,5,100000,21,0.00021,66,0.00066
-47,14,0,100000,25,0.00025,76,0.00076
-47,14,1,100000,38,0.00038,89,0.00089
-47,14,2,100000,8,8e-05,58,0.00058
-47,14,3,100000,33,0.00033,65,0.00065
-47,14,4,100000,33,0.00033,64,0.00064
-47,14,5,100000,35,0.00035,79,0.00079
-47,15,0,100000,44,0.00044,81,0.00081
-47,15,1,100000,30,0.0003,62,0.00062
-47,15,2,100000,26,0.00026,70,0.0007
-47,15,3,100000,39,0.00039,84,0.00084
-47,15,4,100000,32,0.00032,67,0.00067
-47,15,5,100000,42,0.00042,88,0.00088
-47,16,0,100000,33,0.00033,71,0.00071
-47,16,1,100000,39,0.00039,77,0.00077
-47,16,2,100000,47,0.00047,74,0.00074
-47,16,3,100000,26,0.00026,85,0.00085
-47,16,4,100000,31,0.00031,83,0.00083
-47,16,5,100000,37,0.00037,88,0.00088
-47,17,0,100000,37,0.00037,74,0.00074
-47,17,1,100000,23,0.00023,66,0.00066
-47,17,2,100000,15,0.00015,57,0.00057
-47,17,3,100000,37,0.00037,84,0.00084
-47,17,4,100000,29,0.00029,59,0.00059
-47,17,5,100000,24,0.00024,71,0.00071
-47,18,0,100000,25,0.00025,60,0.0006
-47,18,1,100000,35,0.00035,79,0.00079
-47,18,2,100000,24,0.00024,67,0.00067
-47,18,3,100000,24,0.00024,85,0.00085
-47,18,4,100000,33,0.00033,66,0.00066
-47,18,5,100000,26,0.00026,63,0.00063
-47,19,0,100000,24,0.00024,69,0.00069
-47,19,1,100000,31,0.00031,71,0.00071
-47,19,2,100000,30,0.0003,84,0.00084
-47,19,3,100000,41,0.00041,70,0.0007
-47,19,4,100000,33,0.00033,72,0.00072
-47,19,5,100000,35,0.00035,76,0.00076
-47,20,0,100000,33,0.00033,84,0.00084
-47,20,1,100000,29,0.00029,74,0.00074
-47,20,2,100000,26,0.00026,59,0.00059
-47,20,3,100000,28,0.00028,71,0.00071
-47,20,4,100000,16,0.00016,58,0.00058
-47,20,5,100000,18,0.00018,57,0.00057
-47,21,0,100000,40,0.0004,73,0.00073
-47,21,1,100000,27,0.00027,69,0.00069
-47,21,2,100000,29,0.00029,72,0.00072
-47,21,3,100000,26,0.00026,74,0.00074
-47,21,4,100000,38,0.00038,80,0.0008
-47,21,5,100000,47,0.00047,79,0.00079
-47,22,0,100000,36,0.00036,76,0.00076
-47,22,1,100000,28,0.00028,72,0.00072
-47,22,2,100000,29,0.00029,71,0.00071
-47,22,3,100000,25,0.00025,62,0.00062
-47,22,4,100000,28,0.00028,80,0.0008
-47,22,5,100000,23,0.00023,77,0.00077
-47,23,0,100000,30,0.0003,78,0.00078
-47,23,1,100000,23,0.00023,67,0.00067
-47,23,2,100000,27,0.00027,60,0.0006
-47,23,3,100000,21,0.00021,62,0.00062
-47,23,4,100000,29,0.00029,62,0.00062
-47,23,5,100000,12,0.00012,70,0.0007
-47,24,0,100000,41,0.00041,58,0.00058
-47,24,1,100000,27,0.00027,74,0.00074
-47,24,2,100000,25,0.00025,72,0.00072
-47,24,3,100000,46,0.00046,69,0.00069
-47,24,4,100000,26,0.00026,70,0.0007
-47,24,5,100000,20,0.0002,70,0.0007
-47,25,0,100000,20,0.0002,70,0.0007
-47,25,1,100000,22,0.00022,75,0.00075
-47,25,2,100000,33,0.00033,59,0.00059
-47,25,3,100000,23,0.00023,69,0.00069
-47,25,4,100000,38,0.00038,77,0.00077
-47,25,5,100000,38,0.00038,59,0.00059
-47,26,0,100000,41,0.00041,74,0.00074
-47,26,1,100000,25,0.00025,69,0.00069
-47,26,2,100000,36,0.00036,62,0.00062
-47,26,3,100000,35,0.00035,79,0.00079
-47,26,4,100000,26,0.00026,72,0.00072
-47,26,5,100000,30,0.0003,66,0.00066
-47,27,0,100000,25,0.00025,82,0.00082
-47,27,1,100000,26,0.00026,68,0.00068
-47,27,2,100000,29,0.00029,76,0.00076
-47,27,3,100000,39,0.00039,78,0.00078
-47,27,4,100000,18,0.00018,67,0.00067
-47,27,5,100000,36,0.00036,68,0.00068
-47,28,0,100000,24,0.00024,71,0.00071
-47,28,1,100000,21,0.00021,74,0.00074
-47,28,2,100000,19,0.00019,76,0.00076
-47,28,3,100000,21,0.00021,70,0.0007
-47,28,4,100000,44,0.00044,93,0.00093
-47,28,5,100000,29,0.00029,71,0.00071
-47,29,0,100000,33,0.00033,89,0.00089
-47,29,1,100000,10,0.0001,68,0.00068
-47,29,2,100000,40,0.0004,86,0.00086
-47,29,3,100000,13,0.00013,61,0.00061
-47,29,4,100000,20,0.0002,62,0.00062
-47,29,5,100000,37,0.00037,84,0.00084
-47,30,0,100000,26,0.00026,78,0.00078
-47,30,1,100000,19,0.00019,75,0.00075
-47,30,2,100000,28,0.00028,70,0.0007
-47,30,3,100000,33,0.00033,72,0.00072
-47,30,4,100000,25,0.00025,68,0.00068
-47,30,5,100000,27,0.00027,73,0.00073
-47,31,0,100000,27,0.00027,60,0.0006
-47,31,1,100000,22,0.00022,62,0.00062
-47,31,2,100000,37,0.00037,70,0.0007
-47,31,3,100000,26,0.00026,80,0.0008
-47,31,4,100000,36,0.00036,96,0.00096
-47,31,5,100000,41,0.00041,71,0.00071
-47,32,0,100000,22,0.00022,67,0.00067
-47,32,1,100000,18,0.00018,63,0.00063
-47,32,2,100000,18,0.00018,63,0.00063
-47,32,3,100000,36,0.00036,71,0.00071
-47,32,4,100000,21,0.00021,66,0.00066
-47,32,5,100000,24,0.00024,75,0.00075
-47,33,0,100000,32,0.00032,60,0.0006
-47,33,1,100000,20,0.0002,65,0.00065
-47,33,2,100000,36,0.00036,64,0.00064
-47,33,3,100000,26,0.00026,58,0.00058
-47,33,4,100000,11,0.00011,68,0.00068
-47,33,5,100000,22,0.00022,79,0.00079
-47,34,0,100000,38,0.00038,81,0.00081
-47,34,1,100000,41,0.00041,65,0.00065
-47,34,2,100000,22,0.00022,57,0.00057
-47,34,3,100000,43,0.00043,74,0.00074
-47,34,4,100000,44,0.00044,60,0.0006
-47,34,5,100000,25,0.00025,65,0.00065
-47,35,0,100000,32,0.00032,69,0.00069
-47,35,1,100000,34,0.00034,78,0.00078
-47,35,2,100000,22,0.00022,79,0.00079
-47,35,3,100000,29,0.00029,70,0.0007
-47,35,4,100000,28,0.00028,73,0.00073
-47,35,5,100000,24,0.00024,66,0.00066
-47,36,0,100000,35,0.00035,69,0.00069
-47,36,1,100000,42,0.00042,77,0.00077
-47,36,2,100000,20,0.0002,69,0.00069
-47,36,3,100000,45,0.00045,75,0.00075
-47,36,4,100000,29,0.00029,78,0.00078
-47,36,5,100000,25,0.00025,78,0.00078
-47,37,0,100000,29,0.00029,63,0.00063
-47,37,1,100000,27,0.00027,78,0.00078
-47,37,2,100000,23,0.00023,73,0.00073
-47,37,3,100000,32,0.00032,63,0.00063
-47,37,4,100000,42,0.00042,76,0.00076
-47,37,5,100000,21,0.00021,65,0.00065
-47,38,0,100000,21,0.00021,74,0.00074
-47,38,1,100000,38,0.00038,91,0.00091
-47,38,2,100000,30,0.0003,71,0.00071
-47,38,3,100000,16,0.00016,68,0.00068
-47,38,4,100000,20,0.0002,70,0.0007
-47,38,5,100000,14,0.00014,69,0.00069
-47,39,0,100000,17,0.00017,59,0.00059
-47,39,1,100000,43,0.00043,77,0.00077
-47,39,2,100000,48,0.00048,86,0.00086
-47,39,3,100000,25,0.00025,83,0.00083
-47,39,4,100000,46,0.00046,64,0.00064
-47,39,5,100000,22,0.00022,61,0.00061
-47,40,0,100000,56,0.00056,85,0.00085
-47,40,1,100000,25,0.00025,68,0.00068
-47,40,2,100000,42,0.00042,70,0.0007
-47,40,3,100000,18,0.00018,84,0.00084
-47,40,4,100000,31,0.00031,80,0.0008
-47,40,5,100000,35,0.00035,81,0.00081
-47,41,0,100000,24,0.00024,73,0.00073
-47,41,1,100000,29,0.00029,71,0.00071
-47,41,2,100000,35,0.00035,70,0.0007
-47,41,3,100000,23,0.00023,54,0.00054
-47,41,4,100000,28,0.00028,65,0.00065
-47,41,5,100000,21,0.00021,68,0.00068
-47,42,0,100000,42,0.00042,70,0.0007
-47,42,1,100000,32,0.00032,63,0.00063
-47,42,2,100000,23,0.00023,72,0.00072
-47,42,3,100000,36,0.00036,64,0.00064
-47,42,4,100000,25,0.00025,79,0.00079
-47,42,5,100000,26,0.00026,74,0.00074
-47,43,0,100000,22,0.00022,81,0.00081
-47,43,1,100000,26,0.00026,75,0.00075
-47,43,2,100000,37,0.00037,74,0.00074
-47,43,3,100000,31,0.00031,69,0.00069
-47,43,4,100000,26,0.00026,66,0.00066
-47,43,5,100000,34,0.00034,75,0.00075
-47,44,0,100000,28,0.00028,93,0.00093
-47,44,1,100000,42,0.00042,68,0.00068
-47,44,2,100000,18,0.00018,81,0.00081
-47,44,3,100000,32,0.00032,69,0.00069
-47,44,4,100000,18,0.00018,73,0.00073
-47,44,5,100000,34,0.00034,75,0.00075
-47,45,0,100000,29,0.00029,70,0.0007
-47,45,1,100000,21,0.00021,69,0.00069
-47,45,2,100000,46,0.00046,86,0.00086
-47,45,3,100000,42,0.00042,63,0.00063
-47,45,4,100000,33,0.00033,75,0.00075
-47,45,5,100000,18,0.00018,77,0.00077
-47,46,0,100000,33,0.00033,78,0.00078
-47,46,1,100000,16,0.00016,55,0.00055
-47,46,2,100000,37,0.00037,67,0.00067
-47,46,3,100000,21,0.00021,64,0.00064
-47,46,4,100000,23,0.00023,79,0.00079
-47,46,5,100000,26,0.00026,71,0.00071
-47,47,0,100000,25,0.00025,83,0.00083
-47,47,1,100000,16,0.00016,65,0.00065
-47,47,2,100000,21,0.00021,77,0.00077
-47,47,3,100000,34,0.00034,71,0.00071
-47,47,4,100000,40,0.0004,73,0.00073
-47,47,5,100000,38,0.00038,58,0.00058
-47,48,0,100000,29,0.00029,81,0.00081
-47,48,1,100000,37,0.00037,81,0.00081
-47,48,2,100000,23,0.00023,75,0.00075
-47,48,3,100000,43,0.00043,84,0.00084
-47,48,4,100000,31,0.00031,77,0.00077
-47,48,5,100000,19,0.00019,56,0.00056
-47,49,0,100000,29,0.00029,73,0.00073
-47,49,1,100000,24,0.00024,77,0.00077
-47,49,2,100000,27,0.00027,75,0.00075
-47,49,3,100000,21,0.00021,54,0.00054
-47,49,4,100000,25,0.00025,63,0.00063
-47,49,5,100000,31,0.00031,85,0.00085
-47,50,0,100000,15,0.00015,72,0.00072
-47,50,1,100000,26,0.00026,93,0.00093
-47,50,2,100000,37,0.00037,72,0.00072
-47,50,3,100000,36,0.00036,81,0.00081
-47,50,4,100000,31,0.00031,66,0.00066
-47,50,5,100000,19,0.00019,77,0.00077
-46,-50,0,100000,34,0.00034,70,0.0007
-46,-50,1,100000,16,0.00016,76,0.00076
-46,-50,2,100000,45,0.00045,79,0.00079
-46,-50,3,100000,42,0.00042,75,0.00075
-46,-50,4,100000,36,0.00036,72,0.00072
-46,-50,5,100000,16,0.00016,67,0.00067
-46,-49,0,100000,36,0.00036,80,0.0008
-46,-49,1,100000,29,0.00029,75,0.00075
-46,-49,2,100000,35,0.00035,78,0.00078
-46,-49,3,100000,41,0.00041,66,0.00066
-46,-49,4,100000,25,0.00025,74,0.00074
-46,-49,5,100000,17,0.00017,72,0.00072
-46,-48,0,100000,41,0.00041,95,0.00095
-46,-48,1,100000,63,0.00063,94,0.00094
-46,-48,2,100000,16,0.00016,61,0.00061
-46,-48,3,100000,27,0.00027,68,0.00068
-46,-48,4,100000,42,0.00042,81,0.00081
-46,-48,5,100000,16,0.00016,81,0.00081
-46,-47,0,100000,22,0.00022,78,0.00078
-46,-47,1,100000,24,0.00024,72,0.00072
-46,-47,2,100000,46,0.00046,84,0.00084
-46,-47,3,100000,31,0.00031,63,0.00063
-46,-47,4,100000,32,0.00032,64,0.00064
-46,-47,5,100000,26,0.00026,57,0.00057
-46,-46,0,100000,29,0.00029,82,0.00082
-46,-46,1,100000,26,0.00026,70,0.0007
-46,-46,2,100000,15,0.00015,73,0.00073
-46,-46,3,100000,62,0.00062,79,0.00079
-46,-46,4,100000,43,0.00043,65,0.00065
-46,-46,5,100000,31,0.00031,77,0.00077
-46,-45,0,100000,43,0.00043,80,0.0008
-46,-45,1,100000,27,0.00027,72,0.00072
-46,-45,2,100000,9,9e-05,64,0.00064
-46,-45,3,100000,28,0.00028,79,0.00079
-46,-45,4,100000,13,0.00013,58,0.00058
-46,-45,5,100000,33,0.00033,54,0.00054
-46,-44,0,100000,44,0.00044,68,0.00068
-46,-44,1,100000,24,0.00024,69,0.00069
-46,-44,2,100000,34,0.00034,68,0.00068
-46,-44,3,100000,18,0.00018,65,0.00065
-46,-44,4,100000,19,0.00019,66,0.00066
-46,-44,5,100000,31,0.00031,75,0.00075
-46,-43,0,100000,38,0.00038,65,0.00065
-46,-43,1,100000,34,0.00034,57,0.00057
-46,-43,2,100000,20,0.0002,70,0.0007
-46,-43,3,100000,19,0.00019,71,0.00071
-46,-43,4,100000,34,0.00034,64,0.00064
-46,-43,5,100000,27,0.00027,61,0.00061
-46,-42,0,100000,39,0.00039,88,0.00088
-46,-42,1,100000,40,0.0004,79,0.00079
-46,-42,2,100000,31,0.00031,68,0.00068
-46,-42,3,100000,22,0.00022,80,0.0008
-46,-42,4,100000,53,0.00053,92,0.00092
-46,-42,5,100000,41,0.00041,74,0.00074
-46,-41,0,100000,52,0.00052,94,0.00094
-46,-41,1,100000,36,0.00036,56,0.00056
-46,-41,2,100000,23,0.00023,78,0.00078
-46,-41,3,100000,31,0.00031,81,0.00081
-46,-41,4,100000,25,0.00025,76,0.00076
-46,-41,5,100000,45,0.00045,71,0.00071
-46,-40,0,100000,29,0.00029,82,0.00082
-46,-40,1,100000,22,0.00022,71,0.00071
-46,-40,2,100000,12,0.00012,71,0.00071
-46,-40,3,100000,27,0.00027,56,0.00056
-46,-40,4,100000,31,0.00031,61,0.00061
-46,-40,5,100000,18,0.00018,77,0.00077
-46,-39,0,100000,26,0.00026,70,0.0007
-46,-39,1,100000,31,0.00031,67,0.00067
-46,-39,2,100000,29,0.00029,75,0.00075
-46,-39,3,100000,19,0.00019,69,0.00069
-46,-39,4,100000,30,0.0003,82,0.00082
-46,-39,5,100000,39,0.00039,72,0.00072
-46,-38,0,100000,22,0.00022,79,0.00079
-46,-38,1,100000,24,0.00024,63,0.00063
-46,-38,2,100000,47,0.00047,76,0.00076
-46,-38,3,100000,40,0.0004,87,0.00087
-46,-38,4,100000,22,0.00022,65,0.00065
-46,-38,5,100000,39,0.00039,69,0.00069
-46,-37,0,100000,32,0.00032,83,0.00083
-46,-37,1,100000,37,0.00037,88,0.00088
-46,-37,2,100000,24,0.00024,65,0.00065
-46,-37,3,100000,36,0.00036,75,0.00075
-46,-37,4,100000,30,0.0003,66,0.00066
-46,-37,5,100000,27,0.00027,74,0.00074
-46,-36,0,100000,43,0.00043,53,0.00053
-46,-36,1,100000,35,0.00035,68,0.00068
-46,-36,2,100000,29,0.00029,79,0.00079
-46,-36,3,100000,28,0.00028,69,0.00069
-46,-36,4,100000,17,0.00017,76,0.00076
-46,-36,5,100000,27,0.00027,62,0.00062
-46,-35,0,100000,29,0.00029,72,0.00072
-46,-35,1,100000,25,0.00025,74,0.00074
-46,-35,2,100000,27,0.00027,75,0.00075
-46,-35,3,100000,31,0.00031,72,0.00072
-46,-35,4,100000,39,0.00039,85,0.00085
-46,-35,5,100000,29,0.00029,80,0.0008
-46,-34,0,100000,24,0.00024,66,0.00066
-46,-34,1,100000,35,0.00035,67,0.00067
-46,-34,2,100000,42,0.00042,82,0.00082
-46,-34,3,100000,30,0.0003,88,0.00088
-46,-34,4,100000,33,0.00033,82,0.00082
-46,-34,5,100000,33,0.00033,75,0.00075
-46,-33,0,100000,29,0.00029,78,0.00078
-46,-33,1,100000,21,0.00021,82,0.00082
-46,-33,2,100000,41,0.00041,66,0.00066
-46,-33,3,100000,55,0.00055,89,0.00089
-46,-33,4,100000,15,0.00015,74,0.00074
-46,-33,5,100000,30,0.0003,61,0.00061
-46,-32,0,100000,28,0.00028,66,0.00066
-46,-32,1,100000,24,0.00024,74,0.00074
-46,-32,2,100000,32,0.00032,68,0.00068
-46,-32,3,100000,23,0.00023,74,0.00074
-46,-32,4,100000,51,0.00051,68,0.00068
-46,-32,5,100000,30,0.0003,70,0.0007
-46,-31,0,100000,28,0.00028,74,0.00074
-46,-31,1,100000,33,0.00033,75,0.00075
-46,-31,2,100000,32,0.00032,75,0.00075
-46,-31,3,100000,45,0.00045,78,0.00078
-46,-31,4,100000,47,0.00047,93,0.00093
-46,-31,5,100000,31,0.00031,77,0.00077
-46,-30,0,100000,29,0.00029,72,0.00072
-46,-30,1,100000,29,0.00029,72,0.00072
-46,-30,2,100000,21,0.00021,69,0.00069
-46,-30,3,100000,21,0.00021,83,0.00083
-46,-30,4,100000,30,0.0003,74,0.00074
-46,-30,5,100000,26,0.00026,65,0.00065
-46,-29,0,100000,19,0.00019,70,0.0007
-46,-29,1,100000,18,0.00018,64,0.00064
-46,-29,2,100000,22,0.00022,78,0.00078
-46,-29,3,100000,35,0.00035,83,0.00083
-46,-29,4,100000,30,0.0003,58,0.00058
-46,-29,5,100000,42,0.00042,75,0.00075
-46,-28,0,100000,26,0.00026,61,0.00061
-46,-28,1,100000,25,0.00025,66,0.00066
-46,-28,2,100000,33,0.00033,64,0.00064
-46,-28,3,100000,40,0.0004,85,0.00085
-46,-28,4,100000,28,0.00028,83,0.00083
-46,-28,5,100000,38,0.00038,80,0.0008
-46,-27,0,100000,27,0.00027,89,0.00089
-46,-27,1,100000,45,0.00045,91,0.00091
-46,-27,2,100000,34,0.00034,81,0.00081
-46,-27,3,100000,45,0.00045,83,0.00083
-46,-27,4,100000,39,0.00039,58,0.00058
-46,-27,5,100000,35,0.00035,83,0.00083
-46,-26,0,100000,21,0.00021,71,0.00071
-46,-26,1,100000,37,0.00037,70,0.0007
-46,-26,2,100000,27,0.00027,61,0.00061
-46,-26,3,100000,28,0.00028,87,0.00087
-46,-26,4,100000,33,0.00033,78,0.00078
-46,-26,5,100000,13,0.00013,68,0.00068
-46,-25,0,100000,32,0.00032,76,0.00076
-46,-25,1,100000,32,0.00032,71,0.00071
-46,-25,2,100000,35,0.00035,68,0.00068
-46,-25,3,100000,34,0.00034,77,0.00077
-46,-25,4,100000,45,0.00045,70,0.0007
-46,-25,5,100000,31,0.00031,80,0.0008
-46,-24,0,100000,38,0.00038,77,0.00077
-46,-24,1,100000,38,0.00038,72,0.00072
-46,-24,2,100000,34,0.00034,81,0.00081
-46,-24,3,100000,26,0.00026,60,0.0006
-46,-24,4,100000,23,0.00023,72,0.00072
-46,-24,5,100000,27,0.00027,68,0.00068
-46,-23,0,100000,32,0.00032,76,0.00076
-46,-23,1,100000,31,0.00031,79,0.00079
-46,-23,2,100000,37,0.00037,71,0.00071
-46,-23,3,100000,33,0.00033,79,0.00079
-46,-23,4,100000,23,0.00023,62,0.00062
-46,-23,5,100000,28,0.00028,73,0.00073
-46,-22,0,100000,47,0.00047,77,0.00077
-46,-22,1,100000,29,0.00029,71,0.00071
-46,-22,2,100000,34,0.00034,68,0.00068
-46,-22,3,100000,44,0.00044,69,0.00069
-46,-22,4,100000,30,0.0003,63,0.00063
-46,-22,5,100000,35,0.00035,70,0.0007
-46,-21,0,100000,33,0.00033,67,0.00067
-46,-21,1,100000,25,0.00025,64,0.00064
-46,-21,2,100000,22,0.00022,61,0.00061
-46,-21,3,100000,32,0.00032,66,0.00066
-46,-21,4,100000,44,0.00044,70,0.0007
-46,-21,5,100000,22,0.00022,62,0.00062
-46,-20,0,100000,47,0.00047,68,0.00068
-46,-20,1,100000,31,0.00031,72,0.00072
-46,-20,2,100000,39,0.00039,77,0.00077
-46,-20,3,100000,32,0.00032,78,0.00078
-46,-20,4,100000,16,0.00016,80,0.0008
-46,-20,5,100000,40,0.0004,70,0.0007
-46,-19,0,100000,26,0.00026,73,0.00073
-46,-19,1,100000,19,0.00019,69,0.00069
-46,-19,2,100000,21,0.00021,78,0.00078
-46,-19,3,100000,24,0.00024,64,0.00064
-46,-19,4,100000,55,0.00055,84,0.00084
-46,-19,5,100000,33,0.00033,75,0.00075
-46,-18,0,100000,19,0.00019,78,0.00078
-46,-18,1,100000,24,0.00024,68,0.00068
-46,-18,2,100000,22,0.00022,69,0.00069
-46,-18,3,100000,33,0.00033,77,0.00077
-46,-18,4,100000,42,0.00042,81,0.00081
-46,-18,5,100000,33,0.00033,81,0.00081
-46,-17,0,100000,38,0.00038,61,0.00061
-46,-17,1,100000,42,0.00042,71,0.00071
-46,-17,2,100000,21,0.00021,76,0.00076
-46,-17,3,100000,24,0.00024,70,0.0007
-46,-17,4,100000,20,0.0002,68,0.00068
-46,-17,5,100000,51,0.00051,76,0.00076
-46,-16,0,100000,21,0.00021,84,0.00084
-46,-16,1,100000,33,0.00033,65,0.00065
-46,-16,2,100000,25,0.00025,59,0.00059
-46,-16,3,100000,40,0.0004,69,0.00069
-46,-16,4,100000,36,0.00036,71,0.00071
-46,-16,5,100000,34,0.00034,77,0.00077
-46,-15,0,100000,43,0.00043,68,0.00068
-46,-15,1,100000,18,0.00018,75,0.00075
-46,-15,2,100000,10,0.0001,63,0.00063
-46,-15,3,100000,24,0.00024,68,0.00068
-46,-15,4,100000,32,0.00032,69,0.00069
-46,-15,5,100000,21,0.00021,75,0.00075
-46,-14,0,100000,28,0.00028,85,0.00085
-46,-14,1,100000,45,0.00045,81,0.00081
-46,-14,2,100000,26,0.00026,73,0.00073
-46,-14,3,100000,18,0.00018,58,0.00058
-46,-14,4,100000,21,0.00021,60,0.0006
-46,-14,5,100000,29,0.00029,60,0.0006
-46,-13,0,100000,27,0.00027,80,0.0008
-46,-13,1,100000,25,0.00025,75,0.00075
-46,-13,2,100000,33,0.00033,60,0.0006
-46,-13,3,100000,41,0.00041,72,0.00072
-46,-13,4,100000,21,0.00021,49,0.00049
-46,-13,5,100000,27,0.00027,63,0.00063
-46,-12,0,100000,31,0.00031,86,0.00086
-46,-12,1,100000,31,0.00031,67,0.00067
-46,-12,2,100000,29,0.00029,68,0.00068
-46,-12,3,100000,28,0.00028,83,0.00083
-46,-12,4,100000,25,0.00025,72,0.00072
-46,-12,5,100000,42,0.00042,68,0.00068
-46,-11,0,100000,31,0.00031,74,0.00074
-46,-11,1,100000,31,0.00031,74,0.00074
-46,-11,2,100000,22,0.00022,73,0.00073
-46,-11,3,100000,32,0.00032,73,0.00073
-46,-11,4,100000,30,0.0003,66,0.00066
-46,-11,5,100000,45,0.00045,74,0.00074
-46,-10,0,100000,13,0.00013,55,0.00055
-46,-10,1,100000,17,0.00017,76,0.00076
-46,-10,2,100000,22,0.00022,75,0.00075
-46,-10,3,100000,19,0.00019,77,0.00077
-46,-10,4,100000,19,0.00019,61,0.00061
-46,-10,5,100000,28,0.00028,72,0.00072
-46,-9,0,100000,22,0.00022,72,0.00072
-46,-9,1,100000,19,0.00019,56,0.00056
-46,-9,2,100000,22,0.00022,60,0.0006
-46,-9,3,100000,26,0.00026,71,0.00071
-46,-9,4,100000,43,0.00043,94,0.00094
-46,-9,5,100000,28,0.00028,66,0.00066
-46,-8,0,100000,31,0.00031,73,0.00073
-46,-8,1,100000,25,0.00025,82,0.00082
-46,-8,2,100000,26,0.00026,71,0.00071
-46,-8,3,100000,28,0.00028,72,0.00072
-46,-8,4,100000,25,0.00025,71,0.00071
-46,-8,5,100000,23,0.00023,77,0.00077
-46,-7,0,100000,30,0.0003,76,0.00076
-46,-7,1,100000,36,0.00036,76,0.00076
-46,-7,2,100000,31,0.00031,70,0.0007
-46,-7,3,100000,33,0.00033,69,0.00069
-46,-7,4,100000,31,0.00031,77,0.00077
-46,-7,5,100000,26,0.00026,71,0.00071
-46,-6,0,100000,19,0.00019,75,0.00075
-46,-6,1,100000,39,0.00039,78,0.00078
-46,-6,2,100000,32,0.00032,77,0.00077
-46,-6,3,100000,29,0.00029,69,0.00069
-46,-6,4,100000,36,0.00036,67,0.00067
-46,-6,5,100000,42,0.00042,87,0.00087
-46,-5,0,100000,23,0.00023,70,0.0007
-46,-5,1,100000,34,0.00034,75,0.00075
-46,-5,2,100000,25,0.00025,74,0.00074
-46,-5,3,100000,21,0.00021,69,0.00069
-46,-5,4,100000,32,0.00032,73,0.00073
-46,-5,5,100000,45,0.00045,62,0.00062
-46,-4,0,100000,38,0.00038,67,0.00067
-46,-4,1,100000,23,0.00023,65,0.00065
-46,-4,2,100000,42,0.00042,59,0.00059
-46,-4,3,100000,30,0.0003,72,0.00072
-46,-4,4,100000,23,0.00023,64,0.00064
-46,-4,5,100000,25,0.00025,65,0.00065
-46,-3,0,100000,24,0.00024,76,0.00076
-46,-3,1,100000,27,0.00027,66,0.00066
-46,-3,2,100000,14,0.00014,51,0.00051
-46,-3,3,100000,14,0.00014,53,0.00053
-46,-3,4,100000,34,0.00034,68,0.00068
-46,-3,5,100000,25,0.00025,79,0.00079
-46,-2,0,100000,35,0.00035,69,0.00069
-46,-2,1,100000,26,0.00026,73,0.00073
-46,-2,2,100000,22,0.00022,76,0.00076
-46,-2,3,100000,37,0.00037,73,0.00073
-46,-2,4,100000,29,0.00029,67,0.00067
-46,-2,5,100000,21,0.00021,58,0.00058
-46,-1,0,100000,40,0.0004,81,0.00081
-46,-1,1,100000,20,0.0002,83,0.00083
-46,-1,2,100000,34,0.00034,79,0.00079
-46,-1,3,100000,32,0.00032,71,0.00071
-46,-1,4,100000,22,0.00022,66,0.00066
-46,-1,5,100000,51,0.00051,81,0.00081
-46,0,0,100000,47,0.00047,90,0.0009
-46,0,1,100000,30,0.0003,80,0.0008
-46,0,2,100000,34,0.00034,74,0.00074
-46,0,3,100000,37,0.00037,72,0.00072
-46,0,4,100000,43,0.00043,75,0.00075
-46,0,5,100000,24,0.00024,59,0.00059
-46,1,0,100000,32,0.00032,87,0.00087
-46,1,1,100000,44,0.00044,77,0.00077
-46,1,2,100000,18,0.00018,56,0.00056
-46,1,3,100000,33,0.00033,53,0.00053
-46,1,4,100000,34,0.00034,73,0.00073
-46,1,5,100000,25,0.00025,70,0.0007
-46,2,0,100000,37,0.00037,67,0.00067
-46,2,1,100000,44,0.00044,91,0.00091
-46,2,2,100000,35,0.00035,80,0.0008
-46,2,3,100000,55,0.00055,89,0.00089
-46,2,4,100000,29,0.00029,87,0.00087
-46,2,5,100000,38,0.00038,65,0.00065
-46,3,0,100000,13,0.00013,62,0.00062
-46,3,1,100000,25,0.00025,82,0.00082
-46,3,2,100000,16,0.00016,59,0.00059
-46,3,3,100000,31,0.00031,80,0.0008
-46,3,4,100000,42,0.00042,75,0.00075
-46,3,5,100000,43,0.00043,74,0.00074
-46,4,0,100000,31,0.00031,67,0.00067
-46,4,1,100000,18,0.00018,57,0.00057
-46,4,2,100000,37,0.00037,71,0.00071
-46,4,3,100000,33,0.00033,70,0.0007
-46,4,4,100000,33,0.00033,68,0.00068
-46,4,5,100000,24,0.00024,66,0.00066
-46,5,0,100000,31,0.00031,69,0.00069
-46,5,1,100000,19,0.00019,67,0.00067
-46,5,2,100000,29,0.00029,70,0.0007
-46,5,3,100000,40,0.0004,82,0.00082
-46,5,4,100000,33,0.00033,69,0.00069
-46,5,5,100000,38,0.00038,86,0.00086
-46,6,0,100000,39,0.00039,84,0.00084
-46,6,1,100000,54,0.00054,67,0.00067
-46,6,2,100000,25,0.00025,78,0.00078
-46,6,3,100000,13,0.00013,64,0.00064
-46,6,4,100000,25,0.00025,81,0.00081
-46,6,5,100000,40,0.0004,77,0.00077
-46,7,0,100000,21,0.00021,82,0.00082
-46,7,1,100000,24,0.00024,66,0.00066
-46,7,2,100000,30,0.0003,65,0.00065
-46,7,3,100000,31,0.00031,77,0.00077
-46,7,4,100000,20,0.0002,74,0.00074
-46,7,5,100000,29,0.00029,83,0.00083
-46,8,0,100000,29,0.00029,54,0.00054
-46,8,1,100000,29,0.00029,61,0.00061
-46,8,2,100000,20,0.0002,83,0.00083
-46,8,3,100000,33,0.00033,67,0.00067
-46,8,4,100000,66,0.00066,88,0.00088
-46,8,5,100000,35,0.00035,84,0.00084
-46,9,0,100000,33,0.00033,91,0.00091
-46,9,1,100000,18,0.00018,68,0.00068
-46,9,2,100000,23,0.00023,67,0.00067
-46,9,3,100000,37,0.00037,70,0.0007
-46,9,4,100000,37,0.00037,71,0.00071
-46,9,5,100000,28,0.00028,74,0.00074
-46,10,0,100000,11,0.00011,67,0.00067
-46,10,1,100000,35,0.00035,73,0.00073
-46,10,2,100000,21,0.00021,71,0.00071
-46,10,3,100000,27,0.00027,80,0.0008
-46,10,4,100000,30,0.0003,84,0.00084
-46,10,5,100000,46,0.00046,72,0.00072
-46,11,0,100000,45,0.00045,80,0.0008
-46,11,1,100000,37,0.00037,76,0.00076
-46,11,2,100000,30,0.0003,73,0.00073
-46,11,3,100000,23,0.00023,67,0.00067
-46,11,4,100000,22,0.00022,69,0.00069
-46,11,5,100000,41,0.00041,75,0.00075
-46,12,0,100000,32,0.00032,73,0.00073
-46,12,1,100000,28,0.00028,97,0.00097
-46,12,2,100000,24,0.00024,69,0.00069
-46,12,3,100000,33,0.00033,62,0.00062
-46,12,4,100000,25,0.00025,79,0.00079
-46,12,5,100000,23,0.00023,71,0.00071
-46,13,0,100000,51,0.00051,62,0.00062
-46,13,1,100000,30,0.0003,79,0.00079
-46,13,2,100000,17,0.00017,74,0.00074
-46,13,3,100000,26,0.00026,61,0.00061
-46,13,4,100000,54,0.00054,93,0.00093
-46,13,5,100000,19,0.00019,72,0.00072
-46,14,0,100000,36,0.00036,77,0.00077
-46,14,1,100000,26,0.00026,66,0.00066
-46,14,2,100000,20,0.0002,64,0.00064
-46,14,3,100000,25,0.00025,87,0.00087
-46,14,4,100000,18,0.00018,67,0.00067
-46,14,5,100000,38,0.00038,74,0.00074
-46,15,0,100000,32,0.00032,72,0.00072
-46,15,1,100000,27,0.00027,63,0.00063
-46,15,2,100000,36,0.00036,58,0.00058
-46,15,3,100000,27,0.00027,82,0.00082
-46,15,4,100000,26,0.00026,76,0.00076
-46,15,5,100000,29,0.00029,61,0.00061
-46,16,0,100000,39,0.00039,81,0.00081
-46,16,1,100000,42,0.00042,76,0.00076
-46,16,2,100000,29,0.00029,63,0.00063
-46,16,3,100000,34,0.00034,78,0.00078
-46,16,4,100000,23,0.00023,69,0.00069
-46,16,5,100000,38,0.00038,77,0.00077
-46,17,0,100000,14,0.00014,58,0.00058
-46,17,1,100000,33,0.00033,77,0.00077
-46,17,2,100000,24,0.00024,66,0.00066
-46,17,3,100000,43,0.00043,69,0.00069
-46,17,4,100000,38,0.00038,82,0.00082
-46,17,5,100000,39,0.00039,79,0.00079
-46,18,0,100000,20,0.0002,67,0.00067
-46,18,1,100000,15,0.00015,65,0.00065
-46,18,2,100000,29,0.00029,69,0.00069
-46,18,3,100000,25,0.00025,68,0.00068
-46,18,4,100000,24,0.00024,81,0.00081
-46,18,5,100000,30,0.0003,80,0.0008
-46,19,0,100000,22,0.00022,72,0.00072
-46,19,1,100000,30,0.0003,76,0.00076
-46,19,2,100000,22,0.00022,80,0.0008
-46,19,3,100000,39,0.00039,87,0.00087
-46,19,4,100000,40,0.0004,68,0.00068
-46,19,5,100000,29,0.00029,73,0.00073
-46,20,0,100000,40,0.0004,77,0.00077
-46,20,1,100000,34,0.00034,70,0.0007
-46,20,2,100000,29,0.00029,65,0.00065
-46,20,3,100000,32,0.00032,72,0.00072
-46,20,4,100000,25,0.00025,70,0.0007
-46,20,5,100000,29,0.00029,75,0.00075
-46,21,0,100000,33,0.00033,65,0.00065
-46,21,1,100000,23,0.00023,78,0.00078
-46,21,2,100000,21,0.00021,73,0.00073
-46,21,3,100000,16,0.00016,65,0.00065
-46,21,4,100000,22,0.00022,68,0.00068
-46,21,5,100000,17,0.00017,69,0.00069
-46,22,0,100000,29,0.00029,76,0.00076
-46,22,1,100000,33,0.00033,68,0.00068
-46,22,2,100000,28,0.00028,67,0.00067
-46,22,3,100000,40,0.0004,77,0.00077
-46,22,4,100000,35,0.00035,66,0.00066
-46,22,5,100000,12,0.00012,56,0.00056
-46,23,0,100000,18,0.00018,69,0.00069
-46,23,1,100000,41,0.00041,90,0.0009
-46,23,2,100000,47,0.00047,90,0.0009
-46,23,3,100000,41,0.00041,71,0.00071
-46,23,4,100000,14,0.00014,62,0.00062
-46,23,5,100000,49,0.00049,96,0.00096
-46,24,0,100000,20,0.0002,68,0.00068
-46,24,1,100000,18,0.00018,63,0.00063
-46,24,2,100000,33,0.00033,76,0.00076
-46,24,3,100000,53,0.00053,76,0.00076
-46,24,4,100000,44,0.00044,73,0.00073
-46,24,5,100000,24,0.00024,78,0.00078
-46,25,0,100000,28,0.00028,85,0.00085
-46,25,1,100000,28,0.00028,74,0.00074
-46,25,2,100000,19,0.00019,66,0.00066
-46,25,3,100000,30,0.0003,72,0.00072
-46,25,4,100000,13,0.00013,59,0.00059
-46,25,5,100000,32,0.00032,72,0.00072
-46,26,0,100000,26,0.00026,59,0.00059
-46,26,1,100000,31,0.00031,67,0.00067
-46,26,2,100000,34,0.00034,75,0.00075
-46,26,3,100000,17,0.00017,66,0.00066
-46,26,4,100000,31,0.00031,68,0.00068
-46,26,5,100000,31,0.00031,64,0.00064
-46,27,0,100000,37,0.00037,72,0.00072
-46,27,1,100000,42,0.00042,82,0.00082
-46,27,2,100000,17,0.00017,78,0.00078
-46,27,3,100000,56,0.00056,84,0.00084
-46,27,4,100000,39,0.00039,72,0.00072
-46,27,5,100000,52,0.00052,82,0.00082
-46,28,0,100000,20,0.0002,72,0.00072
-46,28,1,100000,29,0.00029,67,0.00067
-46,28,2,100000,24,0.00024,79,0.00079
-46,28,3,100000,35,0.00035,61,0.00061
-46,28,4,100000,50,0.0005,75,0.00075
-46,28,5,100000,31,0.00031,59,0.00059
-46,29,0,100000,49,0.00049,77,0.00077
-46,29,1,100000,23,0.00023,70,0.0007
-46,29,2,100000,32,0.00032,70,0.0007
-46,29,3,100000,38,0.00038,73,0.00073
-46,29,4,100000,26,0.00026,84,0.00084
-46,29,5,100000,28,0.00028,72,0.00072
-46,30,0,100000,51,0.00051,83,0.00083
-46,30,1,100000,12,0.00012,63,0.00063
-46,30,2,100000,45,0.00045,74,0.00074
-46,30,3,100000,47,0.00047,83,0.00083
-46,30,4,100000,31,0.00031,73,0.00073
-46,30,5,100000,33,0.00033,93,0.00093
-46,31,0,100000,44,0.00044,79,0.00079
-46,31,1,100000,26,0.00026,79,0.00079
-46,31,2,100000,30,0.0003,90,0.0009
-46,31,3,100000,22,0.00022,77,0.00077
-46,31,4,100000,22,0.00022,75,0.00075
-46,31,5,100000,34,0.00034,64,0.00064
-46,32,0,100000,24,0.00024,73,0.00073
-46,32,1,100000,33,0.00033,64,0.00064
-46,32,2,100000,23,0.00023,68,0.00068
-46,32,3,100000,23,0.00023,74,0.00074
-46,32,4,100000,31,0.00031,76,0.00076
-46,32,5,100000,15,0.00015,56,0.00056
-46,33,0,100000,37,0.00037,74,0.00074
-46,33,1,100000,19,0.00019,59,0.00059
-46,33,2,100000,35,0.00035,90,0.0009
-46,33,3,100000,22,0.00022,61,0.00061
-46,33,4,100000,28,0.00028,68,0.00068
-46,33,5,100000,36,0.00036,75,0.00075
-46,34,0,100000,41,0.00041,64,0.00064
-46,34,1,100000,45,0.00045,92,0.00092
-46,34,2,100000,20,0.0002,76,0.00076
-46,34,3,100000,48,0.00048,81,0.00081
-46,34,4,100000,26,0.00026,64,0.00064
-46,34,5,100000,32,0.00032,64,0.00064
-46,35,0,100000,30,0.0003,68,0.00068
-46,35,1,100000,17,0.00017,63,0.00063
-46,35,2,100000,20,0.0002,67,0.00067
-46,35,3,100000,22,0.00022,66,0.00066
-46,35,4,100000,40,0.0004,70,0.0007
-46,35,5,100000,34,0.00034,67,0.00067
-46,36,0,100000,53,0.00053,82,0.00082
-46,36,1,100000,42,0.00042,71,0.00071
-46,36,2,100000,22,0.00022,87,0.00087
-46,36,3,100000,31,0.00031,69,0.00069
-46,36,4,100000,18,0.00018,55,0.00055
-46,36,5,100000,24,0.00024,74,0.00074
-46,37,0,100000,33,0.00033,78,0.00078
-46,37,1,100000,27,0.00027,72,0.00072
-46,37,2,100000,46,0.00046,101,0.00101
-46,37,3,100000,33,0.00033,68,0.00068
-46,37,4,100000,30,0.0003,82,0.00082
-46,37,5,100000,49,0.00049,80,0.0008
-46,38,0,100000,22,0.00022,66,0.00066
-46,38,1,100000,35,0.00035,72,0.00072
-46,38,2,100000,26,0.00026,78,0.00078
-46,38,3,100000,27,0.00027,60,0.0006
-46,38,4,100000,36,0.00036,74,0.00074
-46,38,5,100000,23,0.00023,60,0.0006
-46,39,0,100000,38,0.00038,71,0.00071
-46,39,1,100000,18,0.00018,65,0.00065
-46,39,2,100000,29,0.00029,65,0.00065
-46,39,3,100000,38,0.00038,65,0.00065
-46,39,4,100000,27,0.00027,63,0.00063
-46,39,5,100000,15,0.00015,67,0.00067
-46,40,0,100000,20,0.0002,66,0.00066
-46,40,1,100000,30,0.0003,70,0.0007
-46,40,2,100000,19,0.00019,75,0.00075
-46,40,3,100000,27,0.00027,69,0.00069
-46,40,4,100000,27,0.00027,70,0.0007
-46,40,5,100000,25,0.00025,71,0.00071
-46,41,0,100000,37,0.00037,75,0.00075
-46,41,1,100000,36,0.00036,80,0.0008
-46,41,2,100000,31,0.00031,83,0.00083
-46,41,3,100000,49,0.00049,74,0.00074
-46,41,4,100000,39,0.00039,71,0.00071
-46,41,5,100000,20,0.0002,71,0.00071
-46,42,0,100000,29,0.00029,79,0.00079
-46,42,1,100000,18,0.00018,71,0.00071
-46,42,2,100000,23,0.00023,65,0.00065
-46,42,3,100000,38,0.00038,54,0.00054
-46,42,4,100000,45,0.00045,93,0.00093
-46,42,5,100000,20,0.0002,74,0.00074
-46,43,0,100000,31,0.00031,81,0.00081
-46,43,1,100000,34,0.00034,82,0.00082
-46,43,2,100000,31,0.00031,65,0.00065
-46,43,3,100000,31,0.00031,84,0.00084
-46,43,4,100000,22,0.00022,73,0.00073
-46,43,5,100000,38,0.00038,71,0.00071
-46,44,0,100000,38,0.00038,62,0.00062
-46,44,1,100000,29,0.00029,69,0.00069
-46,44,2,100000,36,0.00036,67,0.00067
-46,44,3,100000,27,0.00027,67,0.00067
-46,44,4,100000,20,0.0002,77,0.00077
-46,44,5,100000,29,0.00029,63,0.00063
-46,45,0,100000,28,0.00028,71,0.00071
-46,45,1,100000,36,0.00036,78,0.00078
-46,45,2,100000,34,0.00034,69,0.00069
-46,45,3,100000,22,0.00022,58,0.00058
-46,45,4,100000,29,0.00029,80,0.0008
-46,45,5,100000,36,0.00036,77,0.00077
-46,46,0,100000,8,8e-05,56,0.00056
-46,46,1,100000,39,0.00039,73,0.00073
-46,46,2,100000,20,0.0002,66,0.00066
-46,46,3,100000,46,0.00046,76,0.00076
-46,46,4,100000,35,0.00035,77,0.00077
-46,46,5,100000,36,0.00036,68,0.00068
-46,47,0,100000,18,0.00018,68,0.00068
-46,47,1,100000,48,0.00048,68,0.00068
-46,47,2,100000,41,0.00041,71,0.00071
-46,47,3,100000,51,0.00051,98,0.00098
-46,47,4,100000,36,0.00036,87,0.00087
-46,47,5,100000,29,0.00029,69,0.00069
-46,48,0,100000,26,0.00026,63,0.00063
-46,48,1,100000,27,0.00027,70,0.0007
-46,48,2,100000,23,0.00023,54,0.00054
-46,48,3,100000,33,0.00033,72,0.00072
-46,48,4,100000,26,0.00026,73,0.00073
-46,48,5,100000,32,0.00032,58,0.00058
-46,49,0,100000,30,0.0003,67,0.00067
-46,49,1,100000,26,0.00026,72,0.00072
-46,49,2,100000,21,0.00021,69,0.00069
-46,49,3,100000,36,0.00036,81,0.00081
-46,49,4,100000,27,0.00027,80,0.0008
-46,49,5,100000,37,0.00037,79,0.00079
-46,50,0,100000,24,0.00024,67,0.00067
-46,50,1,100000,16,0.00016,71,0.00071
-46,50,2,100000,21,0.00021,76,0.00076
-46,50,3,100000,32,0.00032,84,0.00084
-46,50,4,100000,28,0.00028,73,0.00073
-46,50,5,100000,35,0.00035,83,0.00083
-45,-50,0,100000,36,0.00036,81,0.00081
-45,-50,1,100000,25,0.00025,55,0.00055
-45,-50,2,100000,14,0.00014,76,0.00076
-45,-50,3,100000,49,0.00049,77,0.00077
-45,-50,4,100000,52,0.00052,89,0.00089
-45,-50,5,100000,51,0.00051,73,0.00073
-45,-49,0,100000,18,0.00018,60,0.0006
-45,-49,1,100000,16,0.00016,61,0.00061
-45,-49,2,100000,39,0.00039,76,0.00076
-45,-49,3,100000,30,0.0003,72,0.00072
-45,-49,4,100000,49,0.00049,81,0.00081
-45,-49,5,100000,25,0.00025,71,0.00071
-45,-48,0,100000,37,0.00037,64,0.00064
-45,-48,1,100000,23,0.00023,60,0.0006
-45,-48,2,100000,37,0.00037,76,0.00076
-45,-48,3,100000,23,0.00023,72,0.00072
-45,-48,4,100000,33,0.00033,82,0.00082
-45,-48,5,100000,41,0.00041,75,0.00075
-45,-47,0,100000,34,0.00034,63,0.00063
-45,-47,1,100000,23,0.00023,67,0.00067
-45,-47,2,100000,15,0.00015,61,0.00061
-45,-47,3,100000,25,0.00025,63,0.00063
-45,-47,4,100000,28,0.00028,70,0.0007
-45,-47,5,100000,39,0.00039,74,0.00074
-45,-46,0,100000,17,0.00017,64,0.00064
-45,-46,1,100000,29,0.00029,62,0.00062
-45,-46,2,100000,25,0.00025,78,0.00078
-45,-46,3,100000,52,0.00052,84,0.00084
-45,-46,4,100000,24,0.00024,81,0.00081
-45,-46,5,100000,17,0.00017,68,0.00068
-45,-45,0,100000,30,0.0003,78,0.00078
-45,-45,1,100000,46,0.00046,66,0.00066
-45,-45,2,100000,37,0.00037,84,0.00084
-45,-45,3,100000,39,0.00039,81,0.00081
-45,-45,4,100000,22,0.00022,47,0.00047
-45,-45,5,100000,36,0.00036,76,0.00076
-45,-44,0,100000,28,0.00028,77,0.00077
-45,-44,1,100000,27,0.00027,90,0.0009
-45,-44,2,100000,23,0.00023,72,0.00072
-45,-44,3,100000,25,0.00025,73,0.00073
-45,-44,4,100000,48,0.00048,91,0.00091
-45,-44,5,100000,36,0.00036,73,0.00073
-45,-43,0,100000,33,0.00033,76,0.00076
-45,-43,1,100000,29,0.00029,81,0.00081
-45,-43,2,100000,33,0.00033,73,0.00073
-45,-43,3,100000,28,0.00028,76,0.00076
-45,-43,4,100000,42,0.00042,68,0.00068
-45,-43,5,100000,22,0.00022,61,0.00061
-45,-42,0,100000,14,0.00014,72,0.00072
-45,-42,1,100000,50,0.0005,76,0.00076
-45,-42,2,100000,18,0.00018,64,0.00064
-45,-42,3,100000,33,0.00033,76,0.00076
-45,-42,4,100000,31,0.00031,71,0.00071
-45,-42,5,100000,45,0.00045,83,0.00083
-45,-41,0,100000,28,0.00028,76,0.00076
-45,-41,1,100000,23,0.00023,66,0.00066
-45,-41,2,100000,20,0.0002,64,0.00064
-45,-41,3,100000,31,0.00031,76,0.00076
-45,-41,4,100000,34,0.00034,74,0.00074
-45,-41,5,100000,16,0.00016,67,0.00067
-45,-40,0,100000,34,0.00034,74,0.00074
-45,-40,1,100000,30,0.0003,70,0.0007
-45,-40,2,100000,27,0.00027,71,0.00071
-45,-40,3,100000,23,0.00023,72,0.00072
-45,-40,4,100000,44,0.00044,78,0.00078
-45,-40,5,100000,33,0.00033,73,0.00073
-45,-39,0,100000,23,0.00023,69,0.00069
-45,-39,1,100000,43,0.00043,75,0.00075
-45,-39,2,100000,34,0.00034,76,0.00076
-45,-39,3,100000,21,0.00021,70,0.0007
-45,-39,4,100000,35,0.00035,74,0.00074
-45,-39,5,100000,33,0.00033,76,0.00076
-45,-38,0,100000,39,0.00039,68,0.00068
-45,-38,1,100000,42,0.00042,79,0.00079
-45,-38,2,100000,45,0.00045,78,0.00078
-45,-38,3,100000,19,0.00019,70,0.0007
-45,-38,4,100000,34,0.00034,68,0.00068
-45,-38,5,100000,24,0.00024,78,0.00078
-45,-37,0,100000,48,0.00048,75,0.00075
-45,-37,1,100000,45,0.00045,63,0.00063
-45,-37,2,100000,44,0.00044,71,0.00071
-45,-37,3,100000,41,0.00041,73,0.00073
-45,-37,4,100000,40,0.0004,69,0.00069
-45,-37,5,100000,24,0.00024,74,0.00074
-45,-36,0,100000,31,0.00031,56,0.00056
-45,-36,1,100000,23,0.00023,64,0.00064
-45,-36,2,100000,38,0.00038,62,0.00062
-45,-36,3,100000,37,0.00037,79,0.00079
-45,-36,4,100000,22,0.00022,57,0.00057
-45,-36,5,100000,21,0.00021,50,0.0005
-45,-35,0,100000,13,0.00013,73,0.00073
-45,-35,1,100000,47,0.00047,72,0.00072
-45,-35,2,100000,24,0.00024,82,0.00082
-45,-35,3,100000,35,0.00035,72,0.00072
-45,-35,4,100000,29,0.00029,74,0.00074
-45,-35,5,100000,26,0.00026,60,0.0006
-45,-34,0,100000,35,0.00035,84,0.00084
-45,-34,1,100000,18,0.00018,70,0.0007
-45,-34,2,100000,26,0.00026,82,0.00082
-45,-34,3,100000,14,0.00014,81,0.00081
-45,-34,4,100000,29,0.00029,78,0.00078
-45,-34,5,100000,22,0.00022,76,0.00076
-45,-33,0,100000,28,0.00028,71,0.00071
-45,-33,1,100000,38,0.00038,73,0.00073
-45,-33,2,100000,36,0.00036,65,0.00065
-45,-33,3,100000,45,0.00045,71,0.00071
-45,-33,4,100000,30,0.0003,63,0.00063
-45,-33,5,100000,35,0.00035,67,0.00067
-45,-32,0,100000,35,0.00035,84,0.00084
-45,-32,1,100000,33,0.00033,74,0.00074
-45,-32,2,100000,36,0.00036,79,0.00079
-45,-32,3,100000,27,0.00027,67,0.00067
-45,-32,4,100000,27,0.00027,68,0.00068
-45,-32,5,100000,33,0.00033,77,0.00077
-45,-31,0,100000,20,0.0002,63,0.00063
-45,-31,1,100000,21,0.00021,71,0.00071
-45,-31,2,100000,29,0.00029,75,0.00075
-45,-31,3,100000,21,0.00021,51,0.00051
-45,-31,4,100000,23,0.00023,71,0.00071
-45,-31,5,100000,37,0.00037,73,0.00073
-45,-30,0,100000,32,0.00032,80,0.0008
-45,-30,1,100000,41,0.00041,75,0.00075
-45,-30,2,100000,30,0.0003,73,0.00073
-45,-30,3,100000,21,0.00021,67,0.00067
-45,-30,4,100000,16,0.00016,72,0.00072
-45,-30,5,100000,13,0.00013,70,0.0007
-45,-29,0,100000,14,0.00014,62,0.00062
-45,-29,1,100000,36,0.00036,77,0.00077
-45,-29,2,100000,43,0.00043,79,0.00079
-45,-29,3,100000,38,0.00038,91,0.00091
-45,-29,4,100000,28,0.00028,76,0.00076
-45,-29,5,100000,12,0.00012,75,0.00075
-45,-28,0,100000,49,0.00049,79,0.00079
-45,-28,1,100000,31,0.00031,71,0.00071
-45,-28,2,100000,35,0.00035,75,0.00075
-45,-28,3,100000,41,0.00041,78,0.00078
-45,-28,4,100000,20,0.0002,77,0.00077
-45,-28,5,100000,42,0.00042,77,0.00077
-45,-27,0,100000,54,0.00054,83,0.00083
-45,-27,1,100000,33,0.00033,66,0.00066
-45,-27,2,100000,24,0.00024,66,0.00066
-45,-27,3,100000,48,0.00048,71,0.00071
-45,-27,4,100000,33,0.00033,76,0.00076
-45,-27,5,100000,31,0.00031,71,0.00071
-45,-26,0,100000,33,0.00033,72,0.00072
-45,-26,1,100000,33,0.00033,69,0.00069
-45,-26,2,100000,36,0.00036,72,0.00072
-45,-26,3,100000,39,0.00039,78,0.00078
-45,-26,4,100000,32,0.00032,80,0.0008
-45,-26,5,100000,35,0.00035,70,0.0007
-45,-25,0,100000,23,0.00023,70,0.0007
-45,-25,1,100000,30,0.0003,78,0.00078
-45,-25,2,100000,26,0.00026,62,0.00062
-45,-25,3,100000,30,0.0003,64,0.00064
-45,-25,4,100000,21,0.00021,73,0.00073
-45,-25,5,100000,36,0.00036,78,0.00078
-45,-24,0,100000,36,0.00036,55,0.00055
-45,-24,1,100000,24,0.00024,78,0.00078
-45,-24,2,100000,29,0.00029,68,0.00068
-45,-24,3,100000,32,0.00032,73,0.00073
-45,-24,4,100000,22,0.00022,60,0.0006
-45,-24,5,100000,23,0.00023,70,0.0007
-45,-23,0,100000,33,0.00033,74,0.00074
-45,-23,1,100000,41,0.00041,79,0.00079
-45,-23,2,100000,32,0.00032,64,0.00064
-45,-23,3,100000,24,0.00024,72,0.00072
-45,-23,4,100000,35,0.00035,78,0.00078
-45,-23,5,100000,38,0.00038,63,0.00063
-45,-22,0,100000,24,0.00024,58,0.00058
-45,-22,1,100000,25,0.00025,61,0.00061
-45,-22,2,100000,30,0.0003,66,0.00066
-45,-22,3,100000,37,0.00037,66,0.00066
-45,-22,4,100000,26,0.00026,82,0.00082
-45,-22,5,100000,40,0.0004,69,0.00069
-45,-21,0,100000,22,0.00022,62,0.00062
-45,-21,1,100000,18,0.00018,62,0.00062
-45,-21,2,100000,22,0.00022,72,0.00072
-45,-21,3,100000,25,0.00025,77,0.00077
-45,-21,4,100000,31,0.00031,71,0.00071
-45,-21,5,100000,28,0.00028,79,0.00079
-45,-20,0,100000,25,0.00025,58,0.00058
-45,-20,1,100000,26,0.00026,68,0.00068
-45,-20,2,100000,35,0.00035,81,0.00081
-45,-20,3,100000,20,0.0002,56,0.00056
-45,-20,4,100000,34,0.00034,62,0.00062
-45,-20,5,100000,14,0.00014,71,0.00071
-45,-19,0,100000,47,0.00047,60,0.0006
-45,-19,1,100000,31,0.00031,77,0.00077
-45,-19,2,100000,19,0.00019,76,0.00076
-45,-19,3,100000,24,0.00024,68,0.00068
-45,-19,4,100000,45,0.00045,69,0.00069
-45,-19,5,100000,38,0.00038,76,0.00076
-45,-18,0,100000,39,0.00039,80,0.0008
-45,-18,1,100000,26,0.00026,61,0.00061
-45,-18,2,100000,22,0.00022,74,0.00074
-45,-18,3,100000,37,0.00037,73,0.00073
-45,-18,4,100000,19,0.00019,64,0.00064
-45,-18,5,100000,34,0.00034,79,0.00079
-45,-17,0,100000,58,0.00058,74,0.00074
-45,-17,1,100000,49,0.00049,73,0.00073
-45,-17,2,100000,32,0.00032,61,0.00061
-45,-17,3,100000,25,0.00025,66,0.00066
-45,-17,4,100000,40,0.0004,79,0.00079
-45,-17,5,100000,40,0.0004,76,0.00076
-45,-16,0,100000,32,0.00032,84,0.00084
-45,-16,1,100000,30,0.0003,74,0.00074
-45,-16,2,100000,45,0.00045,69,0.00069
-45,-16,3,100000,24,0.00024,72,0.00072
-45,-16,4,100000,32,0.00032,61,0.00061
-45,-16,5,100000,31,0.00031,73,0.00073
-45,-15,0,100000,27,0.00027,68,0.00068
-45,-15,1,100000,35,0.00035,87,0.00087
-45,-15,2,100000,19,0.00019,69,0.00069
-45,-15,3,100000,19,0.00019,55,0.00055
-45,-15,4,100000,22,0.00022,66,0.00066
-45,-15,5,100000,39,0.00039,72,0.00072
-45,-14,0,100000,33,0.00033,66,0.00066
-45,-14,1,100000,39,0.00039,99,0.00099
-45,-14,2,100000,59,0.00059,85,0.00085
-45,-14,3,100000,49,0.00049,67,0.00067
-45,-14,4,100000,16,0.00016,78,0.00078
-45,-14,5,100000,42,0.00042,76,0.00076
-45,-13,0,100000,31,0.00031,50,0.0005
-45,-13,1,100000,43,0.00043,67,0.00067
-45,-13,2,100000,23,0.00023,78,0.00078
-45,-13,3,100000,24,0.00024,65,0.00065
-45,-13,4,100000,21,0.00021,63,0.00063
-45,-13,5,100000,30,0.0003,82,0.00082
-45,-12,0,100000,26,0.00026,58,0.00058
-45,-12,1,100000,28,0.00028,78,0.00078
-45,-12,2,100000,42,0.00042,66,0.00066
-45,-12,3,100000,36,0.00036,72,0.00072
-45,-12,4,100000,33,0.00033,76,0.00076
-45,-12,5,100000,24,0.00024,72,0.00072
-45,-11,0,100000,24,0.00024,71,0.00071
-45,-11,1,100000,15,0.00015,53,0.00053
-45,-11,2,100000,30,0.0003,67,0.00067
-45,-11,3,100000,35,0.00035,83,0.00083
-45,-11,4,100000,38,0.00038,58,0.00058
-45,-11,5,100000,31,0.00031,76,0.00076
-45,-10,0,100000,39,0.00039,72,0.00072
-45,-10,1,100000,33,0.00033,82,0.00082
-45,-10,2,100000,30,0.0003,75,0.00075
-45,-10,3,100000,24,0.00024,80,0.0008
-45,-10,4,100000,22,0.00022,73,0.00073
-45,-10,5,100000,38,0.00038,71,0.00071
-45,-9,0,100000,36,0.00036,63,0.00063
-45,-9,1,100000,35,0.00035,69,0.00069
-45,-9,2,100000,31,0.00031,61,0.00061
-45,-9,3,100000,21,0.00021,69,0.00069
-45,-9,4,100000,42,0.00042,78,0.00078
-45,-9,5,100000,31,0.00031,71,0.00071
-45,-8,0,100000,39,0.00039,76,0.00076
-45,-8,1,100000,21,0.00021,67,0.00067
-45,-8,2,100000,39,0.00039,79,0.00079
-45,-8,3,100000,28,0.00028,62,0.00062
-45,-8,4,100000,8,8e-05,67,0.00067
-45,-8,5,100000,22,0.00022,69,0.00069
-45,-7,0,100000,33,0.00033,74,0.00074
-45,-7,1,100000,16,0.00016,56,0.00056
-45,-7,2,100000,29,0.00029,68,0.00068
-45,-7,3,100000,40,0.0004,73,0.00073
-45,-7,4,100000,18,0.00018,70,0.0007
-45,-7,5,100000,26,0.00026,71,0.00071
-45,-6,0,100000,32,0.00032,78,0.00078
-45,-6,1,100000,42,0.00042,91,0.00091
-45,-6,2,100000,29,0.00029,62,0.00062
-45,-6,3,100000,23,0.00023,65,0.00065
-45,-6,4,100000,21,0.00021,77,0.00077
-45,-6,5,100000,27,0.00027,55,0.00055
-45,-5,0,100000,22,0.00022,62,0.00062
-45,-5,1,100000,28,0.00028,61,0.00061
-45,-5,2,100000,42,0.00042,76,0.00076
-45,-5,3,100000,23,0.00023,68,0.00068
-45,-5,4,100000,32,0.00032,65,0.00065
-45,-5,5,100000,36,0.00036,62,0.00062
-45,-4,0,100000,29,0.00029,66,0.00066
-45,-4,1,100000,27,0.00027,77,0.00077
-45,-4,2,100000,27,0.00027,63,0.00063
-45,-4,3,100000,29,0.00029,64,0.00064
-45,-4,4,100000,28,0.00028,81,0.00081
-45,-4,5,100000,60,0.0006,81,0.00081
-45,-3,0,100000,32,0.00032,68,0.00068
-45,-3,1,100000,28,0.00028,71,0.00071
-45,-3,2,100000,18,0.00018,66,0.00066
-45,-3,3,100000,40,0.0004,73,0.00073
-45,-3,4,100000,38,0.00038,72,0.00072
-45,-3,5,100000,40,0.0004,74,0.00074
-45,-2,0,100000,30,0.0003,70,0.0007
-45,-2,1,100000,11,0.00011,61,0.00061
-45,-2,2,100000,36,0.00036,82,0.00082
-45,-2,3,100000,26,0.00026,71,0.00071
-45,-2,4,100000,28,0.00028,74,0.00074
-45,-2,5,100000,44,0.00044,73,0.00073
-45,-1,0,100000,24,0.00024,61,0.00061
-45,-1,1,100000,25,0.00025,69,0.00069
-45,-1,2,100000,32,0.00032,74,0.00074
-45,-1,3,100000,24,0.00024,83,0.00083
-45,-1,4,100000,23,0.00023,79,0.00079
-45,-1,5,100000,33,0.00033,74,0.00074
-45,0,0,100000,26,0.00026,78,0.00078
-45,0,1,100000,28,0.00028,80,0.0008
-45,0,2,100000,23,0.00023,68,0.00068
-45,0,3,100000,25,0.00025,77,0.00077
-45,0,4,100000,37,0.00037,61,0.00061
-45,0,5,100000,16,0.00016,64,0.00064
-45,1,0,100000,33,0.00033,79,0.00079
-45,1,1,100000,39,0.00039,60,0.0006
-45,1,2,100000,29,0.00029,70,0.0007
-45,1,3,100000,31,0.00031,65,0.00065
-45,1,4,100000,24,0.00024,74,0.00074
-45,1,5,100000,40,0.0004,76,0.00076
-45,2,0,100000,31,0.00031,81,0.00081
-45,2,1,100000,29,0.00029,69,0.00069
-45,2,2,100000,33,0.00033,73,0.00073
-45,2,3,100000,49,0.00049,79,0.00079
-45,2,4,100000,20,0.0002,65,0.00065
-45,2,5,100000,13,0.00013,66,0.00066
-45,3,0,100000,24,0.00024,64,0.00064
-45,3,1,100000,35,0.00035,83,0.00083
-45,3,2,100000,51,0.00051,87,0.00087
-45,3,3,100000,9,9e-05,63,0.00063
-45,3,4,100000,30,0.0003,63,0.00063
-45,3,5,100000,44,0.00044,76,0.00076
-45,4,0,100000,30,0.0003,66,0.00066
-45,4,1,100000,37,0.00037,90,0.0009
-45,4,2,100000,40,0.0004,66,0.00066
-45,4,3,100000,47,0.00047,99,0.00099
-45,4,4,100000,43,0.00043,69,0.00069
-45,4,5,100000,32,0.00032,74,0.00074
-45,5,0,100000,30,0.0003,69,0.00069
-45,5,1,100000,29,0.00029,73,0.00073
-45,5,2,100000,9,9e-05,60,0.0006
-45,5,3,100000,27,0.00027,63,0.00063
-45,5,4,100000,21,0.00021,64,0.00064
-45,5,5,100000,45,0.00045,76,0.00076
-45,6,0,100000,30,0.0003,80,0.0008
-45,6,1,100000,28,0.00028,86,0.00086
-45,6,2,100000,53,0.00053,79,0.00079
-45,6,3,100000,21,0.00021,71,0.00071
-45,6,4,100000,28,0.00028,67,0.00067
-45,6,5,100000,23,0.00023,52,0.00052
-45,7,0,100000,39,0.00039,62,0.00062
-45,7,1,100000,46,0.00046,78,0.00078
-45,7,2,100000,35,0.00035,69,0.00069
-45,7,3,100000,20,0.0002,62,0.00062
-45,7,4,100000,15,0.00015,66,0.00066
-45,7,5,100000,22,0.00022,70,0.0007
-45,8,0,100000,50,0.0005,74,0.00074
-45,8,1,100000,23,0.00023,59,0.00059
-45,8,2,100000,29,0.00029,66,0.00066
-45,8,3,100000,37,0.00037,81,0.00081
-45,8,4,100000,27,0.00027,83,0.00083
-45,8,5,100000,30,0.0003,69,0.00069
-45,9,0,100000,43,0.00043,63,0.00063
-45,9,1,100000,36,0.00036,76,0.00076
-45,9,2,100000,25,0.00025,69,0.00069
-45,9,3,100000,29,0.00029,70,0.0007
-45,9,4,100000,24,0.00024,75,0.00075
-45,9,5,100000,11,0.00011,76,0.00076
-45,10,0,100000,20,0.0002,66,0.00066
-45,10,1,100000,18,0.00018,63,0.00063
-45,10,2,100000,37,0.00037,81,0.00081
-45,10,3,100000,35,0.00035,73,0.00073
-45,10,4,100000,10,0.0001,67,0.00067
-45,10,5,100000,16,0.00016,56,0.00056
-45,11,0,100000,41,0.00041,71,0.00071
-45,11,1,100000,34,0.00034,80,0.0008
-45,11,2,100000,16,0.00016,66,0.00066
-45,11,3,100000,55,0.00055,88,0.00088
-45,11,4,100000,38,0.00038,81,0.00081
-45,11,5,100000,26,0.00026,81,0.00081
-45,12,0,100000,31,0.00031,67,0.00067
-45,12,1,100000,38,0.00038,65,0.00065
-45,12,2,100000,34,0.00034,78,0.00078
-45,12,3,100000,34,0.00034,79,0.00079
-45,12,4,100000,30,0.0003,84,0.00084
-45,12,5,100000,22,0.00022,68,0.00068
-45,13,0,100000,49,0.00049,81,0.00081
-45,13,1,100000,48,0.00048,77,0.00077
-45,13,2,100000,36,0.00036,59,0.00059
-45,13,3,100000,44,0.00044,75,0.00075
-45,13,4,100000,21,0.00021,76,0.00076
-45,13,5,100000,30,0.0003,78,0.00078
-45,14,0,100000,22,0.00022,72,0.00072
-45,14,1,100000,27,0.00027,57,0.00057
-45,14,2,100000,33,0.00033,77,0.00077
-45,14,3,100000,27,0.00027,64,0.00064
-45,14,4,100000,40,0.0004,69,0.00069
-45,14,5,100000,28,0.00028,77,0.00077
-45,15,0,100000,38,0.00038,70,0.0007
-45,15,1,100000,42,0.00042,77,0.00077
-45,15,2,100000,32,0.00032,81,0.00081
-45,15,3,100000,39,0.00039,78,0.00078
-45,15,4,100000,15,0.00015,67,0.00067
-45,15,5,100000,31,0.00031,81,0.00081
-45,16,0,100000,47,0.00047,77,0.00077
-45,16,1,100000,31,0.00031,75,0.00075
-45,16,2,100000,21,0.00021,65,0.00065
-45,16,3,100000,33,0.00033,70,0.0007
-45,16,4,100000,32,0.00032,66,0.00066
-45,16,5,100000,27,0.00027,72,0.00072
-45,17,0,100000,29,0.00029,72,0.00072
-45,17,1,100000,37,0.00037,80,0.0008
-45,17,2,100000,24,0.00024,84,0.00084
-45,17,3,100000,28,0.00028,75,0.00075
-45,17,4,100000,57,0.00057,83,0.00083
-45,17,5,100000,30,0.0003,64,0.00064
-45,18,0,100000,23,0.00023,45,0.00045
-45,18,1,100000,25,0.00025,65,0.00065
-45,18,2,100000,16,0.00016,74,0.00074
-45,18,3,100000,39,0.00039,68,0.00068
-45,18,4,100000,37,0.00037,67,0.00067
-45,18,5,100000,17,0.00017,60,0.0006
-45,19,0,100000,42,0.00042,75,0.00075
-45,19,1,100000,27,0.00027,65,0.00065
-45,19,2,100000,25,0.00025,68,0.00068
-45,19,3,100000,27,0.00027,79,0.00079
-45,19,4,100000,24,0.00024,65,0.00065
-45,19,5,100000,32,0.00032,71,0.00071
-45,20,0,100000,30,0.0003,78,0.00078
-45,20,1,100000,25,0.00025,71,0.00071
-45,20,2,100000,28,0.00028,77,0.00077
-45,20,3,100000,61,0.00061,90,0.0009
-45,20,4,100000,44,0.00044,73,0.00073
-45,20,5,100000,54,0.00054,85,0.00085
-45,21,0,100000,34,0.00034,65,0.00065
-45,21,1,100000,20,0.0002,72,0.00072
-45,21,2,100000,31,0.00031,67,0.00067
-45,21,3,100000,26,0.00026,59,0.00059
-45,21,4,100000,25,0.00025,70,0.0007
-45,21,5,100000,42,0.00042,82,0.00082
-45,22,0,100000,25,0.00025,87,0.00087
-45,22,1,100000,24,0.00024,59,0.00059
-45,22,2,100000,24,0.00024,67,0.00067
-45,22,3,100000,29,0.00029,67,0.00067
-45,22,4,100000,40,0.0004,76,0.00076
-45,22,5,100000,35,0.00035,79,0.00079
-45,23,0,100000,21,0.00021,58,0.00058
-45,23,1,100000,28,0.00028,71,0.00071
-45,23,2,100000,34,0.00034,73,0.00073
-45,23,3,100000,21,0.00021,68,0.00068
-45,23,4,100000,26,0.00026,70,0.0007
-45,23,5,100000,27,0.00027,62,0.00062
-45,24,0,100000,19,0.00019,62,0.00062
-45,24,1,100000,49,0.00049,87,0.00087
-45,24,2,100000,60,0.0006,73,0.00073
-45,24,3,100000,18,0.00018,77,0.00077
-45,24,4,100000,24,0.00024,76,0.00076
-45,24,5,100000,29,0.00029,71,0.00071
-45,25,0,100000,44,0.00044,78,0.00078
-45,25,1,100000,34,0.00034,83,0.00083
-45,25,2,100000,20,0.0002,63,0.00063
-45,25,3,100000,18,0.00018,69,0.00069
-45,25,4,100000,18,0.00018,69,0.00069
-45,25,5,100000,24,0.00024,64,0.00064
-45,26,0,100000,31,0.00031,58,0.00058
-45,26,1,100000,19,0.00019,73,0.00073
-45,26,2,100000,30,0.0003,86,0.00086
-45,26,3,100000,27,0.00027,73,0.00073
-45,26,4,100000,26,0.00026,72,0.00072
-45,26,5,100000,22,0.00022,76,0.00076
-45,27,0,100000,50,0.0005,70,0.0007
-45,27,1,100000,36,0.00036,69,0.00069
-45,27,2,100000,29,0.00029,76,0.00076
-45,27,3,100000,16,0.00016,63,0.00063
-45,27,4,100000,32,0.00032,65,0.00065
-45,27,5,100000,21,0.00021,69,0.00069
-45,28,0,100000,22,0.00022,72,0.00072
-45,28,1,100000,46,0.00046,111,0.00111
-45,28,2,100000,29,0.00029,81,0.00081
-45,28,3,100000,37,0.00037,79,0.00079
-45,28,4,100000,28,0.00028,82,0.00082
-45,28,5,100000,24,0.00024,65,0.00065
-45,29,0,100000,26,0.00026,69,0.00069
-45,29,1,100000,53,0.00053,79,0.00079
-45,29,2,100000,38,0.00038,78,0.00078
-45,29,3,100000,26,0.00026,63,0.00063
-45,29,4,100000,28,0.00028,78,0.00078
-45,29,5,100000,32,0.00032,78,0.00078
-45,30,0,100000,33,0.00033,75,0.00075
-45,30,1,100000,17,0.00017,77,0.00077
-45,30,2,100000,35,0.00035,71,0.00071
-45,30,3,100000,33,0.00033,79,0.00079
-45,30,4,100000,32,0.00032,84,0.00084
-45,30,5,100000,22,0.00022,63,0.00063
-45,31,0,100000,40,0.0004,86,0.00086
-45,31,1,100000,41,0.00041,74,0.00074
-45,31,2,100000,26,0.00026,71,0.00071
-45,31,3,100000,42,0.00042,84,0.00084
-45,31,4,100000,31,0.00031,78,0.00078
-45,31,5,100000,29,0.00029,69,0.00069
-45,32,0,100000,39,0.00039,74,0.00074
-45,32,1,100000,33,0.00033,70,0.0007
-45,32,2,100000,50,0.0005,69,0.00069
-45,32,3,100000,25,0.00025,73,0.00073
-45,32,4,100000,22,0.00022,83,0.00083
-45,32,5,100000,50,0.0005,72,0.00072
-45,33,0,100000,26,0.00026,68,0.00068
-45,33,1,100000,42,0.00042,82,0.00082
-45,33,2,100000,33,0.00033,79,0.00079
-45,33,3,100000,26,0.00026,73,0.00073
-45,33,4,100000,50,0.0005,77,0.00077
-45,33,5,100000,24,0.00024,62,0.00062
-45,34,0,100000,35,0.00035,86,0.00086
-45,34,1,100000,39,0.00039,64,0.00064
-45,34,2,100000,15,0.00015,54,0.00054
-45,34,3,100000,29,0.00029,76,0.00076
-45,34,4,100000,29,0.00029,75,0.00075
-45,34,5,100000,30,0.0003,89,0.00089
-45,35,0,100000,27,0.00027,69,0.00069
-45,35,1,100000,30,0.0003,76,0.00076
-45,35,2,100000,18,0.00018,53,0.00053
-45,35,3,100000,22,0.00022,63,0.00063
-45,35,4,100000,43,0.00043,70,0.0007
-45,35,5,100000,36,0.00036,80,0.0008
-45,36,0,100000,30,0.0003,83,0.00083
-45,36,1,100000,16,0.00016,80,0.0008
-45,36,2,100000,31,0.00031,68,0.00068
-45,36,3,100000,20,0.0002,60,0.0006
-45,36,4,100000,33,0.00033,75,0.00075
-45,36,5,100000,21,0.00021,72,0.00072
-45,37,0,100000,27,0.00027,83,0.00083
-45,37,1,100000,47,0.00047,82,0.00082
-45,37,2,100000,52,0.00052,80,0.0008
-45,37,3,100000,49,0.00049,90,0.0009
-45,37,4,100000,28,0.00028,68,0.00068
-45,37,5,100000,54,0.00054,95,0.00095
-45,38,0,100000,36,0.00036,68,0.00068
-45,38,1,100000,31,0.00031,80,0.0008
-45,38,2,100000,34,0.00034,73,0.00073
-45,38,3,100000,24,0.00024,62,0.00062
-45,38,4,100000,53,0.00053,80,0.0008
-45,38,5,100000,37,0.00037,73,0.00073
-45,39,0,100000,37,0.00037,65,0.00065
-45,39,1,100000,27,0.00027,80,0.0008
-45,39,2,100000,31,0.00031,73,0.00073
-45,39,3,100000,29,0.00029,63,0.00063
-45,39,4,100000,26,0.00026,71,0.00071
-45,39,5,100000,23,0.00023,65,0.00065
-45,40,0,100000,17,0.00017,51,0.00051
-45,40,1,100000,16,0.00016,67,0.00067
-45,40,2,100000,22,0.00022,78,0.00078
-45,40,3,100000,24,0.00024,59,0.00059
-45,40,4,100000,30,0.0003,84,0.00084
-45,40,5,100000,22,0.00022,73,0.00073
-45,41,0,100000,32,0.00032,76,0.00076
-45,41,1,100000,40,0.0004,77,0.00077
-45,41,2,100000,21,0.00021,68,0.00068
-45,41,3,100000,39,0.00039,87,0.00087
-45,41,4,100000,24,0.00024,72,0.00072
-45,41,5,100000,33,0.00033,56,0.00056
-45,42,0,100000,56,0.00056,90,0.0009
-45,42,1,100000,41,0.00041,85,0.00085
-45,42,2,100000,53,0.00053,89,0.00089
-45,42,3,100000,28,0.00028,80,0.0008
-45,42,4,100000,41,0.00041,77,0.00077
-45,42,5,100000,50,0.0005,88,0.00088
-45,43,0,100000,22,0.00022,51,0.00051
-45,43,1,100000,26,0.00026,77,0.00077
-45,43,2,100000,41,0.00041,81,0.00081
-45,43,3,100000,23,0.00023,69,0.00069
-45,43,4,100000,41,0.00041,69,0.00069
-45,43,5,100000,24,0.00024,62,0.00062
-45,44,0,100000,30,0.0003,64,0.00064
-45,44,1,100000,28,0.00028,73,0.00073
-45,44,2,100000,20,0.0002,63,0.00063
-45,44,3,100000,24,0.00024,70,0.0007
-45,44,4,100000,23,0.00023,71,0.00071
-45,44,5,100000,47,0.00047,90,0.0009
-45,45,0,100000,39,0.00039,79,0.00079
-45,45,1,100000,22,0.00022,59,0.00059
-45,45,2,100000,42,0.00042,75,0.00075
-45,45,3,100000,39,0.00039,71,0.00071
-45,45,4,100000,31,0.00031,72,0.00072
-45,45,5,100000,32,0.00032,83,0.00083
-45,46,0,100000,41,0.00041,71,0.00071
-45,46,1,100000,20,0.0002,64,0.00064
-45,46,2,100000,34,0.00034,69,0.00069
-45,46,3,100000,15,0.00015,68,0.00068
-45,46,4,100000,15,0.00015,74,0.00074
-45,46,5,100000,49,0.00049,76,0.00076
-45,47,0,100000,28,0.00028,68,0.00068
-45,47,1,100000,24,0.00024,93,0.00093
-45,47,2,100000,37,0.00037,78,0.00078
-45,47,3,100000,38,0.00038,81,0.00081
-45,47,4,100000,26,0.00026,75,0.00075
-45,47,5,100000,27,0.00027,70,0.0007
-45,48,0,100000,27,0.00027,91,0.00091
-45,48,1,100000,41,0.00041,65,0.00065
-45,48,2,100000,24,0.00024,70,0.0007
-45,48,3,100000,17,0.00017,73,0.00073
-45,48,4,100000,24,0.00024,68,0.00068
-45,48,5,100000,38,0.00038,86,0.00086
-45,49,0,100000,24,0.00024,76,0.00076
-45,49,1,100000,20,0.0002,51,0.00051
-45,49,2,100000,41,0.00041,83,0.00083
-45,49,3,100000,50,0.0005,86,0.00086
-45,49,4,100000,18,0.00018,76,0.00076
-45,49,5,100000,17,0.00017,74,0.00074
-45,50,0,100000,31,0.00031,83,0.00083
-45,50,1,100000,25,0.00025,76,0.00076
-45,50,2,100000,47,0.00047,83,0.00083
-45,50,3,100000,30,0.0003,69,0.00069
-45,50,4,100000,37,0.00037,72,0.00072
-45,50,5,100000,29,0.00029,75,0.00075
-44,-50,0,100000,46,0.00046,71,0.00071
-44,-50,1,100000,50,0.0005,94,0.00094
-44,-50,2,100000,27,0.00027,65,0.00065
-44,-50,3,100000,29,0.00029,72,0.00072
-44,-50,4,100000,30,0.0003,88,0.00088
-44,-50,5,100000,22,0.00022,61,0.00061
-44,-49,0,100000,24,0.00024,61,0.00061
-44,-49,1,100000,23,0.00023,59,0.00059
-44,-49,2,100000,34,0.00034,69,0.00069
-44,-49,3,100000,35,0.00035,83,0.00083
-44,-49,4,100000,28,0.00028,74,0.00074
-44,-49,5,100000,33,0.00033,70,0.0007
-44,-48,0,100000,49,0.00049,79,0.00079
-44,-48,1,100000,27,0.00027,73,0.00073
-44,-48,2,100000,20,0.0002,63,0.00063
-44,-48,3,100000,45,0.00045,81,0.00081
-44,-48,4,100000,22,0.00022,73,0.00073
-44,-48,5,100000,28,0.00028,67,0.00067
-44,-47,0,100000,16,0.00016,62,0.00062
-44,-47,1,100000,32,0.00032,57,0.00057
-44,-47,2,100000,36,0.00036,71,0.00071
-44,-47,3,100000,36,0.00036,75,0.00075
-44,-47,4,100000,34,0.00034,59,0.00059
-44,-47,5,100000,36,0.00036,60,0.0006
-44,-46,0,100000,22,0.00022,67,0.00067
-44,-46,1,100000,39,0.00039,66,0.00066
-44,-46,2,100000,36,0.00036,83,0.00083
-44,-46,3,100000,36,0.00036,76,0.00076
-44,-46,4,100000,19,0.00019,72,0.00072
-44,-46,5,100000,26,0.00026,70,0.0007
-44,-45,0,100000,39,0.00039,81,0.00081
-44,-45,1,100000,19,0.00019,66,0.00066
-44,-45,2,100000,31,0.00031,65,0.00065
-44,-45,3,100000,21,0.00021,63,0.00063
-44,-45,4,100000,58,0.00058,94,0.00094
-44,-45,5,100000,9,9e-05,61,0.00061
-44,-44,0,100000,19,0.00019,73,0.00073
-44,-44,1,100000,28,0.00028,85,0.00085
-44,-44,2,100000,25,0.00025,79,0.00079
-44,-44,3,100000,19,0.00019,66,0.00066
-44,-44,4,100000,45,0.00045,73,0.00073
-44,-44,5,100000,41,0.00041,80,0.0008
-44,-43,0,100000,41,0.00041,97,0.00097
-44,-43,1,100000,28,0.00028,62,0.00062
-44,-43,2,100000,38,0.00038,71,0.00071
-44,-43,3,100000,32,0.00032,67,0.00067
-44,-43,4,100000,42,0.00042,59,0.00059
-44,-43,5,100000,19,0.00019,65,0.00065
-44,-42,0,100000,11,0.00011,75,0.00075
-44,-42,1,100000,19,0.00019,73,0.00073
-44,-42,2,100000,28,0.00028,77,0.00077
-44,-42,3,100000,39,0.00039,63,0.00063
-44,-42,4,100000,23,0.00023,82,0.00082
-44,-42,5,100000,19,0.00019,76,0.00076
-44,-41,0,100000,37,0.00037,75,0.00075
-44,-41,1,100000,32,0.00032,63,0.00063
-44,-41,2,100000,27,0.00027,83,0.00083
-44,-41,3,100000,24,0.00024,65,0.00065
-44,-41,4,100000,24,0.00024,61,0.00061
-44,-41,5,100000,34,0.00034,87,0.00087
-44,-40,0,100000,13,0.00013,60,0.0006
-44,-40,1,100000,18,0.00018,66,0.00066
-44,-40,2,100000,19,0.00019,63,0.00063
-44,-40,3,100000,23,0.00023,79,0.00079
-44,-40,4,100000,30,0.0003,76,0.00076
-44,-40,5,100000,22,0.00022,64,0.00064
-44,-39,0,100000,18,0.00018,89,0.00089
-44,-39,1,100000,49,0.00049,73,0.00073
-44,-39,2,100000,19,0.00019,66,0.00066
-44,-39,3,100000,38,0.00038,76,0.00076
-44,-39,4,100000,22,0.00022,69,0.00069
-44,-39,5,100000,18,0.00018,69,0.00069
-44,-38,0,100000,36,0.00036,73,0.00073
-44,-38,1,100000,45,0.00045,79,0.00079
-44,-38,2,100000,27,0.00027,60,0.0006
-44,-38,3,100000,19,0.00019,67,0.00067
-44,-38,4,100000,32,0.00032,77,0.00077
-44,-38,5,100000,28,0.00028,68,0.00068
-44,-37,0,100000,17,0.00017,57,0.00057
-44,-37,1,100000,28,0.00028,63,0.00063
-44,-37,2,100000,34,0.00034,77,0.00077
-44,-37,3,100000,50,0.0005,82,0.00082
-44,-37,4,100000,33,0.00033,73,0.00073
-44,-37,5,100000,23,0.00023,68,0.00068
-44,-36,0,100000,36,0.00036,73,0.00073
-44,-36,1,100000,38,0.00038,76,0.00076
-44,-36,2,100000,18,0.00018,69,0.00069
-44,-36,3,100000,37,0.00037,80,0.0008
-44,-36,4,100000,41,0.00041,72,0.00072
-44,-36,5,100000,34,0.00034,94,0.00094
-44,-35,0,100000,20,0.0002,75,0.00075
-44,-35,1,100000,36,0.00036,82,0.00082
-44,-35,2,100000,32,0.00032,68,0.00068
-44,-35,3,100000,16,0.00016,62,0.00062
-44,-35,4,100000,36,0.00036,84,0.00084
-44,-35,5,100000,47,0.00047,79,0.00079
-44,-34,0,100000,29,0.00029,77,0.00077
-44,-34,1,100000,52,0.00052,68,0.00068
-44,-34,2,100000,33,0.00033,77,0.00077
-44,-34,3,100000,22,0.00022,62,0.00062
-44,-34,4,100000,41,0.00041,80,0.0008
-44,-34,5,100000,22,0.00022,78,0.00078
-44,-33,0,100000,52,0.00052,80,0.0008
-44,-33,1,100000,34,0.00034,78,0.00078
-44,-33,2,100000,19,0.00019,59,0.00059
-44,-33,3,100000,35,0.00035,79,0.00079
-44,-33,4,100000,41,0.00041,80,0.0008
-44,-33,5,100000,37,0.00037,88,0.00088
-44,-32,0,100000,29,0.00029,84,0.00084
-44,-32,1,100000,41,0.00041,81,0.00081
-44,-32,2,100000,16,0.00016,57,0.00057
-44,-32,3,100000,38,0.00038,76,0.00076
-44,-32,4,100000,25,0.00025,76,0.00076
-44,-32,5,100000,33,0.00033,74,0.00074
-44,-31,0,100000,32,0.00032,83,0.00083
-44,-31,1,100000,22,0.00022,73,0.00073
-44,-31,2,100000,22,0.00022,64,0.00064
-44,-31,3,100000,37,0.00037,72,0.00072
-44,-31,4,100000,42,0.00042,68,0.00068
-44,-31,5,100000,36,0.00036,72,0.00072
-44,-30,0,100000,40,0.0004,72,0.00072
-44,-30,1,100000,43,0.00043,74,0.00074
-44,-30,2,100000,26,0.00026,68,0.00068
-44,-30,3,100000,19,0.00019,82,0.00082
-44,-30,4,100000,44,0.00044,70,0.0007
-44,-30,5,100000,32,0.00032,70,0.0007
-44,-29,0,100000,39,0.00039,73,0.00073
-44,-29,1,100000,31,0.00031,77,0.00077
-44,-29,2,100000,32,0.00032,80,0.0008
-44,-29,3,100000,32,0.00032,77,0.00077
-44,-29,4,100000,32,0.00032,73,0.00073
-44,-29,5,100000,33,0.00033,77,0.00077
-44,-28,0,100000,29,0.00029,76,0.00076
-44,-28,1,100000,26,0.00026,85,0.00085
-44,-28,2,100000,35,0.00035,72,0.00072
-44,-28,3,100000,32,0.00032,85,0.00085
-44,-28,4,100000,18,0.00018,61,0.00061
-44,-28,5,100000,27,0.00027,75,0.00075
-44,-27,0,100000,30,0.0003,72,0.00072
-44,-27,1,100000,29,0.00029,75,0.00075
-44,-27,2,100000,26,0.00026,67,0.00067
-44,-27,3,100000,43,0.00043,82,0.00082
-44,-27,4,100000,20,0.0002,60,0.0006
-44,-27,5,100000,20,0.0002,75,0.00075
-44,-26,0,100000,24,0.00024,75,0.00075
-44,-26,1,100000,42,0.00042,84,0.00084
-44,-26,2,100000,38,0.00038,84,0.00084
-44,-26,3,100000,47,0.00047,74,0.00074
-44,-26,4,100000,33,0.00033,72,0.00072
-44,-26,5,100000,41,0.00041,70,0.0007
-44,-25,0,100000,32,0.00032,62,0.00062
-44,-25,1,100000,30,0.0003,77,0.00077
-44,-25,2,100000,39,0.00039,86,0.00086
-44,-25,3,100000,26,0.00026,59,0.00059
-44,-25,4,100000,34,0.00034,80,0.0008
-44,-25,5,100000,43,0.00043,93,0.00093
-44,-24,0,100000,30,0.0003,88,0.00088
-44,-24,1,100000,27,0.00027,61,0.00061
-44,-24,2,100000,32,0.00032,74,0.00074
-44,-24,3,100000,14,0.00014,60,0.0006
-44,-24,4,100000,34,0.00034,76,0.00076
-44,-24,5,100000,21,0.00021,77,0.00077
-44,-23,0,100000,28,0.00028,64,0.00064
-44,-23,1,100000,17,0.00017,49,0.00049
-44,-23,2,100000,30,0.0003,88,0.00088
-44,-23,3,100000,22,0.00022,63,0.00063
-44,-23,4,100000,25,0.00025,89,0.00089
-44,-23,5,100000,35,0.00035,66,0.00066
-44,-22,0,100000,29,0.00029,73,0.00073
-44,-22,1,100000,24,0.00024,59,0.00059
-44,-22,2,100000,33,0.00033,62,0.00062
-44,-22,3,100000,22,0.00022,60,0.0006
-44,-22,4,100000,16,0.00016,63,0.00063
-44,-22,5,100000,33,0.00033,73,0.00073
-44,-21,0,100000,29,0.00029,59,0.00059
-44,-21,1,100000,44,0.00044,79,0.00079
-44,-21,2,100000,17,0.00017,69,0.00069
-44,-21,3,100000,32,0.00032,72,0.00072
-44,-21,4,100000,47,0.00047,89,0.00089
-44,-21,5,100000,31,0.00031,77,0.00077
-44,-20,0,100000,28,0.00028,73,0.00073
-44,-20,1,100000,55,0.00055,73,0.00073
-44,-20,2,100000,33,0.00033,76,0.00076
-44,-20,3,100000,19,0.00019,90,0.0009
-44,-20,4,100000,24,0.00024,72,0.00072
-44,-20,5,100000,20,0.0002,69,0.00069
-44,-19,0,100000,39,0.00039,78,0.00078
-44,-19,1,100000,42,0.00042,92,0.00092
-44,-19,2,100000,35,0.00035,69,0.00069
-44,-19,3,100000,30,0.0003,67,0.00067
-44,-19,4,100000,36,0.00036,78,0.00078
-44,-19,5,100000,44,0.00044,82,0.00082
-44,-18,0,100000,29,0.00029,64,0.00064
-44,-18,1,100000,32,0.00032,73,0.00073
-44,-18,2,100000,36,0.00036,59,0.00059
-44,-18,3,100000,21,0.00021,63,0.00063
-44,-18,4,100000,33,0.00033,64,0.00064
-44,-18,5,100000,29,0.00029,66,0.00066
-44,-17,0,100000,31,0.00031,90,0.0009
-44,-17,1,100000,34,0.00034,90,0.0009
-44,-17,2,100000,50,0.0005,76,0.00076
-44,-17,3,100000,39,0.00039,62,0.00062
-44,-17,4,100000,60,0.0006,70,0.0007
-44,-17,5,100000,37,0.00037,83,0.00083
-44,-16,0,100000,40,0.0004,75,0.00075
-44,-16,1,100000,22,0.00022,62,0.00062
-44,-16,2,100000,41,0.00041,73,0.00073
-44,-16,3,100000,18,0.00018,62,0.00062
-44,-16,4,100000,40,0.0004,90,0.0009
-44,-16,5,100000,35,0.00035,61,0.00061
-44,-15,0,100000,22,0.00022,74,0.00074
-44,-15,1,100000,19,0.00019,63,0.00063
-44,-15,2,100000,52,0.00052,78,0.00078
-44,-15,3,100000,30,0.0003,70,0.0007
-44,-15,4,100000,21,0.00021,73,0.00073
-44,-15,5,100000,22,0.00022,57,0.00057
-44,-14,0,100000,35,0.00035,86,0.00086
-44,-14,1,100000,23,0.00023,70,0.0007
-44,-14,2,100000,25,0.00025,66,0.00066
-44,-14,3,100000,32,0.00032,77,0.00077
-44,-14,4,100000,37,0.00037,84,0.00084
-44,-14,5,100000,18,0.00018,56,0.00056
-44,-13,0,100000,47,0.00047,78,0.00078
-44,-13,1,100000,28,0.00028,68,0.00068
-44,-13,2,100000,32,0.00032,72,0.00072
-44,-13,3,100000,29,0.00029,73,0.00073
-44,-13,4,100000,18,0.00018,75,0.00075
-44,-13,5,100000,25,0.00025,62,0.00062
-44,-12,0,100000,20,0.0002,69,0.00069
-44,-12,1,100000,33,0.00033,65,0.00065
-44,-12,2,100000,31,0.00031,82,0.00082
-44,-12,3,100000,35,0.00035,69,0.00069
-44,-12,4,100000,29,0.00029,67,0.00067
-44,-12,5,100000,34,0.00034,72,0.00072
-44,-11,0,100000,23,0.00023,71,0.00071
-44,-11,1,100000,39,0.00039,71,0.00071
-44,-11,2,100000,33,0.00033,82,0.00082
-44,-11,3,100000,20,0.0002,75,0.00075
-44,-11,4,100000,39,0.00039,67,0.00067
-44,-11,5,100000,36,0.00036,78,0.00078
-44,-10,0,100000,17,0.00017,70,0.0007
-44,-10,1,100000,50,0.0005,86,0.00086
-44,-10,2,100000,45,0.00045,72,0.00072
-44,-10,3,100000,31,0.00031,70,0.0007
-44,-10,4,100000,51,0.00051,70,0.0007
-44,-10,5,100000,31,0.00031,72,0.00072
-44,-9,0,100000,36,0.00036,71,0.00071
-44,-9,1,100000,24,0.00024,65,0.00065
-44,-9,2,100000,26,0.00026,79,0.00079
-44,-9,3,100000,34,0.00034,80,0.0008
-44,-9,4,100000,36,0.00036,72,0.00072
-44,-9,5,100000,28,0.00028,75,0.00075
-44,-8,0,100000,26,0.00026,79,0.00079
-44,-8,1,100000,33,0.00033,77,0.00077
-44,-8,2,100000,38,0.00038,69,0.00069
-44,-8,3,100000,29,0.00029,70,0.0007
-44,-8,4,100000,42,0.00042,72,0.00072
-44,-8,5,100000,24,0.00024,60,0.0006
-44,-7,0,100000,31,0.00031,76,0.00076
-44,-7,1,100000,23,0.00023,78,0.00078
-44,-7,2,100000,25,0.00025,63,0.00063
-44,-7,3,100000,31,0.00031,81,0.00081
-44,-7,4,100000,30,0.0003,81,0.00081
-44,-7,5,100000,40,0.0004,75,0.00075
-44,-6,0,100000,15,0.00015,78,0.00078
-44,-6,1,100000,40,0.0004,65,0.00065
-44,-6,2,100000,22,0.00022,63,0.00063
-44,-6,3,100000,43,0.00043,84,0.00084
-44,-6,4,100000,40,0.0004,71,0.00071
-44,-6,5,100000,33,0.00033,54,0.00054
-44,-5,0,100000,36,0.00036,89,0.00089
-44,-5,1,100000,30,0.0003,67,0.00067
-44,-5,2,100000,22,0.00022,74,0.00074
-44,-5,3,100000,31,0.00031,66,0.00066
-44,-5,4,100000,35,0.00035,82,0.00082
-44,-5,5,100000,38,0.00038,69,0.00069
-44,-4,0,100000,13,0.00013,71,0.00071
-44,-4,1,100000,21,0.00021,57,0.00057
-44,-4,2,100000,46,0.00046,73,0.00073
-44,-4,3,100000,21,0.00021,68,0.00068
-44,-4,4,100000,36,0.00036,64,0.00064
-44,-4,5,100000,35,0.00035,76,0.00076
-44,-3,0,100000,27,0.00027,67,0.00067
-44,-3,1,100000,27,0.00027,70,0.0007
-44,-3,2,100000,18,0.00018,60,0.0006
-44,-3,3,100000,19,0.00019,58,0.00058
-44,-3,4,100000,32,0.00032,58,0.00058
-44,-3,5,100000,33,0.00033,62,0.00062
-44,-2,0,100000,20,0.0002,76,0.00076
-44,-2,1,100000,26,0.00026,75,0.00075
-44,-2,2,100000,33,0.00033,80,0.0008
-44,-2,3,100000,22,0.00022,72,0.00072
-44,-2,4,100000,45,0.00045,88,0.00088
-44,-2,5,100000,12,0.00012,60,0.0006
-44,-1,0,100000,26,0.00026,67,0.00067
-44,-1,1,100000,30,0.0003,77,0.00077
-44,-1,2,100000,23,0.00023,74,0.00074
-44,-1,3,100000,30,0.0003,70,0.0007
-44,-1,4,100000,22,0.00022,59,0.00059
-44,-1,5,100000,29,0.00029,71,0.00071
-44,0,0,100000,25,0.00025,65,0.00065
-44,0,1,100000,37,0.00037,73,0.00073
-44,0,2,100000,34,0.00034,81,0.00081
-44,0,3,100000,29,0.00029,90,0.0009
-44,0,4,100000,41,0.00041,79,0.00079
-44,0,5,100000,46,0.00046,84,0.00084
-44,1,0,100000,11,0.00011,58,0.00058
-44,1,1,100000,32,0.00032,76,0.00076
-44,1,2,100000,25,0.00025,66,0.00066
-44,1,3,100000,30,0.0003,69,0.00069
-44,1,4,100000,45,0.00045,68,0.00068
-44,1,5,100000,48,0.00048,76,0.00076
-44,2,0,100000,33,0.00033,82,0.00082
-44,2,1,100000,52,0.00052,83,0.00083
-44,2,2,100000,23,0.00023,70,0.0007
-44,2,3,100000,22,0.00022,70,0.0007
-44,2,4,100000,54,0.00054,79,0.00079
-44,2,5,100000,44,0.00044,86,0.00086
-44,3,0,100000,45,0.00045,64,0.00064
-44,3,1,100000,29,0.00029,70,0.0007
-44,3,2,100000,38,0.00038,79,0.00079
-44,3,3,100000,32,0.00032,71,0.00071
-44,3,4,100000,38,0.00038,79,0.00079
-44,3,5,100000,53,0.00053,70,0.0007
-44,4,0,100000,36,0.00036,68,0.00068
-44,4,1,100000,18,0.00018,54,0.00054
-44,4,2,100000,27,0.00027,74,0.00074
-44,4,3,100000,32,0.00032,72,0.00072
-44,4,4,100000,34,0.00034,64,0.00064
-44,4,5,100000,44,0.00044,87,0.00087
-44,5,0,100000,33,0.00033,68,0.00068
-44,5,1,100000,37,0.00037,79,0.00079
-44,5,2,100000,48,0.00048,75,0.00075
-44,5,3,100000,37,0.00037,71,0.00071
-44,5,4,100000,19,0.00019,58,0.00058
-44,5,5,100000,52,0.00052,98,0.00098
-44,6,0,100000,25,0.00025,63,0.00063
-44,6,1,100000,34,0.00034,72,0.00072
-44,6,2,100000,43,0.00043,80,0.0008
-44,6,3,100000,39,0.00039,78,0.00078
-44,6,4,100000,48,0.00048,82,0.00082
-44,6,5,100000,27,0.00027,76,0.00076
-44,7,0,100000,31,0.00031,85,0.00085
-44,7,1,100000,24,0.00024,77,0.00077
-44,7,2,100000,36,0.00036,69,0.00069
-44,7,3,100000,29,0.00029,64,0.00064
-44,7,4,100000,40,0.0004,77,0.00077
-44,7,5,100000,31,0.00031,75,0.00075
-44,8,0,100000,44,0.00044,89,0.00089
-44,8,1,100000,23,0.00023,85,0.00085
-44,8,2,100000,38,0.00038,75,0.00075
-44,8,3,100000,29,0.00029,72,0.00072
-44,8,4,100000,26,0.00026,58,0.00058
-44,8,5,100000,49,0.00049,86,0.00086
-44,9,0,100000,36,0.00036,93,0.00093
-44,9,1,100000,40,0.0004,58,0.00058
-44,9,2,100000,38,0.00038,77,0.00077
-44,9,3,100000,28,0.00028,74,0.00074
-44,9,4,100000,12,0.00012,76,0.00076
-44,9,5,100000,27,0.00027,73,0.00073
-44,10,0,100000,32,0.00032,68,0.00068
-44,10,1,100000,21,0.00021,58,0.00058
-44,10,2,100000,38,0.00038,76,0.00076
-44,10,3,100000,20,0.0002,66,0.00066
-44,10,4,100000,35,0.00035,53,0.00053
-44,10,5,100000,40,0.0004,80,0.0008
-44,11,0,100000,33,0.00033,74,0.00074
-44,11,1,100000,25,0.00025,78,0.00078
-44,11,2,100000,23,0.00023,56,0.00056
-44,11,3,100000,43,0.00043,81,0.00081
-44,11,4,100000,25,0.00025,77,0.00077
-44,11,5,100000,31,0.00031,88,0.00088
-44,12,0,100000,42,0.00042,85,0.00085
-44,12,1,100000,18,0.00018,77,0.00077
-44,12,2,100000,20,0.0002,57,0.00057
-44,12,3,100000,26,0.00026,79,0.00079
-44,12,4,100000,41,0.00041,77,0.00077
-44,12,5,100000,22,0.00022,66,0.00066
-44,13,0,100000,33,0.00033,81,0.00081
-44,13,1,100000,32,0.00032,72,0.00072
-44,13,2,100000,22,0.00022,67,0.00067
-44,13,3,100000,38,0.00038,64,0.00064
-44,13,4,100000,13,0.00013,56,0.00056
-44,13,5,100000,29,0.00029,73,0.00073
-44,14,0,100000,29,0.00029,65,0.00065
-44,14,1,100000,33,0.00033,76,0.00076
-44,14,2,100000,22,0.00022,70,0.0007
-44,14,3,100000,30,0.0003,74,0.00074
-44,14,4,100000,38,0.00038,53,0.00053
-44,14,5,100000,17,0.00017,68,0.00068
-44,15,0,100000,34,0.00034,80,0.0008
-44,15,1,100000,34,0.00034,67,0.00067
-44,15,2,100000,46,0.00046,83,0.00083
-44,15,3,100000,32,0.00032,71,0.00071
-44,15,4,100000,39,0.00039,72,0.00072
-44,15,5,100000,37,0.00037,70,0.0007
-44,16,0,100000,31,0.00031,72,0.00072
-44,16,1,100000,22,0.00022,69,0.00069
-44,16,2,100000,32,0.00032,83,0.00083
-44,16,3,100000,32,0.00032,67,0.00067
-44,16,4,100000,26,0.00026,62,0.00062
-44,16,5,100000,21,0.00021,70,0.0007
-44,17,0,100000,14,0.00014,68,0.00068
-44,17,1,100000,17,0.00017,60,0.0006
-44,17,2,100000,41,0.00041,74,0.00074
-44,17,3,100000,23,0.00023,68,0.00068
-44,17,4,100000,42,0.00042,74,0.00074
-44,17,5,100000,38,0.00038,86,0.00086
-44,18,0,100000,26,0.00026,70,0.0007
-44,18,1,100000,31,0.00031,74,0.00074
-44,18,2,100000,48,0.00048,69,0.00069
-44,18,3,100000,19,0.00019,78,0.00078
-44,18,4,100000,42,0.00042,89,0.00089
-44,18,5,100000,47,0.00047,70,0.0007
-44,19,0,100000,57,0.00057,77,0.00077
-44,19,1,100000,19,0.00019,62,0.00062
-44,19,2,100000,25,0.00025,72,0.00072
-44,19,3,100000,35,0.00035,71,0.00071
-44,19,4,100000,22,0.00022,72,0.00072
-44,19,5,100000,33,0.00033,75,0.00075
-44,20,0,100000,20,0.0002,68,0.00068
-44,20,1,100000,38,0.00038,54,0.00054
-44,20,2,100000,42,0.00042,74,0.00074
-44,20,3,100000,32,0.00032,65,0.00065
-44,20,4,100000,33,0.00033,69,0.00069
-44,20,5,100000,23,0.00023,65,0.00065
-44,21,0,100000,29,0.00029,81,0.00081
-44,21,1,100000,50,0.0005,87,0.00087
-44,21,2,100000,46,0.00046,77,0.00077
-44,21,3,100000,27,0.00027,78,0.00078
-44,21,4,100000,39,0.00039,71,0.00071
-44,21,5,100000,49,0.00049,81,0.00081
-44,22,0,100000,34,0.00034,80,0.0008
-44,22,1,100000,19,0.00019,64,0.00064
-44,22,2,100000,31,0.00031,70,0.0007
-44,22,3,100000,27,0.00027,79,0.00079
-44,22,4,100000,35,0.00035,81,0.00081
-44,22,5,100000,14,0.00014,69,0.00069
-44,23,0,100000,48,0.00048,84,0.00084
-44,23,1,100000,13,0.00013,62,0.00062
-44,23,2,100000,19,0.00019,64,0.00064
-44,23,3,100000,41,0.00041,59,0.00059
-44,23,4,100000,11,0.00011,50,0.0005
-44,23,5,100000,43,0.00043,80,0.0008
-44,24,0,100000,22,0.00022,75,0.00075
-44,24,1,100000,14,0.00014,49,0.00049
-44,24,2,100000,26,0.00026,60,0.0006
-44,24,3,100000,30,0.0003,86,0.00086
-44,24,4,100000,15,0.00015,62,0.00062
-44,24,5,100000,30,0.0003,61,0.00061
-44,25,0,100000,25,0.00025,78,0.00078
-44,25,1,100000,37,0.00037,78,0.00078
-44,25,2,100000,30,0.0003,69,0.00069
-44,25,3,100000,19,0.00019,53,0.00053
-44,25,4,100000,44,0.00044,70,0.0007
-44,25,5,100000,31,0.00031,62,0.00062
-44,26,0,100000,15,0.00015,52,0.00052
-44,26,1,100000,16,0.00016,59,0.00059
-44,26,2,100000,15,0.00015,66,0.00066
-44,26,3,100000,26,0.00026,66,0.00066
-44,26,4,100000,27,0.00027,75,0.00075
-44,26,5,100000,28,0.00028,72,0.00072
-44,27,0,100000,20,0.0002,55,0.00055
-44,27,1,100000,25,0.00025,62,0.00062
-44,27,2,100000,47,0.00047,70,0.0007
-44,27,3,100000,36,0.00036,65,0.00065
-44,27,4,100000,44,0.00044,75,0.00075
-44,27,5,100000,22,0.00022,59,0.00059
-44,28,0,100000,33,0.00033,75,0.00075
-44,28,1,100000,20,0.0002,87,0.00087
-44,28,2,100000,18,0.00018,72,0.00072
-44,28,3,100000,31,0.00031,73,0.00073
-44,28,4,100000,14,0.00014,66,0.00066
-44,28,5,100000,48,0.00048,75,0.00075
-44,29,0,100000,26,0.00026,69,0.00069
-44,29,1,100000,21,0.00021,61,0.00061
-44,29,2,100000,18,0.00018,85,0.00085
-44,29,3,100000,26,0.00026,63,0.00063
-44,29,4,100000,38,0.00038,61,0.00061
-44,29,5,100000,30,0.0003,69,0.00069
-44,30,0,100000,29,0.00029,70,0.0007
-44,30,1,100000,51,0.00051,74,0.00074
-44,30,2,100000,27,0.00027,65,0.00065
-44,30,3,100000,22,0.00022,72,0.00072
-44,30,4,100000,25,0.00025,69,0.00069
-44,30,5,100000,33,0.00033,60,0.0006
-44,31,0,100000,34,0.00034,74,0.00074
-44,31,1,100000,39,0.00039,54,0.00054
-44,31,2,100000,28,0.00028,58,0.00058
-44,31,3,100000,33,0.00033,59,0.00059
-44,31,4,100000,45,0.00045,73,0.00073
-44,31,5,100000,27,0.00027,68,0.00068
-44,32,0,100000,28,0.00028,66,0.00066
-44,32,1,100000,33,0.00033,65,0.00065
-44,32,2,100000,29,0.00029,74,0.00074
-44,32,3,100000,23,0.00023,57,0.00057
-44,32,4,100000,28,0.00028,80,0.0008
-44,32,5,100000,33,0.00033,74,0.00074
-44,33,0,100000,25,0.00025,64,0.00064
-44,33,1,100000,28,0.00028,69,0.00069
-44,33,2,100000,21,0.00021,76,0.00076
-44,33,3,100000,23,0.00023,68,0.00068
-44,33,4,100000,37,0.00037,68,0.00068
-44,33,5,100000,29,0.00029,68,0.00068
-44,34,0,100000,28,0.00028,72,0.00072
-44,34,1,100000,24,0.00024,69,0.00069
-44,34,2,100000,17,0.00017,62,0.00062
-44,34,3,100000,45,0.00045,79,0.00079
-44,34,4,100000,41,0.00041,83,0.00083
-44,34,5,100000,41,0.00041,78,0.00078
-44,35,0,100000,52,0.00052,67,0.00067
-44,35,1,100000,26,0.00026,71,0.00071
-44,35,2,100000,37,0.00037,80,0.0008
-44,35,3,100000,18,0.00018,78,0.00078
-44,35,4,100000,23,0.00023,79,0.00079
-44,35,5,100000,19,0.00019,75,0.00075
-44,36,0,100000,34,0.00034,78,0.00078
-44,36,1,100000,21,0.00021,67,0.00067
-44,36,2,100000,39,0.00039,63,0.00063
-44,36,3,100000,44,0.00044,82,0.00082
-44,36,4,100000,11,0.00011,52,0.00052
-44,36,5,100000,24,0.00024,68,0.00068
-44,37,0,100000,14,0.00014,55,0.00055
-44,37,1,100000,40,0.0004,83,0.00083
-44,37,2,100000,24,0.00024,66,0.00066
-44,37,3,100000,38,0.00038,80,0.0008
-44,37,4,100000,13,0.00013,66,0.00066
-44,37,5,100000,42,0.00042,81,0.00081
-44,38,0,100000,37,0.00037,84,0.00084
-44,38,1,100000,16,0.00016,63,0.00063
-44,38,2,100000,30,0.0003,76,0.00076
-44,38,3,100000,47,0.00047,84,0.00084
-44,38,4,100000,28,0.00028,85,0.00085
-44,38,5,100000,31,0.00031,62,0.00062
-44,39,0,100000,39,0.00039,85,0.00085
-44,39,1,100000,36,0.00036,71,0.00071
-44,39,2,100000,46,0.00046,73,0.00073
-44,39,3,100000,42,0.00042,84,0.00084
-44,39,4,100000,24,0.00024,64,0.00064
-44,39,5,100000,49,0.00049,85,0.00085
-44,40,0,100000,31,0.00031,87,0.00087
-44,40,1,100000,38,0.00038,74,0.00074
-44,40,2,100000,27,0.00027,65,0.00065
-44,40,3,100000,22,0.00022,75,0.00075
-44,40,4,100000,33,0.00033,90,0.0009
-44,40,5,100000,31,0.00031,92,0.00092
-44,41,0,100000,35,0.00035,68,0.00068
-44,41,1,100000,48,0.00048,71,0.00071
-44,41,2,100000,25,0.00025,74,0.00074
-44,41,3,100000,36,0.00036,82,0.00082
-44,41,4,100000,39,0.00039,79,0.00079
-44,41,5,100000,27,0.00027,84,0.00084
-44,42,0,100000,24,0.00024,81,0.00081
-44,42,1,100000,34,0.00034,64,0.00064
-44,42,2,100000,40,0.0004,88,0.00088
-44,42,3,100000,35,0.00035,72,0.00072
-44,42,4,100000,33,0.00033,79,0.00079
-44,42,5,100000,23,0.00023,78,0.00078
-44,43,0,100000,55,0.00055,87,0.00087
-44,43,1,100000,19,0.00019,67,0.00067
-44,43,2,100000,47,0.00047,82,0.00082
-44,43,3,100000,30,0.0003,75,0.00075
-44,43,4,100000,34,0.00034,74,0.00074
-44,43,5,100000,26,0.00026,79,0.00079
-44,44,0,100000,38,0.00038,93,0.00093
-44,44,1,100000,31,0.00031,82,0.00082
-44,44,2,100000,32,0.00032,71,0.00071
-44,44,3,100000,41,0.00041,82,0.00082
-44,44,4,100000,30,0.0003,81,0.00081
-44,44,5,100000,43,0.00043,72,0.00072
-44,45,0,100000,21,0.00021,60,0.0006
-44,45,1,100000,33,0.00033,75,0.00075
-44,45,2,100000,15,0.00015,60,0.0006
-44,45,3,100000,17,0.00017,65,0.00065
-44,45,4,100000,40,0.0004,70,0.0007
-44,45,5,100000,18,0.00018,66,0.00066
-44,46,0,100000,32,0.00032,71,0.00071
-44,46,1,100000,16,0.00016,67,0.00067
-44,46,2,100000,34,0.00034,64,0.00064
-44,46,3,100000,32,0.00032,79,0.00079
-44,46,4,100000,35,0.00035,64,0.00064
-44,46,5,100000,36,0.00036,69,0.00069
-44,47,0,100000,41,0.00041,81,0.00081
-44,47,1,100000,25,0.00025,75,0.00075
-44,47,2,100000,35,0.00035,71,0.00071
-44,47,3,100000,28,0.00028,65,0.00065
-44,47,4,100000,30,0.0003,71,0.00071
-44,47,5,100000,31,0.00031,81,0.00081
-44,48,0,100000,35,0.00035,83,0.00083
-44,48,1,100000,30,0.0003,80,0.0008
-44,48,2,100000,46,0.00046,78,0.00078
-44,48,3,100000,34,0.00034,67,0.00067
-44,48,4,100000,32,0.00032,61,0.00061
-44,48,5,100000,25,0.00025,76,0.00076
-44,49,0,100000,26,0.00026,72,0.00072
-44,49,1,100000,31,0.00031,73,0.00073
-44,49,2,100000,20,0.0002,71,0.00071
-44,49,3,100000,43,0.00043,68,0.00068
-44,49,4,100000,29,0.00029,62,0.00062
-44,49,5,100000,29,0.00029,87,0.00087
-44,50,0,100000,42,0.00042,85,0.00085
-44,50,1,100000,27,0.00027,65,0.00065
-44,50,2,100000,23,0.00023,69,0.00069
-44,50,3,100000,42,0.00042,71,0.00071
-44,50,4,100000,17,0.00017,57,0.00057
-44,50,5,100000,31,0.00031,83,0.00083
-43,-50,0,100000,22,0.00022,67,0.00067
-43,-50,1,100000,27,0.00027,73,0.00073
-43,-50,2,100000,13,0.00013,67,0.00067
-43,-50,3,100000,18,0.00018,68,0.00068
-43,-50,4,100000,31,0.00031,68,0.00068
-43,-50,5,100000,21,0.00021,69,0.00069
-43,-49,0,100000,33,0.00033,86,0.00086
-43,-49,1,100000,21,0.00021,71,0.00071
-43,-49,2,100000,42,0.00042,84,0.00084
-43,-49,3,100000,26,0.00026,62,0.00062
-43,-49,4,100000,49,0.00049,70,0.0007
-43,-49,5,100000,23,0.00023,74,0.00074
-43,-48,0,100000,39,0.00039,66,0.00066
-43,-48,1,100000,29,0.00029,64,0.00064
-43,-48,2,100000,42,0.00042,69,0.00069
-43,-48,3,100000,23,0.00023,69,0.00069
-43,-48,4,100000,29,0.00029,80,0.0008
-43,-48,5,100000,42,0.00042,78,0.00078
-43,-47,0,100000,33,0.00033,75,0.00075
-43,-47,1,100000,32,0.00032,80,0.0008
-43,-47,2,100000,30,0.0003,76,0.00076
-43,-47,3,100000,35,0.00035,64,0.00064
-43,-47,4,100000,33,0.00033,69,0.00069
-43,-47,5,100000,20,0.0002,68,0.00068
-43,-46,0,100000,21,0.00021,65,0.00065
-43,-46,1,100000,37,0.00037,63,0.00063
-43,-46,2,100000,29,0.00029,69,0.00069
-43,-46,3,100000,14,0.00014,62,0.00062
-43,-46,4,100000,36,0.00036,74,0.00074
-43,-46,5,100000,43,0.00043,72,0.00072
-43,-45,0,100000,39,0.00039,66,0.00066
-43,-45,1,100000,31,0.00031,88,0.00088
-43,-45,2,100000,24,0.00024,75,0.00075
-43,-45,3,100000,29,0.00029,55,0.00055
-43,-45,4,100000,20,0.0002,65,0.00065
-43,-45,5,100000,33,0.00033,64,0.00064
-43,-44,0,100000,35,0.00035,65,0.00065
-43,-44,1,100000,31,0.00031,79,0.00079
-43,-44,2,100000,27,0.00027,66,0.00066
-43,-44,3,100000,30,0.0003,62,0.00062
-43,-44,4,100000,69,0.00069,82,0.00082
-43,-44,5,100000,40,0.0004,82,0.00082
-43,-43,0,100000,36,0.00036,56,0.00056
-43,-43,1,100000,48,0.00048,71,0.00071
-43,-43,2,100000,34,0.00034,81,0.00081
-43,-43,3,100000,41,0.00041,75,0.00075
-43,-43,4,100000,34,0.00034,69,0.00069
-43,-43,5,100000,29,0.00029,86,0.00086
-43,-42,0,100000,47,0.00047,86,0.00086
-43,-42,1,100000,28,0.00028,55,0.00055
-43,-42,2,100000,30,0.0003,86,0.00086
-43,-42,3,100000,24,0.00024,65,0.00065
-43,-42,4,100000,38,0.00038,78,0.00078
-43,-42,5,100000,27,0.00027,80,0.0008
-43,-41,0,100000,36,0.00036,74,0.00074
-43,-41,1,100000,41,0.00041,64,0.00064
-43,-41,2,100000,34,0.00034,82,0.00082
-43,-41,3,100000,39,0.00039,70,0.0007
-43,-41,4,100000,29,0.00029,75,0.00075
-43,-41,5,100000,19,0.00019,69,0.00069
-43,-40,0,100000,21,0.00021,70,0.0007
-43,-40,1,100000,30,0.0003,76,0.00076
-43,-40,2,100000,50,0.0005,80,0.0008
-43,-40,3,100000,33,0.00033,91,0.00091
-43,-40,4,100000,38,0.00038,79,0.00079
-43,-40,5,100000,39,0.00039,74,0.00074
-43,-39,0,100000,35,0.00035,80,0.0008
-43,-39,1,100000,27,0.00027,64,0.00064
-43,-39,2,100000,32,0.00032,76,0.00076
-43,-39,3,100000,37,0.00037,75,0.00075
-43,-39,4,100000,22,0.00022,63,0.00063
-43,-39,5,100000,36,0.00036,70,0.0007
-43,-38,0,100000,29,0.00029,86,0.00086
-43,-38,1,100000,30,0.0003,78,0.00078
-43,-38,2,100000,34,0.00034,78,0.00078
-43,-38,3,100000,13,0.00013,66,0.00066
-43,-38,4,100000,23,0.00023,77,0.00077
-43,-38,5,100000,33,0.00033,69,0.00069
-43,-37,0,100000,45,0.00045,63,0.00063
-43,-37,1,100000,38,0.00038,79,0.00079
-43,-37,2,100000,37,0.00037,72,0.00072
-43,-37,3,100000,13,0.00013,61,0.00061
-43,-37,4,100000,19,0.00019,53,0.00053
-43,-37,5,100000,27,0.00027,68,0.00068
-43,-36,0,100000,21,0.00021,66,0.00066
-43,-36,1,100000,20,0.0002,70,0.0007
-43,-36,2,100000,21,0.00021,49,0.00049
-43,-36,3,100000,35,0.00035,74,0.00074
-43,-36,4,100000,18,0.00018,70,0.0007
-43,-36,5,100000,35,0.00035,64,0.00064
-43,-35,0,100000,29,0.00029,79,0.00079
-43,-35,1,100000,19,0.00019,73,0.00073
-43,-35,2,100000,22,0.00022,84,0.00084
-43,-35,3,100000,27,0.00027,69,0.00069
-43,-35,4,100000,35,0.00035,60,0.0006
-43,-35,5,100000,39,0.00039,71,0.00071
-43,-34,0,100000,16,0.00016,77,0.00077
-43,-34,1,100000,30,0.0003,63,0.00063
-43,-34,2,100000,21,0.00021,78,0.00078
-43,-34,3,100000,27,0.00027,72,0.00072
-43,-34,4,100000,23,0.00023,76,0.00076
-43,-34,5,100000,24,0.00024,70,0.0007
-43,-33,0,100000,45,0.00045,79,0.00079
-43,-33,1,100000,34,0.00034,82,0.00082
-43,-33,2,100000,27,0.00027,68,0.00068
-43,-33,3,100000,26,0.00026,55,0.00055
-43,-33,4,100000,22,0.00022,84,0.00084
-43,-33,5,100000,25,0.00025,63,0.00063
-43,-32,0,100000,25,0.00025,63,0.00063
-43,-32,1,100000,31,0.00031,59,0.00059
-43,-32,2,100000,23,0.00023,86,0.00086
-43,-32,3,100000,39,0.00039,65,0.00065
-43,-32,4,100000,34,0.00034,73,0.00073
-43,-32,5,100000,34,0.00034,82,0.00082
-43,-31,0,100000,52,0.00052,80,0.0008
-43,-31,1,100000,33,0.00033,76,0.00076
-43,-31,2,100000,39,0.00039,82,0.00082
-43,-31,3,100000,34,0.00034,83,0.00083
-43,-31,4,100000,26,0.00026,73,0.00073
-43,-31,5,100000,20,0.0002,63,0.00063
-43,-30,0,100000,33,0.00033,68,0.00068
-43,-30,1,100000,57,0.00057,72,0.00072
-43,-30,2,100000,33,0.00033,93,0.00093
-43,-30,3,100000,29,0.00029,67,0.00067
-43,-30,4,100000,24,0.00024,59,0.00059
-43,-30,5,100000,28,0.00028,55,0.00055
-43,-29,0,100000,21,0.00021,71,0.00071
-43,-29,1,100000,21,0.00021,74,0.00074
-43,-29,2,100000,34,0.00034,80,0.0008
-43,-29,3,100000,33,0.00033,79,0.00079
-43,-29,4,100000,43,0.00043,81,0.00081
-43,-29,5,100000,28,0.00028,76,0.00076
-43,-28,0,100000,25,0.00025,67,0.00067
-43,-28,1,100000,23,0.00023,62,0.00062
-43,-28,2,100000,16,0.00016,52,0.00052
-43,-28,3,100000,23,0.00023,64,0.00064
-43,-28,4,100000,21,0.00021,78,0.00078
-43,-28,5,100000,29,0.00029,58,0.00058
-43,-27,0,100000,36,0.00036,93,0.00093
-43,-27,1,100000,18,0.00018,73,0.00073
-43,-27,2,100000,26,0.00026,73,0.00073
-43,-27,3,100000,22,0.00022,70,0.0007
-43,-27,4,100000,31,0.00031,73,0.00073
-43,-27,5,100000,28,0.00028,56,0.00056
-43,-26,0,100000,32,0.00032,74,0.00074
-43,-26,1,100000,38,0.00038,69,0.00069
-43,-26,2,100000,23,0.00023,66,0.00066
-43,-26,3,100000,27,0.00027,76,0.00076
-43,-26,4,100000,18,0.00018,70,0.0007
-43,-26,5,100000,25,0.00025,67,0.00067
-43,-25,0,100000,17,0.00017,50,0.0005
-43,-25,1,100000,41,0.00041,71,0.00071
-43,-25,2,100000,46,0.00046,80,0.0008
-43,-25,3,100000,24,0.00024,64,0.00064
-43,-25,4,100000,33,0.00033,63,0.00063
-43,-25,5,100000,18,0.00018,65,0.00065
-43,-24,0,100000,30,0.0003,72,0.00072
-43,-24,1,100000,36,0.00036,61,0.00061
-43,-24,2,100000,22,0.00022,84,0.00084
-43,-24,3,100000,34,0.00034,94,0.00094
-43,-24,4,100000,39,0.00039,78,0.00078
-43,-24,5,100000,39,0.00039,79,0.00079
-43,-23,0,100000,21,0.00021,79,0.00079
-43,-23,1,100000,48,0.00048,73,0.00073
-43,-23,2,100000,39,0.00039,86,0.00086
-43,-23,3,100000,38,0.00038,71,0.00071
-43,-23,4,100000,33,0.00033,82,0.00082
-43,-23,5,100000,26,0.00026,83,0.00083
-43,-22,0,100000,18,0.00018,85,0.00085
-43,-22,1,100000,29,0.00029,77,0.00077
-43,-22,2,100000,16,0.00016,80,0.0008
-43,-22,3,100000,39,0.00039,76,0.00076
-43,-22,4,100000,42,0.00042,80,0.0008
-43,-22,5,100000,23,0.00023,61,0.00061
-43,-21,0,100000,17,0.00017,81,0.00081
-43,-21,1,100000,38,0.00038,84,0.00084
-43,-21,2,100000,26,0.00026,60,0.0006
-43,-21,3,100000,44,0.00044,63,0.00063
-43,-21,4,100000,22,0.00022,72,0.00072
-43,-21,5,100000,17,0.00017,67,0.00067
-43,-20,0,100000,39,0.00039,74,0.00074
-43,-20,1,100000,21,0.00021,69,0.00069
-43,-20,2,100000,20,0.0002,73,0.00073
-43,-20,3,100000,20,0.0002,63,0.00063
-43,-20,4,100000,33,0.00033,74,0.00074
-43,-20,5,100000,31,0.00031,66,0.00066
-43,-19,0,100000,20,0.0002,68,0.00068
-43,-19,1,100000,35,0.00035,52,0.00052
-43,-19,2,100000,27,0.00027,76,0.00076
-43,-19,3,100000,30,0.0003,73,0.00073
-43,-19,4,100000,33,0.00033,69,0.00069
-43,-19,5,100000,20,0.0002,69,0.00069
-43,-18,0,100000,40,0.0004,61,0.00061
-43,-18,1,100000,60,0.0006,82,0.00082
-43,-18,2,100000,43,0.00043,69,0.00069
-43,-18,3,100000,44,0.00044,69,0.00069
-43,-18,4,100000,29,0.00029,61,0.00061
-43,-18,5,100000,41,0.00041,68,0.00068
-43,-17,0,100000,46,0.00046,81,0.00081
-43,-17,1,100000,29,0.00029,77,0.00077
-43,-17,2,100000,62,0.00062,68,0.00068
-43,-17,3,100000,14,0.00014,71,0.00071
-43,-17,4,100000,20,0.0002,64,0.00064
-43,-17,5,100000,24,0.00024,67,0.00067
-43,-16,0,100000,37,0.00037,89,0.00089
-43,-16,1,100000,46,0.00046,65,0.00065
-43,-16,2,100000,31,0.00031,86,0.00086
-43,-16,3,100000,24,0.00024,59,0.00059
-43,-16,4,100000,15,0.00015,59,0.00059
-43,-16,5,100000,28,0.00028,62,0.00062
-43,-15,0,100000,20,0.0002,76,0.00076
-43,-15,1,100000,31,0.00031,71,0.00071
-43,-15,2,100000,39,0.00039,88,0.00088
-43,-15,3,100000,33,0.00033,75,0.00075
-43,-15,4,100000,24,0.00024,77,0.00077
-43,-15,5,100000,21,0.00021,67,0.00067
-43,-14,0,100000,21,0.00021,67,0.00067
-43,-14,1,100000,30,0.0003,86,0.00086
-43,-14,2,100000,34,0.00034,64,0.00064
-43,-14,3,100000,29,0.00029,85,0.00085
-43,-14,4,100000,31,0.00031,75,0.00075
-43,-14,5,100000,23,0.00023,81,0.00081
-43,-13,0,100000,33,0.00033,78,0.00078
-43,-13,1,100000,24,0.00024,75,0.00075
-43,-13,2,100000,34,0.00034,74,0.00074
-43,-13,3,100000,13,0.00013,72,0.00072
-43,-13,4,100000,28,0.00028,82,0.00082
-43,-13,5,100000,33,0.00033,69,0.00069
-43,-12,0,100000,21,0.00021,79,0.00079
-43,-12,1,100000,26,0.00026,75,0.00075
-43,-12,2,100000,24,0.00024,72,0.00072
-43,-12,3,100000,38,0.00038,86,0.00086
-43,-12,4,100000,26,0.00026,67,0.00067
-43,-12,5,100000,43,0.00043,81,0.00081
-43,-11,0,100000,29,0.00029,64,0.00064
-43,-11,1,100000,49,0.00049,78,0.00078
-43,-11,2,100000,24,0.00024,68,0.00068
-43,-11,3,100000,45,0.00045,73,0.00073
-43,-11,4,100000,36,0.00036,72,0.00072
-43,-11,5,100000,30,0.0003,71,0.00071
-43,-10,0,100000,23,0.00023,74,0.00074
-43,-10,1,100000,42,0.00042,83,0.00083
-43,-10,2,100000,24,0.00024,71,0.00071
-43,-10,3,100000,20,0.0002,60,0.0006
-43,-10,4,100000,39,0.00039,68,0.00068
-43,-10,5,100000,10,0.0001,59,0.00059
-43,-9,0,100000,31,0.00031,69,0.00069
-43,-9,1,100000,49,0.00049,76,0.00076
-43,-9,2,100000,23,0.00023,66,0.00066
-43,-9,3,100000,26,0.00026,52,0.00052
-43,-9,4,100000,27,0.00027,90,0.0009
-43,-9,5,100000,31,0.00031,47,0.00047
-43,-8,0,100000,28,0.00028,77,0.00077
-43,-8,1,100000,31,0.00031,76,0.00076
-43,-8,2,100000,38,0.00038,64,0.00064
-43,-8,3,100000,45,0.00045,91,0.00091
-43,-8,4,100000,22,0.00022,82,0.00082
-43,-8,5,100000,27,0.00027,77,0.00077
-43,-7,0,100000,27,0.00027,69,0.00069
-43,-7,1,100000,42,0.00042,76,0.00076
-43,-7,2,100000,37,0.00037,64,0.00064
-43,-7,3,100000,31,0.00031,76,0.00076
-43,-7,4,100000,27,0.00027,68,0.00068
-43,-7,5,100000,27,0.00027,73,0.00073
-43,-6,0,100000,19,0.00019,75,0.00075
-43,-6,1,100000,36,0.00036,71,0.00071
-43,-6,2,100000,22,0.00022,81,0.00081
-43,-6,3,100000,23,0.00023,67,0.00067
-43,-6,4,100000,25,0.00025,67,0.00067
-43,-6,5,100000,42,0.00042,80,0.0008
-43,-5,0,100000,13,0.00013,54,0.00054
-43,-5,1,100000,15,0.00015,71,0.00071
-43,-5,2,100000,47,0.00047,76,0.00076
-43,-5,3,100000,29,0.00029,78,0.00078
-43,-5,4,100000,28,0.00028,61,0.00061
-43,-5,5,100000,25,0.00025,71,0.00071
-43,-4,0,100000,37,0.00037,74,0.00074
-43,-4,1,100000,35,0.00035,72,0.00072
-43,-4,2,100000,33,0.00033,85,0.00085
-43,-4,3,100000,30,0.0003,82,0.00082
-43,-4,4,100000,21,0.00021,69,0.00069
-43,-4,5,100000,31,0.00031,70,0.0007
-43,-3,0,100000,33,0.00033,82,0.00082
-43,-3,1,100000,41,0.00041,72,0.00072
-43,-3,2,100000,31,0.00031,69,0.00069
-43,-3,3,100000,46,0.00046,63,0.00063
-43,-3,4,100000,25,0.00025,87,0.00087
-43,-3,5,100000,18,0.00018,73,0.00073
-43,-2,0,100000,24,0.00024,62,0.00062
-43,-2,1,100000,28,0.00028,77,0.00077
-43,-2,2,100000,23,0.00023,64,0.00064
-43,-2,3,100000,18,0.00018,71,0.00071
-43,-2,4,100000,15,0.00015,71,0.00071
-43,-2,5,100000,29,0.00029,73,0.00073
-43,-1,0,100000,13,0.00013,63,0.00063
-43,-1,1,100000,36,0.00036,99,0.00099
-43,-1,2,100000,22,0.00022,77,0.00077
-43,-1,3,100000,26,0.00026,66,0.00066
-43,-1,4,100000,14,0.00014,67,0.00067
-43,-1,5,100000,24,0.00024,67,0.00067
-43,0,0,100000,45,0.00045,77,0.00077
-43,0,1,100000,27,0.00027,85,0.00085
-43,0,2,100000,27,0.00027,77,0.00077
-43,0,3,100000,30,0.0003,70,0.0007
-43,0,4,100000,28,0.00028,78,0.00078
-43,0,5,100000,35,0.00035,82,0.00082
-43,1,0,100000,33,0.00033,71,0.00071
-43,1,1,100000,26,0.00026,72,0.00072
-43,1,2,100000,34,0.00034,70,0.0007
-43,1,3,100000,34,0.00034,78,0.00078
-43,1,4,100000,28,0.00028,64,0.00064
-43,1,5,100000,28,0.00028,71,0.00071
-43,2,0,100000,32,0.00032,73,0.00073
-43,2,1,100000,43,0.00043,87,0.00087
-43,2,2,100000,20,0.0002,59,0.00059
-43,2,3,100000,23,0.00023,68,0.00068
-43,2,4,100000,35,0.00035,72,0.00072
-43,2,5,100000,20,0.0002,66,0.00066
-43,3,0,100000,27,0.00027,65,0.00065
-43,3,1,100000,45,0.00045,92,0.00092
-43,3,2,100000,41,0.00041,95,0.00095
-43,3,3,100000,24,0.00024,78,0.00078
-43,3,4,100000,15,0.00015,60,0.0006
-43,3,5,100000,23,0.00023,76,0.00076
-43,4,0,100000,24,0.00024,75,0.00075
-43,4,1,100000,33,0.00033,72,0.00072
-43,4,2,100000,36,0.00036,81,0.00081
-43,4,3,100000,22,0.00022,77,0.00077
-43,4,4,100000,43,0.00043,57,0.00057
-43,4,5,100000,28,0.00028,77,0.00077
-43,5,0,100000,33,0.00033,81,0.00081
-43,5,1,100000,36,0.00036,62,0.00062
-43,5,2,100000,46,0.00046,80,0.0008
-43,5,3,100000,30,0.0003,73,0.00073
-43,5,4,100000,35,0.00035,74,0.00074
-43,5,5,100000,39,0.00039,68,0.00068
-43,6,0,100000,16,0.00016,64,0.00064
-43,6,1,100000,19,0.00019,64,0.00064
-43,6,2,100000,30,0.0003,81,0.00081
-43,6,3,100000,19,0.00019,61,0.00061
-43,6,4,100000,40,0.0004,59,0.00059
-43,6,5,100000,35,0.00035,69,0.00069
-43,7,0,100000,25,0.00025,65,0.00065
-43,7,1,100000,28,0.00028,74,0.00074
-43,7,2,100000,19,0.00019,58,0.00058
-43,7,3,100000,26,0.00026,56,0.00056
-43,7,4,100000,34,0.00034,70,0.0007
-43,7,5,100000,43,0.00043,84,0.00084
-43,8,0,100000,27,0.00027,76,0.00076
-43,8,1,100000,40,0.0004,72,0.00072
-43,8,2,100000,32,0.00032,59,0.00059
-43,8,3,100000,23,0.00023,70,0.0007
-43,8,4,100000,17,0.00017,70,0.0007
-43,8,5,100000,29,0.00029,95,0.00095
-43,9,0,100000,24,0.00024,61,0.00061
-43,9,1,100000,21,0.00021,75,0.00075
-43,9,2,100000,20,0.0002,72,0.00072
-43,9,3,100000,38,0.00038,79,0.00079
-43,9,4,100000,35,0.00035,78,0.00078
-43,9,5,100000,23,0.00023,60,0.0006
-43,10,0,100000,42,0.00042,77,0.00077
-43,10,1,100000,24,0.00024,62,0.00062
-43,10,2,100000,36,0.00036,73,0.00073
-43,10,3,100000,21,0.00021,74,0.00074
-43,10,4,100000,38,0.00038,68,0.00068
-43,10,5,100000,42,0.00042,82,0.00082
-43,11,0,100000,28,0.00028,59,0.00059
-43,11,1,100000,11,0.00011,65,0.00065
-43,11,2,100000,31,0.00031,76,0.00076
-43,11,3,100000,37,0.00037,70,0.0007
-43,11,4,100000,27,0.00027,67,0.00067
-43,11,5,100000,27,0.00027,59,0.00059
-43,12,0,100000,30,0.0003,69,0.00069
-43,12,1,100000,43,0.00043,67,0.00067
-43,12,2,100000,27,0.00027,70,0.0007
-43,12,3,100000,23,0.00023,75,0.00075
-43,12,4,100000,27,0.00027,70,0.0007
-43,12,5,100000,39,0.00039,80,0.0008
-43,13,0,100000,27,0.00027,64,0.00064
-43,13,1,100000,23,0.00023,77,0.00077
-43,13,2,100000,23,0.00023,78,0.00078
-43,13,3,100000,34,0.00034,79,0.00079
-43,13,4,100000,22,0.00022,64,0.00064
-43,13,5,100000,39,0.00039,84,0.00084
-43,14,0,100000,25,0.00025,58,0.00058
-43,14,1,100000,18,0.00018,57,0.00057
-43,14,2,100000,21,0.00021,68,0.00068
-43,14,3,100000,23,0.00023,63,0.00063
-43,14,4,100000,24,0.00024,71,0.00071
-43,14,5,100000,37,0.00037,74,0.00074
-43,15,0,100000,25,0.00025,56,0.00056
-43,15,1,100000,32,0.00032,88,0.00088
-43,15,2,100000,48,0.00048,82,0.00082
-43,15,3,100000,25,0.00025,72,0.00072
-43,15,4,100000,32,0.00032,73,0.00073
-43,15,5,100000,32,0.00032,73,0.00073
-43,16,0,100000,32,0.00032,75,0.00075
-43,16,1,100000,44,0.00044,80,0.0008
-43,16,2,100000,29,0.00029,92,0.00092
-43,16,3,100000,48,0.00048,77,0.00077
-43,16,4,100000,21,0.00021,68,0.00068
-43,16,5,100000,17,0.00017,70,0.0007
-43,17,0,100000,40,0.0004,75,0.00075
-43,17,1,100000,39,0.00039,77,0.00077
-43,17,2,100000,41,0.00041,80,0.0008
-43,17,3,100000,13,0.00013,62,0.00062
-43,17,4,100000,51,0.00051,88,0.00088
-43,17,5,100000,22,0.00022,61,0.00061
-43,18,0,100000,19,0.00019,57,0.00057
-43,18,1,100000,33,0.00033,66,0.00066
-43,18,2,100000,29,0.00029,70,0.0007
-43,18,3,100000,27,0.00027,78,0.00078
-43,18,4,100000,43,0.00043,88,0.00088
-43,18,5,100000,23,0.00023,62,0.00062
-43,19,0,100000,14,0.00014,70,0.0007
-43,19,1,100000,34,0.00034,90,0.0009
-43,19,2,100000,15,0.00015,71,0.00071
-43,19,3,100000,30,0.0003,82,0.00082
-43,19,4,100000,27,0.00027,68,0.00068
-43,19,5,100000,20,0.0002,65,0.00065
-43,20,0,100000,35,0.00035,67,0.00067
-43,20,1,100000,37,0.00037,88,0.00088
-43,20,2,100000,28,0.00028,69,0.00069
-43,20,3,100000,37,0.00037,53,0.00053
-43,20,4,100000,40,0.0004,69,0.00069
-43,20,5,100000,30,0.0003,91,0.00091
-43,21,0,100000,45,0.00045,77,0.00077
-43,21,1,100000,37,0.00037,62,0.00062
-43,21,2,100000,35,0.00035,78,0.00078
-43,21,3,100000,12,0.00012,63,0.00063
-43,21,4,100000,33,0.00033,86,0.00086
-43,21,5,100000,20,0.0002,58,0.00058
-43,22,0,100000,18,0.00018,65,0.00065
-43,22,1,100000,24,0.00024,82,0.00082
-43,22,2,100000,40,0.0004,62,0.00062
-43,22,3,100000,31,0.00031,88,0.00088
-43,22,4,100000,31,0.00031,77,0.00077
-43,22,5,100000,40,0.0004,71,0.00071
-43,23,0,100000,31,0.00031,77,0.00077
-43,23,1,100000,38,0.00038,70,0.0007
-43,23,2,100000,19,0.00019,64,0.00064
-43,23,3,100000,29,0.00029,58,0.00058
-43,23,4,100000,25,0.00025,80,0.0008
-43,23,5,100000,21,0.00021,80,0.0008
-43,24,0,100000,42,0.00042,67,0.00067
-43,24,1,100000,18,0.00018,59,0.00059
-43,24,2,100000,40,0.0004,74,0.00074
-43,24,3,100000,40,0.0004,76,0.00076
-43,24,4,100000,38,0.00038,78,0.00078
-43,24,5,100000,38,0.00038,84,0.00084
-43,25,0,100000,22,0.00022,71,0.00071
-43,25,1,100000,21,0.00021,76,0.00076
-43,25,2,100000,29,0.00029,69,0.00069
-43,25,3,100000,26,0.00026,76,0.00076
-43,25,4,100000,32,0.00032,70,0.0007
-43,25,5,100000,24,0.00024,76,0.00076
-43,26,0,100000,19,0.00019,66,0.00066
-43,26,1,100000,46,0.00046,84,0.00084
-43,26,2,100000,29,0.00029,71,0.00071
-43,26,3,100000,27,0.00027,76,0.00076
-43,26,4,100000,23,0.00023,72,0.00072
-43,26,5,100000,21,0.00021,66,0.00066
-43,27,0,100000,31,0.00031,77,0.00077
-43,27,1,100000,39,0.00039,60,0.0006
-43,27,2,100000,28,0.00028,72,0.00072
-43,27,3,100000,33,0.00033,67,0.00067
-43,27,4,100000,32,0.00032,75,0.00075
-43,27,5,100000,27,0.00027,73,0.00073
-43,28,0,100000,41,0.00041,74,0.00074
-43,28,1,100000,15,0.00015,75,0.00075
-43,28,2,100000,41,0.00041,63,0.00063
-43,28,3,100000,28,0.00028,70,0.0007
-43,28,4,100000,43,0.00043,86,0.00086
-43,28,5,100000,31,0.00031,58,0.00058
-43,29,0,100000,36,0.00036,64,0.00064
-43,29,1,100000,35,0.00035,77,0.00077
-43,29,2,100000,32,0.00032,81,0.00081
-43,29,3,100000,38,0.00038,89,0.00089
-43,29,4,100000,26,0.00026,76,0.00076
-43,29,5,100000,42,0.00042,78,0.00078
-43,30,0,100000,44,0.00044,74,0.00074
-43,30,1,100000,23,0.00023,69,0.00069
-43,30,2,100000,17,0.00017,72,0.00072
-43,30,3,100000,41,0.00041,75,0.00075
-43,30,4,100000,28,0.00028,64,0.00064
-43,30,5,100000,37,0.00037,74,0.00074
-43,31,0,100000,27,0.00027,78,0.00078
-43,31,1,100000,18,0.00018,68,0.00068
-43,31,2,100000,26,0.00026,62,0.00062
-43,31,3,100000,42,0.00042,71,0.00071
-43,31,4,100000,39,0.00039,78,0.00078
-43,31,5,100000,34,0.00034,70,0.0007
-43,32,0,100000,32,0.00032,67,0.00067
-43,32,1,100000,43,0.00043,86,0.00086
-43,32,2,100000,41,0.00041,88,0.00088
-43,32,3,100000,27,0.00027,71,0.00071
-43,32,4,100000,38,0.00038,80,0.0008
-43,32,5,100000,20,0.0002,75,0.00075
-43,33,0,100000,33,0.00033,71,0.00071
-43,33,1,100000,25,0.00025,60,0.0006
-43,33,2,100000,18,0.00018,73,0.00073
-43,33,3,100000,26,0.00026,68,0.00068
-43,33,4,100000,18,0.00018,65,0.00065
-43,33,5,100000,12,0.00012,53,0.00053
-43,34,0,100000,18,0.00018,64,0.00064
-43,34,1,100000,21,0.00021,61,0.00061
-43,34,2,100000,27,0.00027,80,0.0008
-43,34,3,100000,35,0.00035,81,0.00081
-43,34,4,100000,13,0.00013,73,0.00073
-43,34,5,100000,20,0.0002,64,0.00064
-43,35,0,100000,31,0.00031,70,0.0007
-43,35,1,100000,20,0.0002,83,0.00083
-43,35,2,100000,21,0.00021,60,0.0006
-43,35,3,100000,30,0.0003,67,0.00067
-43,35,4,100000,40,0.0004,69,0.00069
-43,35,5,100000,36,0.00036,69,0.00069
-43,36,0,100000,12,0.00012,72,0.00072
-43,36,1,100000,32,0.00032,84,0.00084
-43,36,2,100000,27,0.00027,63,0.00063
-43,36,3,100000,23,0.00023,70,0.0007
-43,36,4,100000,39,0.00039,81,0.00081
-43,36,5,100000,20,0.0002,62,0.00062
-43,37,0,100000,30,0.0003,75,0.00075
-43,37,1,100000,20,0.0002,66,0.00066
-43,37,2,100000,32,0.00032,68,0.00068
-43,37,3,100000,39,0.00039,86,0.00086
-43,37,4,100000,42,0.00042,92,0.00092
-43,37,5,100000,26,0.00026,71,0.00071
-43,38,0,100000,28,0.00028,56,0.00056
-43,38,1,100000,20,0.0002,57,0.00057
-43,38,2,100000,17,0.00017,68,0.00068
-43,38,3,100000,25,0.00025,81,0.00081
-43,38,4,100000,33,0.00033,62,0.00062
-43,38,5,100000,20,0.0002,64,0.00064
-43,39,0,100000,15,0.00015,53,0.00053
-43,39,1,100000,42,0.00042,76,0.00076
-43,39,2,100000,16,0.00016,64,0.00064
-43,39,3,100000,51,0.00051,71,0.00071
-43,39,4,100000,19,0.00019,64,0.00064
-43,39,5,100000,26,0.00026,89,0.00089
-43,40,0,100000,34,0.00034,67,0.00067
-43,40,1,100000,27,0.00027,63,0.00063
-43,40,2,100000,21,0.00021,64,0.00064
-43,40,3,100000,53,0.00053,71,0.00071
-43,40,4,100000,32,0.00032,65,0.00065
-43,40,5,100000,30,0.0003,80,0.0008
-43,41,0,100000,34,0.00034,66,0.00066
-43,41,1,100000,33,0.00033,65,0.00065
-43,41,2,100000,33,0.00033,75,0.00075
-43,41,3,100000,25,0.00025,69,0.00069
-43,41,4,100000,20,0.0002,73,0.00073
-43,41,5,100000,22,0.00022,65,0.00065
-43,42,0,100000,43,0.00043,79,0.00079
-43,42,1,100000,36,0.00036,88,0.00088
-43,42,2,100000,39,0.00039,77,0.00077
-43,42,3,100000,41,0.00041,74,0.00074
-43,42,4,100000,27,0.00027,53,0.00053
-43,42,5,100000,31,0.00031,65,0.00065
-43,43,0,100000,54,0.00054,69,0.00069
-43,43,1,100000,35,0.00035,76,0.00076
-43,43,2,100000,22,0.00022,77,0.00077
-43,43,3,100000,34,0.00034,70,0.0007
-43,43,4,100000,30,0.0003,78,0.00078
-43,43,5,100000,15,0.00015,66,0.00066
-43,44,0,100000,30,0.0003,81,0.00081
-43,44,1,100000,23,0.00023,67,0.00067
-43,44,2,100000,44,0.00044,68,0.00068
-43,44,3,100000,31,0.00031,77,0.00077
-43,44,4,100000,43,0.00043,96,0.00096
-43,44,5,100000,31,0.00031,70,0.0007
-43,45,0,100000,30,0.0003,74,0.00074
-43,45,1,100000,21,0.00021,60,0.0006
-43,45,2,100000,33,0.00033,87,0.00087
-43,45,3,100000,27,0.00027,70,0.0007
-43,45,4,100000,35,0.00035,76,0.00076
-43,45,5,100000,26,0.00026,73,0.00073
-43,46,0,100000,47,0.00047,57,0.00057
-43,46,1,100000,61,0.00061,78,0.00078
-43,46,2,100000,45,0.00045,74,0.00074
-43,46,3,100000,16,0.00016,68,0.00068
-43,46,4,100000,39,0.00039,82,0.00082
-43,46,5,100000,34,0.00034,75,0.00075
-43,47,0,100000,33,0.00033,74,0.00074
-43,47,1,100000,40,0.0004,79,0.00079
-43,47,2,100000,28,0.00028,76,0.00076
-43,47,3,100000,48,0.00048,87,0.00087
-43,47,4,100000,46,0.00046,74,0.00074
-43,47,5,100000,33,0.00033,78,0.00078
-43,48,0,100000,46,0.00046,85,0.00085
-43,48,1,100000,31,0.00031,73,0.00073
-43,48,2,100000,21,0.00021,66,0.00066
-43,48,3,100000,20,0.0002,73,0.00073
-43,48,4,100000,22,0.00022,67,0.00067
-43,48,5,100000,35,0.00035,62,0.00062
-43,49,0,100000,28,0.00028,78,0.00078
-43,49,1,100000,26,0.00026,76,0.00076
-43,49,2,100000,29,0.00029,68,0.00068
-43,49,3,100000,39,0.00039,76,0.00076
-43,49,4,100000,48,0.00048,83,0.00083
-43,49,5,100000,38,0.00038,75,0.00075
-43,50,0,100000,33,0.00033,89,0.00089
-43,50,1,100000,30,0.0003,83,0.00083
-43,50,2,100000,29,0.00029,77,0.00077
-43,50,3,100000,28,0.00028,61,0.00061
-43,50,4,100000,20,0.0002,71,0.00071
-43,50,5,100000,31,0.00031,93,0.00093
-42,-50,0,100000,23,0.00023,72,0.00072
-42,-50,1,100000,26,0.00026,75,0.00075
-42,-50,2,100000,24,0.00024,75,0.00075
-42,-50,3,100000,22,0.00022,74,0.00074
-42,-50,4,100000,30,0.0003,74,0.00074
-42,-50,5,100000,23,0.00023,76,0.00076
-42,-49,0,100000,51,0.00051,82,0.00082
-42,-49,1,100000,46,0.00046,88,0.00088
-42,-49,2,100000,37,0.00037,88,0.00088
-42,-49,3,100000,27,0.00027,68,0.00068
-42,-49,4,100000,39,0.00039,90,0.0009
-42,-49,5,100000,26,0.00026,68,0.00068
-42,-48,0,100000,24,0.00024,67,0.00067
-42,-48,1,100000,21,0.00021,70,0.0007
-42,-48,2,100000,25,0.00025,55,0.00055
-42,-48,3,100000,42,0.00042,71,0.00071
-42,-48,4,100000,30,0.0003,74,0.00074
-42,-48,5,100000,22,0.00022,61,0.00061
-42,-47,0,100000,45,0.00045,95,0.00095
-42,-47,1,100000,28,0.00028,58,0.00058
-42,-47,2,100000,31,0.00031,79,0.00079
-42,-47,3,100000,22,0.00022,68,0.00068
-42,-47,4,100000,36,0.00036,80,0.0008
-42,-47,5,100000,29,0.00029,81,0.00081
-42,-46,0,100000,34,0.00034,72,0.00072
-42,-46,1,100000,44,0.00044,80,0.0008
-42,-46,2,100000,18,0.00018,65,0.00065
-42,-46,3,100000,14,0.00014,75,0.00075
-42,-46,4,100000,20,0.0002,72,0.00072
-42,-46,5,100000,28,0.00028,70,0.0007
-42,-45,0,100000,21,0.00021,64,0.00064
-42,-45,1,100000,36,0.00036,69,0.00069
-42,-45,2,100000,36,0.00036,80,0.0008
-42,-45,3,100000,36,0.00036,68,0.00068
-42,-45,4,100000,26,0.00026,66,0.00066
-42,-45,5,100000,36,0.00036,81,0.00081
-42,-44,0,100000,15,0.00015,69,0.00069
-42,-44,1,100000,42,0.00042,78,0.00078
-42,-44,2,100000,39,0.00039,74,0.00074
-42,-44,3,100000,25,0.00025,69,0.00069
-42,-44,4,100000,18,0.00018,70,0.0007
-42,-44,5,100000,22,0.00022,61,0.00061
-42,-43,0,100000,30,0.0003,73,0.00073
-42,-43,1,100000,16,0.00016,62,0.00062
-42,-43,2,100000,17,0.00017,72,0.00072
-42,-43,3,100000,28,0.00028,76,0.00076
-42,-43,4,100000,20,0.0002,56,0.00056
-42,-43,5,100000,67,0.00067,76,0.00076
-42,-42,0,100000,23,0.00023,79,0.00079
-42,-42,1,100000,21,0.00021,61,0.00061
-42,-42,2,100000,33,0.00033,77,0.00077
-42,-42,3,100000,50,0.0005,71,0.00071
-42,-42,4,100000,34,0.00034,83,0.00083
-42,-42,5,100000,35,0.00035,86,0.00086
-42,-41,0,100000,27,0.00027,71,0.00071
-42,-41,1,100000,36,0.00036,64,0.00064
-42,-41,2,100000,43,0.00043,71,0.00071
-42,-41,3,100000,33,0.00033,88,0.00088
-42,-41,4,100000,17,0.00017,72,0.00072
-42,-41,5,100000,22,0.00022,65,0.00065
-42,-40,0,100000,37,0.00037,70,0.0007
-42,-40,1,100000,52,0.00052,83,0.00083
-42,-40,2,100000,19,0.00019,62,0.00062
-42,-40,3,100000,30,0.0003,75,0.00075
-42,-40,4,100000,15,0.00015,54,0.00054
-42,-40,5,100000,35,0.00035,60,0.0006
-42,-39,0,100000,35,0.00035,98,0.00098
-42,-39,1,100000,46,0.00046,84,0.00084
-42,-39,2,100000,24,0.00024,68,0.00068
-42,-39,3,100000,19,0.00019,75,0.00075
-42,-39,4,100000,35,0.00035,67,0.00067
-42,-39,5,100000,38,0.00038,74,0.00074
-42,-38,0,100000,44,0.00044,79,0.00079
-42,-38,1,100000,29,0.00029,56,0.00056
-42,-38,2,100000,33,0.00033,78,0.00078
-42,-38,3,100000,28,0.00028,76,0.00076
-42,-38,4,100000,41,0.00041,68,0.00068
-42,-38,5,100000,18,0.00018,68,0.00068
-42,-37,0,100000,34,0.00034,65,0.00065
-42,-37,1,100000,18,0.00018,69,0.00069
-42,-37,2,100000,27,0.00027,69,0.00069
-42,-37,3,100000,40,0.0004,93,0.00093
-42,-37,4,100000,39,0.00039,76,0.00076
-42,-37,5,100000,35,0.00035,66,0.00066
-42,-36,0,100000,24,0.00024,86,0.00086
-42,-36,1,100000,19,0.00019,67,0.00067
-42,-36,2,100000,41,0.00041,85,0.00085
-42,-36,3,100000,28,0.00028,67,0.00067
-42,-36,4,100000,32,0.00032,74,0.00074
-42,-36,5,100000,32,0.00032,77,0.00077
-42,-35,0,100000,22,0.00022,74,0.00074
-42,-35,1,100000,27,0.00027,91,0.00091
-42,-35,2,100000,46,0.00046,69,0.00069
-42,-35,3,100000,35,0.00035,84,0.00084
-42,-35,4,100000,26,0.00026,72,0.00072
-42,-35,5,100000,32,0.00032,71,0.00071
-42,-34,0,100000,34,0.00034,60,0.0006
-42,-34,1,100000,38,0.00038,72,0.00072
-42,-34,2,100000,22,0.00022,91,0.00091
-42,-34,3,100000,30,0.0003,83,0.00083
-42,-34,4,100000,39,0.00039,90,0.0009
-42,-34,5,100000,30,0.0003,78,0.00078
-42,-33,0,100000,21,0.00021,57,0.00057
-42,-33,1,100000,38,0.00038,75,0.00075
-42,-33,2,100000,33,0.00033,60,0.0006
-42,-33,3,100000,21,0.00021,72,0.00072
-42,-33,4,100000,36,0.00036,68,0.00068
-42,-33,5,100000,27,0.00027,57,0.00057
-42,-32,0,100000,33,0.00033,82,0.00082
-42,-32,1,100000,27,0.00027,79,0.00079
-42,-32,2,100000,20,0.0002,70,0.0007
-42,-32,3,100000,24,0.00024,76,0.00076
-42,-32,4,100000,25,0.00025,66,0.00066
-42,-32,5,100000,39,0.00039,94,0.00094
-42,-31,0,100000,30,0.0003,61,0.00061
-42,-31,1,100000,29,0.00029,83,0.00083
-42,-31,2,100000,23,0.00023,78,0.00078
-42,-31,3,100000,13,0.00013,85,0.00085
-42,-31,4,100000,31,0.00031,81,0.00081
-42,-31,5,100000,24,0.00024,72,0.00072
-42,-30,0,100000,18,0.00018,76,0.00076
-42,-30,1,100000,31,0.00031,68,0.00068
-42,-30,2,100000,30,0.0003,71,0.00071
-42,-30,3,100000,57,0.00057,75,0.00075
-42,-30,4,100000,27,0.00027,74,0.00074
-42,-30,5,100000,37,0.00037,85,0.00085
-42,-29,0,100000,41,0.00041,70,0.0007
-42,-29,1,100000,27,0.00027,56,0.00056
-42,-29,2,100000,18,0.00018,54,0.00054
-42,-29,3,100000,19,0.00019,80,0.0008
-42,-29,4,100000,34,0.00034,78,0.00078
-42,-29,5,100000,13,0.00013,67,0.00067
-42,-28,0,100000,42,0.00042,76,0.00076
-42,-28,1,100000,22,0.00022,78,0.00078
-42,-28,2,100000,29,0.00029,68,0.00068
-42,-28,3,100000,54,0.00054,88,0.00088
-42,-28,4,100000,40,0.0004,72,0.00072
-42,-28,5,100000,17,0.00017,72,0.00072
-42,-27,0,100000,37,0.00037,78,0.00078
-42,-27,1,100000,42,0.00042,86,0.00086
-42,-27,2,100000,45,0.00045,81,0.00081
-42,-27,3,100000,44,0.00044,68,0.00068
-42,-27,4,100000,34,0.00034,73,0.00073
-42,-27,5,100000,40,0.0004,87,0.00087
-42,-26,0,100000,29,0.00029,69,0.00069
-42,-26,1,100000,18,0.00018,66,0.00066
-42,-26,2,100000,28,0.00028,58,0.00058
-42,-26,3,100000,22,0.00022,77,0.00077
-42,-26,4,100000,19,0.00019,48,0.00048
-42,-26,5,100000,22,0.00022,70,0.0007
-42,-25,0,100000,42,0.00042,75,0.00075
-42,-25,1,100000,23,0.00023,56,0.00056
-42,-25,2,100000,45,0.00045,70,0.0007
-42,-25,3,100000,19,0.00019,63,0.00063
-42,-25,4,100000,13,0.00013,55,0.00055
-42,-25,5,100000,25,0.00025,64,0.00064
-42,-24,0,100000,26,0.00026,74,0.00074
-42,-24,1,100000,31,0.00031,81,0.00081
-42,-24,2,100000,28,0.00028,67,0.00067
-42,-24,3,100000,31,0.00031,80,0.0008
-42,-24,4,100000,26,0.00026,77,0.00077
-42,-24,5,100000,32,0.00032,69,0.00069
-42,-23,0,100000,51,0.00051,97,0.00097
-42,-23,1,100000,42,0.00042,96,0.00096
-42,-23,2,100000,26,0.00026,55,0.00055
-42,-23,3,100000,39,0.00039,73,0.00073
-42,-23,4,100000,20,0.0002,60,0.0006
-42,-23,5,100000,23,0.00023,77,0.00077
-42,-22,0,100000,48,0.00048,85,0.00085
-42,-22,1,100000,29,0.00029,65,0.00065
-42,-22,2,100000,38,0.00038,73,0.00073
-42,-22,3,100000,46,0.00046,80,0.0008
-42,-22,4,100000,50,0.0005,100,0.001
-42,-22,5,100000,29,0.00029,56,0.00056
-42,-21,0,100000,41,0.00041,73,0.00073
-42,-21,1,100000,14,0.00014,67,0.00067
-42,-21,2,100000,22,0.00022,63,0.00063
-42,-21,3,100000,22,0.00022,72,0.00072
-42,-21,4,100000,26,0.00026,73,0.00073
-42,-21,5,100000,30,0.0003,66,0.00066
-42,-20,0,100000,40,0.0004,78,0.00078
-42,-20,1,100000,30,0.0003,78,0.00078
-42,-20,2,100000,41,0.00041,82,0.00082
-42,-20,3,100000,33,0.00033,79,0.00079
-42,-20,4,100000,25,0.00025,59,0.00059
-42,-20,5,100000,26,0.00026,75,0.00075
-42,-19,0,100000,23,0.00023,66,0.00066
-42,-19,1,100000,17,0.00017,64,0.00064
-42,-19,2,100000,39,0.00039,75,0.00075
-42,-19,3,100000,30,0.0003,68,0.00068
-42,-19,4,100000,23,0.00023,65,0.00065
-42,-19,5,100000,27,0.00027,74,0.00074
-42,-18,0,100000,36,0.00036,84,0.00084
-42,-18,1,100000,38,0.00038,74,0.00074
-42,-18,2,100000,35,0.00035,80,0.0008
-42,-18,3,100000,46,0.00046,68,0.00068
-42,-18,4,100000,29,0.00029,62,0.00062
-42,-18,5,100000,33,0.00033,71,0.00071
-42,-17,0,100000,20,0.0002,68,0.00068
-42,-17,1,100000,21,0.00021,58,0.00058
-42,-17,2,100000,22,0.00022,68,0.00068
-42,-17,3,100000,32,0.00032,72,0.00072
-42,-17,4,100000,29,0.00029,61,0.00061
-42,-17,5,100000,26,0.00026,61,0.00061
-42,-16,0,100000,19,0.00019,75,0.00075
-42,-16,1,100000,27,0.00027,73,0.00073
-42,-16,2,100000,30,0.0003,83,0.00083
-42,-16,3,100000,44,0.00044,74,0.00074
-42,-16,4,100000,19,0.00019,69,0.00069
-42,-16,5,100000,24,0.00024,68,0.00068
-42,-15,0,100000,20,0.0002,60,0.0006
-42,-15,1,100000,39,0.00039,84,0.00084
-42,-15,2,100000,29,0.00029,79,0.00079
-42,-15,3,100000,44,0.00044,72,0.00072
-42,-15,4,100000,41,0.00041,71,0.00071
-42,-15,5,100000,23,0.00023,76,0.00076
-42,-14,0,100000,14,0.00014,54,0.00054
-42,-14,1,100000,35,0.00035,71,0.00071
-42,-14,2,100000,12,0.00012,60,0.0006
-42,-14,3,100000,36,0.00036,68,0.00068
-42,-14,4,100000,32,0.00032,59,0.00059
-42,-14,5,100000,54,0.00054,81,0.00081
-42,-13,0,100000,32,0.00032,70,0.0007
-42,-13,1,100000,23,0.00023,63,0.00063
-42,-13,2,100000,39,0.00039,79,0.00079
-42,-13,3,100000,36,0.00036,77,0.00077
-42,-13,4,100000,24,0.00024,83,0.00083
-42,-13,5,100000,31,0.00031,68,0.00068
-42,-12,0,100000,31,0.00031,65,0.00065
-42,-12,1,100000,26,0.00026,76,0.00076
-42,-12,2,100000,28,0.00028,73,0.00073
-42,-12,3,100000,36,0.00036,60,0.0006
-42,-12,4,100000,33,0.00033,72,0.00072
-42,-12,5,100000,15,0.00015,70,0.0007
-42,-11,0,100000,36,0.00036,75,0.00075
-42,-11,1,100000,38,0.00038,89,0.00089
-42,-11,2,100000,32,0.00032,63,0.00063
-42,-11,3,100000,40,0.0004,69,0.00069
-42,-11,4,100000,32,0.00032,78,0.00078
-42,-11,5,100000,42,0.00042,74,0.00074
-42,-10,0,100000,25,0.00025,78,0.00078
-42,-10,1,100000,20,0.0002,62,0.00062
-42,-10,2,100000,27,0.00027,74,0.00074
-42,-10,3,100000,28,0.00028,67,0.00067
-42,-10,4,100000,15,0.00015,65,0.00065
-42,-10,5,100000,33,0.00033,67,0.00067
-42,-9,0,100000,28,0.00028,73,0.00073
-42,-9,1,100000,49,0.00049,80,0.0008
-42,-9,2,100000,36,0.00036,85,0.00085
-42,-9,3,100000,38,0.00038,71,0.00071
-42,-9,4,100000,21,0.00021,73,0.00073
-42,-9,5,100000,31,0.00031,76,0.00076
-42,-8,0,100000,32,0.00032,73,0.00073
-42,-8,1,100000,25,0.00025,61,0.00061
-42,-8,2,100000,20,0.0002,68,0.00068
-42,-8,3,100000,37,0.00037,60,0.0006
-42,-8,4,100000,30,0.0003,73,0.00073
-42,-8,5,100000,24,0.00024,86,0.00086
-42,-7,0,100000,31,0.00031,79,0.00079
-42,-7,1,100000,71,0.00071,95,0.00095
-42,-7,2,100000,25,0.00025,80,0.0008
-42,-7,3,100000,20,0.0002,69,0.00069
-42,-7,4,100000,29,0.00029,80,0.0008
-42,-7,5,100000,39,0.00039,85,0.00085
-42,-6,0,100000,18,0.00018,74,0.00074
-42,-6,1,100000,28,0.00028,68,0.00068
-42,-6,2,100000,31,0.00031,71,0.00071
-42,-6,3,100000,12,0.00012,67,0.00067
-42,-6,4,100000,28,0.00028,73,0.00073
-42,-6,5,100000,31,0.00031,66,0.00066
-42,-5,0,100000,33,0.00033,72,0.00072
-42,-5,1,100000,52,0.00052,91,0.00091
-42,-5,2,100000,25,0.00025,76,0.00076
-42,-5,3,100000,42,0.00042,80,0.0008
-42,-5,4,100000,30,0.0003,69,0.00069
-42,-5,5,100000,24,0.00024,70,0.0007
-42,-4,0,100000,41,0.00041,73,0.00073
-42,-4,1,100000,22,0.00022,79,0.00079
-42,-4,2,100000,48,0.00048,71,0.00071
-42,-4,3,100000,40,0.0004,80,0.0008
-42,-4,4,100000,38,0.00038,69,0.00069
-42,-4,5,100000,31,0.00031,63,0.00063
-42,-3,0,100000,22,0.00022,88,0.00088
-42,-3,1,100000,42,0.00042,70,0.0007
-42,-3,2,100000,33,0.00033,76,0.00076
-42,-3,3,100000,27,0.00027,90,0.0009
-42,-3,4,100000,56,0.00056,94,0.00094
-42,-3,5,100000,31,0.00031,80,0.0008
-42,-2,0,100000,37,0.00037,83,0.00083
-42,-2,1,100000,22,0.00022,78,0.00078
-42,-2,2,100000,15,0.00015,82,0.00082
-42,-2,3,100000,43,0.00043,77,0.00077
-42,-2,4,100000,28,0.00028,72,0.00072
-42,-2,5,100000,55,0.00055,88,0.00088
-42,-1,0,100000,46,0.00046,81,0.00081
-42,-1,1,100000,11,0.00011,64,0.00064
-42,-1,2,100000,38,0.00038,73,0.00073
-42,-1,3,100000,23,0.00023,58,0.00058
-42,-1,4,100000,13,0.00013,71,0.00071
-42,-1,5,100000,31,0.00031,84,0.00084
-42,0,0,100000,34,0.00034,80,0.0008
-42,0,1,100000,40,0.0004,79,0.00079
-42,0,2,100000,43,0.00043,89,0.00089
-42,0,3,100000,34,0.00034,69,0.00069
-42,0,4,100000,23,0.00023,59,0.00059
-42,0,5,100000,39,0.00039,79,0.00079
-42,1,0,100000,32,0.00032,62,0.00062
-42,1,1,100000,35,0.00035,59,0.00059
-42,1,2,100000,25,0.00025,78,0.00078
-42,1,3,100000,28,0.00028,75,0.00075
-42,1,4,100000,20,0.0002,72,0.00072
-42,1,5,100000,22,0.00022,77,0.00077
-42,2,0,100000,27,0.00027,76,0.00076
-42,2,1,100000,27,0.00027,59,0.00059
-42,2,2,100000,43,0.00043,88,0.00088
-42,2,3,100000,15,0.00015,66,0.00066
-42,2,4,100000,29,0.00029,61,0.00061
-42,2,5,100000,23,0.00023,82,0.00082
-42,3,0,100000,44,0.00044,80,0.0008
-42,3,1,100000,23,0.00023,60,0.0006
-42,3,2,100000,39,0.00039,94,0.00094
-42,3,3,100000,29,0.00029,63,0.00063
-42,3,4,100000,19,0.00019,68,0.00068
-42,3,5,100000,33,0.00033,84,0.00084
-42,4,0,100000,36,0.00036,64,0.00064
-42,4,1,100000,27,0.00027,64,0.00064
-42,4,2,100000,24,0.00024,70,0.0007
-42,4,3,100000,29,0.00029,62,0.00062
-42,4,4,100000,16,0.00016,70,0.0007
-42,4,5,100000,28,0.00028,79,0.00079
-42,5,0,100000,26,0.00026,73,0.00073
-42,5,1,100000,34,0.00034,63,0.00063
-42,5,2,100000,23,0.00023,74,0.00074
-42,5,3,100000,25,0.00025,78,0.00078
-42,5,4,100000,28,0.00028,70,0.0007
-42,5,5,100000,33,0.00033,76,0.00076
-42,6,0,100000,27,0.00027,65,0.00065
-42,6,1,100000,24,0.00024,65,0.00065
-42,6,2,100000,19,0.00019,65,0.00065
-42,6,3,100000,21,0.00021,71,0.00071
-42,6,4,100000,11,0.00011,59,0.00059
-42,6,5,100000,22,0.00022,71,0.00071
-42,7,0,100000,36,0.00036,74,0.00074
-42,7,1,100000,19,0.00019,78,0.00078
-42,7,2,100000,48,0.00048,76,0.00076
-42,7,3,100000,22,0.00022,63,0.00063
-42,7,4,100000,24,0.00024,67,0.00067
-42,7,5,100000,23,0.00023,62,0.00062
-42,8,0,100000,35,0.00035,77,0.00077
-42,8,1,100000,39,0.00039,62,0.00062
-42,8,2,100000,49,0.00049,64,0.00064
-42,8,3,100000,33,0.00033,63,0.00063
-42,8,4,100000,24,0.00024,70,0.0007
-42,8,5,100000,39,0.00039,67,0.00067
-42,9,0,100000,31,0.00031,81,0.00081
-42,9,1,100000,20,0.0002,72,0.00072
-42,9,2,100000,38,0.00038,83,0.00083
-42,9,3,100000,33,0.00033,64,0.00064
-42,9,4,100000,31,0.00031,57,0.00057
-42,9,5,100000,28,0.00028,77,0.00077
-42,10,0,100000,25,0.00025,59,0.00059
-42,10,1,100000,33,0.00033,63,0.00063
-42,10,2,100000,24,0.00024,75,0.00075
-42,10,3,100000,36,0.00036,85,0.00085
-42,10,4,100000,34,0.00034,70,0.0007
-42,10,5,100000,22,0.00022,65,0.00065
-42,11,0,100000,30,0.0003,74,0.00074
-42,11,1,100000,38,0.00038,68,0.00068
-42,11,2,100000,32,0.00032,79,0.00079
-42,11,3,100000,28,0.00028,77,0.00077
-42,11,4,100000,29,0.00029,70,0.0007
-42,11,5,100000,49,0.00049,71,0.00071
-42,12,0,100000,24,0.00024,72,0.00072
-42,12,1,100000,26,0.00026,56,0.00056
-42,12,2,100000,19,0.00019,73,0.00073
-42,12,3,100000,22,0.00022,61,0.00061
-42,12,4,100000,28,0.00028,51,0.00051
-42,12,5,100000,24,0.00024,54,0.00054
-42,13,0,100000,25,0.00025,77,0.00077
-42,13,1,100000,44,0.00044,82,0.00082
-42,13,2,100000,17,0.00017,64,0.00064
-42,13,3,100000,39,0.00039,67,0.00067
-42,13,4,100000,29,0.00029,77,0.00077
-42,13,5,100000,42,0.00042,70,0.0007
-42,14,0,100000,46,0.00046,86,0.00086
-42,14,1,100000,27,0.00027,48,0.00048
-42,14,2,100000,38,0.00038,63,0.00063
-42,14,3,100000,25,0.00025,69,0.00069
-42,14,4,100000,22,0.00022,64,0.00064
-42,14,5,100000,17,0.00017,61,0.00061
-42,15,0,100000,48,0.00048,85,0.00085
-42,15,1,100000,41,0.00041,83,0.00083
-42,15,2,100000,18,0.00018,75,0.00075
-42,15,3,100000,23,0.00023,82,0.00082
-42,15,4,100000,33,0.00033,87,0.00087
-42,15,5,100000,22,0.00022,75,0.00075
-42,16,0,100000,32,0.00032,79,0.00079
-42,16,1,100000,52,0.00052,82,0.00082
-42,16,2,100000,24,0.00024,72,0.00072
-42,16,3,100000,27,0.00027,61,0.00061
-42,16,4,100000,33,0.00033,63,0.00063
-42,16,5,100000,25,0.00025,71,0.00071
-42,17,0,100000,29,0.00029,77,0.00077
-42,17,1,100000,31,0.00031,79,0.00079
-42,17,2,100000,17,0.00017,80,0.0008
-42,17,3,100000,35,0.00035,69,0.00069
-42,17,4,100000,19,0.00019,70,0.0007
-42,17,5,100000,41,0.00041,80,0.0008
-42,18,0,100000,27,0.00027,74,0.00074
-42,18,1,100000,33,0.00033,82,0.00082
-42,18,2,100000,25,0.00025,59,0.00059
-42,18,3,100000,31,0.00031,75,0.00075
-42,18,4,100000,24,0.00024,78,0.00078
-42,18,5,100000,67,0.00067,75,0.00075
-42,19,0,100000,18,0.00018,72,0.00072
-42,19,1,100000,41,0.00041,64,0.00064
-42,19,2,100000,57,0.00057,101,0.00101
-42,19,3,100000,31,0.00031,80,0.0008
-42,19,4,100000,17,0.00017,74,0.00074
-42,19,5,100000,23,0.00023,54,0.00054
-42,20,0,100000,33,0.00033,76,0.00076
-42,20,1,100000,23,0.00023,62,0.00062
-42,20,2,100000,19,0.00019,78,0.00078
-42,20,3,100000,31,0.00031,73,0.00073
-42,20,4,100000,32,0.00032,71,0.00071
-42,20,5,100000,35,0.00035,81,0.00081
-42,21,0,100000,47,0.00047,79,0.00079
-42,21,1,100000,11,0.00011,60,0.0006
-42,21,2,100000,37,0.00037,65,0.00065
-42,21,3,100000,39,0.00039,78,0.00078
-42,21,4,100000,31,0.00031,68,0.00068
-42,21,5,100000,30,0.0003,59,0.00059
-42,22,0,100000,28,0.00028,65,0.00065
-42,22,1,100000,27,0.00027,60,0.0006
-42,22,2,100000,39,0.00039,78,0.00078
-42,22,3,100000,47,0.00047,83,0.00083
-42,22,4,100000,25,0.00025,68,0.00068
-42,22,5,100000,29,0.00029,92,0.00092
-42,23,0,100000,20,0.0002,80,0.0008
-42,23,1,100000,29,0.00029,80,0.0008
-42,23,2,100000,16,0.00016,70,0.0007
-42,23,3,100000,28,0.00028,81,0.00081
-42,23,4,100000,27,0.00027,67,0.00067
-42,23,5,100000,30,0.0003,71,0.00071
-42,24,0,100000,47,0.00047,80,0.0008
-42,24,1,100000,28,0.00028,60,0.0006
-42,24,2,100000,16,0.00016,57,0.00057
-42,24,3,100000,21,0.00021,73,0.00073
-42,24,4,100000,28,0.00028,70,0.0007
-42,24,5,100000,46,0.00046,81,0.00081
-42,25,0,100000,23,0.00023,69,0.00069
-42,25,1,100000,24,0.00024,59,0.00059
-42,25,2,100000,23,0.00023,75,0.00075
-42,25,3,100000,31,0.00031,63,0.00063
-42,25,4,100000,29,0.00029,66,0.00066
-42,25,5,100000,24,0.00024,69,0.00069
-42,26,0,100000,25,0.00025,84,0.00084
-42,26,1,100000,44,0.00044,75,0.00075
-42,26,2,100000,27,0.00027,64,0.00064
-42,26,3,100000,29,0.00029,70,0.0007
-42,26,4,100000,17,0.00017,63,0.00063
-42,26,5,100000,31,0.00031,72,0.00072
-42,27,0,100000,33,0.00033,67,0.00067
-42,27,1,100000,35,0.00035,83,0.00083
-42,27,2,100000,30,0.0003,79,0.00079
-42,27,3,100000,27,0.00027,68,0.00068
-42,27,4,100000,42,0.00042,85,0.00085
-42,27,5,100000,23,0.00023,66,0.00066
-42,28,0,100000,18,0.00018,73,0.00073
-42,28,1,100000,32,0.00032,69,0.00069
-42,28,2,100000,16,0.00016,56,0.00056
-42,28,3,100000,26,0.00026,62,0.00062
-42,28,4,100000,23,0.00023,61,0.00061
-42,28,5,100000,29,0.00029,71,0.00071
-42,29,0,100000,27,0.00027,70,0.0007
-42,29,1,100000,20,0.0002,80,0.0008
-42,29,2,100000,25,0.00025,66,0.00066
-42,29,3,100000,27,0.00027,63,0.00063
-42,29,4,100000,24,0.00024,67,0.00067
-42,29,5,100000,23,0.00023,87,0.00087
-42,30,0,100000,36,0.00036,68,0.00068
-42,30,1,100000,26,0.00026,81,0.00081
-42,30,2,100000,40,0.0004,90,0.0009
-42,30,3,100000,44,0.00044,75,0.00075
-42,30,4,100000,32,0.00032,72,0.00072
-42,30,5,100000,22,0.00022,78,0.00078
-42,31,0,100000,26,0.00026,65,0.00065
-42,31,1,100000,42,0.00042,64,0.00064
-42,31,2,100000,44,0.00044,69,0.00069
-42,31,3,100000,23,0.00023,76,0.00076
-42,31,4,100000,44,0.00044,76,0.00076
-42,31,5,100000,27,0.00027,66,0.00066
-42,32,0,100000,29,0.00029,80,0.0008
-42,32,1,100000,27,0.00027,72,0.00072
-42,32,2,100000,27,0.00027,66,0.00066
-42,32,3,100000,32,0.00032,70,0.0007
-42,32,4,100000,23,0.00023,70,0.0007
-42,32,5,100000,26,0.00026,60,0.0006
-42,33,0,100000,40,0.0004,73,0.00073
-42,33,1,100000,28,0.00028,71,0.00071
-42,33,2,100000,23,0.00023,55,0.00055
-42,33,3,100000,36,0.00036,81,0.00081
-42,33,4,100000,22,0.00022,72,0.00072
-42,33,5,100000,33,0.00033,64,0.00064
-42,34,0,100000,27,0.00027,58,0.00058
-42,34,1,100000,14,0.00014,60,0.0006
-42,34,2,100000,27,0.00027,78,0.00078
-42,34,3,100000,19,0.00019,63,0.00063
-42,34,4,100000,39,0.00039,74,0.00074
-42,34,5,100000,28,0.00028,65,0.00065
-42,35,0,100000,20,0.0002,75,0.00075
-42,35,1,100000,19,0.00019,81,0.00081
-42,35,2,100000,31,0.00031,79,0.00079
-42,35,3,100000,29,0.00029,72,0.00072
-42,35,4,100000,34,0.00034,68,0.00068
-42,35,5,100000,28,0.00028,80,0.0008
-42,36,0,100000,36,0.00036,85,0.00085
-42,36,1,100000,21,0.00021,64,0.00064
-42,36,2,100000,17,0.00017,68,0.00068
-42,36,3,100000,20,0.0002,67,0.00067
-42,36,4,100000,23,0.00023,68,0.00068
-42,36,5,100000,23,0.00023,69,0.00069
-42,37,0,100000,38,0.00038,71,0.00071
-42,37,1,100000,20,0.0002,62,0.00062
-42,37,2,100000,21,0.00021,59,0.00059
-42,37,3,100000,39,0.00039,86,0.00086
-42,37,4,100000,30,0.0003,79,0.00079
-42,37,5,100000,28,0.00028,69,0.00069
-42,38,0,100000,17,0.00017,66,0.00066
-42,38,1,100000,20,0.0002,66,0.00066
-42,38,2,100000,20,0.0002,67,0.00067
-42,38,3,100000,35,0.00035,60,0.0006
-42,38,4,100000,25,0.00025,78,0.00078
-42,38,5,100000,35,0.00035,79,0.00079
-42,39,0,100000,39,0.00039,63,0.00063
-42,39,1,100000,14,0.00014,79,0.00079
-42,39,2,100000,37,0.00037,60,0.0006
-42,39,3,100000,26,0.00026,58,0.00058
-42,39,4,100000,20,0.0002,73,0.00073
-42,39,5,100000,24,0.00024,76,0.00076
-42,40,0,100000,20,0.0002,80,0.0008
-42,40,1,100000,34,0.00034,55,0.00055
-42,40,2,100000,34,0.00034,50,0.0005
-42,40,3,100000,30,0.0003,60,0.0006
-42,40,4,100000,37,0.00037,62,0.00062
-42,40,5,100000,14,0.00014,63,0.00063
-42,41,0,100000,28,0.00028,71,0.00071
-42,41,1,100000,30,0.0003,79,0.00079
-42,41,2,100000,31,0.00031,91,0.00091
-42,41,3,100000,40,0.0004,72,0.00072
-42,41,4,100000,37,0.00037,78,0.00078
-42,41,5,100000,16,0.00016,60,0.0006
-42,42,0,100000,37,0.00037,71,0.00071
-42,42,1,100000,36,0.00036,80,0.0008
-42,42,2,100000,22,0.00022,75,0.00075
-42,42,3,100000,30,0.0003,72,0.00072
-42,42,4,100000,25,0.00025,75,0.00075
-42,42,5,100000,31,0.00031,72,0.00072
-42,43,0,100000,23,0.00023,75,0.00075
-42,43,1,100000,30,0.0003,80,0.0008
-42,43,2,100000,16,0.00016,65,0.00065
-42,43,3,100000,24,0.00024,64,0.00064
-42,43,4,100000,31,0.00031,61,0.00061
-42,43,5,100000,22,0.00022,67,0.00067
-42,44,0,100000,21,0.00021,64,0.00064
-42,44,1,100000,30,0.0003,79,0.00079
-42,44,2,100000,29,0.00029,79,0.00079
-42,44,3,100000,11,0.00011,55,0.00055
-42,44,4,100000,31,0.00031,69,0.00069
-42,44,5,100000,17,0.00017,68,0.00068
-42,45,0,100000,20,0.0002,73,0.00073
-42,45,1,100000,55,0.00055,85,0.00085
-42,45,2,100000,49,0.00049,69,0.00069
-42,45,3,100000,32,0.00032,79,0.00079
-42,45,4,100000,33,0.00033,64,0.00064
-42,45,5,100000,27,0.00027,71,0.00071
-42,46,0,100000,30,0.0003,64,0.00064
-42,46,1,100000,31,0.00031,73,0.00073
-42,46,2,100000,35,0.00035,71,0.00071
-42,46,3,100000,25,0.00025,73,0.00073
-42,46,4,100000,15,0.00015,68,0.00068
-42,46,5,100000,44,0.00044,67,0.00067
-42,47,0,100000,37,0.00037,81,0.00081
-42,47,1,100000,22,0.00022,62,0.00062
-42,47,2,100000,38,0.00038,66,0.00066
-42,47,3,100000,17,0.00017,66,0.00066
-42,47,4,100000,20,0.0002,56,0.00056
-42,47,5,100000,43,0.00043,96,0.00096
-42,48,0,100000,41,0.00041,75,0.00075
-42,48,1,100000,28,0.00028,68,0.00068
-42,48,2,100000,31,0.00031,60,0.0006
-42,48,3,100000,29,0.00029,71,0.00071
-42,48,4,100000,26,0.00026,80,0.0008
-42,48,5,100000,20,0.0002,59,0.00059
-42,49,0,100000,30,0.0003,76,0.00076
-42,49,1,100000,32,0.00032,64,0.00064
-42,49,2,100000,24,0.00024,77,0.00077
-42,49,3,100000,53,0.00053,71,0.00071
-42,49,4,100000,33,0.00033,73,0.00073
-42,49,5,100000,30,0.0003,82,0.00082
-42,50,0,100000,28,0.00028,86,0.00086
-42,50,1,100000,28,0.00028,77,0.00077
-42,50,2,100000,26,0.00026,68,0.00068
-42,50,3,100000,28,0.00028,68,0.00068
-42,50,4,100000,33,0.00033,67,0.00067
-42,50,5,100000,40,0.0004,71,0.00071
-41,-50,0,100000,25,0.00025,78,0.00078
-41,-50,1,100000,28,0.00028,84,0.00084
-41,-50,2,100000,29,0.00029,93,0.00093
-41,-50,3,100000,34,0.00034,79,0.00079
-41,-50,4,100000,27,0.00027,71,0.00071
-41,-50,5,100000,17,0.00017,67,0.00067
-41,-49,0,100000,37,0.00037,70,0.0007
-41,-49,1,100000,44,0.00044,85,0.00085
-41,-49,2,100000,40,0.0004,75,0.00075
-41,-49,3,100000,27,0.00027,62,0.00062
-41,-49,4,100000,30,0.0003,89,0.00089
-41,-49,5,100000,37,0.00037,78,0.00078
-41,-48,0,100000,31,0.00031,80,0.0008
-41,-48,1,100000,16,0.00016,61,0.00061
-41,-48,2,100000,26,0.00026,74,0.00074
-41,-48,3,100000,29,0.00029,63,0.00063
-41,-48,4,100000,26,0.00026,73,0.00073
-41,-48,5,100000,58,0.00058,79,0.00079
-41,-47,0,100000,26,0.00026,81,0.00081
-41,-47,1,100000,37,0.00037,88,0.00088
-41,-47,2,100000,39,0.00039,80,0.0008
-41,-47,3,100000,57,0.00057,85,0.00085
-41,-47,4,100000,28,0.00028,82,0.00082
-41,-47,5,100000,21,0.00021,55,0.00055
-41,-46,0,100000,22,0.00022,74,0.00074
-41,-46,1,100000,23,0.00023,95,0.00095
-41,-46,2,100000,13,0.00013,61,0.00061
-41,-46,3,100000,26,0.00026,61,0.00061
-41,-46,4,100000,43,0.00043,81,0.00081
-41,-46,5,100000,33,0.00033,71,0.00071
-41,-45,0,100000,22,0.00022,70,0.0007
-41,-45,1,100000,28,0.00028,80,0.0008
-41,-45,2,100000,41,0.00041,65,0.00065
-41,-45,3,100000,32,0.00032,75,0.00075
-41,-45,4,100000,30,0.0003,62,0.00062
-41,-45,5,100000,18,0.00018,61,0.00061
-41,-44,0,100000,28,0.00028,64,0.00064
-41,-44,1,100000,24,0.00024,72,0.00072
-41,-44,2,100000,27,0.00027,62,0.00062
-41,-44,3,100000,46,0.00046,69,0.00069
-41,-44,4,100000,32,0.00032,81,0.00081
-41,-44,5,100000,19,0.00019,73,0.00073
-41,-43,0,100000,35,0.00035,80,0.0008
-41,-43,1,100000,31,0.00031,71,0.00071
-41,-43,2,100000,34,0.00034,79,0.00079
-41,-43,3,100000,25,0.00025,74,0.00074
-41,-43,4,100000,36,0.00036,64,0.00064
-41,-43,5,100000,15,0.00015,58,0.00058
-41,-42,0,100000,36,0.00036,91,0.00091
-41,-42,1,100000,63,0.00063,84,0.00084
-41,-42,2,100000,35,0.00035,70,0.0007
-41,-42,3,100000,32,0.00032,71,0.00071
-41,-42,4,100000,40,0.0004,90,0.0009
-41,-42,5,100000,25,0.00025,87,0.00087
-41,-41,0,100000,17,0.00017,70,0.0007
-41,-41,1,100000,28,0.00028,73,0.00073
-41,-41,2,100000,33,0.00033,76,0.00076
-41,-41,3,100000,35,0.00035,69,0.00069
-41,-41,4,100000,23,0.00023,64,0.00064
-41,-41,5,100000,36,0.00036,58,0.00058
-41,-40,0,100000,28,0.00028,74,0.00074
-41,-40,1,100000,20,0.0002,72,0.00072
-41,-40,2,100000,49,0.00049,90,0.0009
-41,-40,3,100000,42,0.00042,74,0.00074
-41,-40,4,100000,23,0.00023,69,0.00069
-41,-40,5,100000,41,0.00041,72,0.00072
-41,-39,0,100000,34,0.00034,89,0.00089
-41,-39,1,100000,29,0.00029,66,0.00066
-41,-39,2,100000,16,0.00016,56,0.00056
-41,-39,3,100000,42,0.00042,88,0.00088
-41,-39,4,100000,12,0.00012,70,0.0007
-41,-39,5,100000,33,0.00033,73,0.00073
-41,-38,0,100000,37,0.00037,56,0.00056
-41,-38,1,100000,28,0.00028,64,0.00064
-41,-38,2,100000,20,0.0002,70,0.0007
-41,-38,3,100000,14,0.00014,63,0.00063
-41,-38,4,100000,17,0.00017,57,0.00057
-41,-38,5,100000,36,0.00036,74,0.00074
-41,-37,0,100000,46,0.00046,90,0.0009
-41,-37,1,100000,43,0.00043,67,0.00067
-41,-37,2,100000,21,0.00021,77,0.00077
-41,-37,3,100000,13,0.00013,66,0.00066
-41,-37,4,100000,34,0.00034,72,0.00072
-41,-37,5,100000,22,0.00022,71,0.00071
-41,-36,0,100000,29,0.00029,69,0.00069
-41,-36,1,100000,48,0.00048,70,0.0007
-41,-36,2,100000,23,0.00023,59,0.00059
-41,-36,3,100000,21,0.00021,74,0.00074
-41,-36,4,100000,30,0.0003,72,0.00072
-41,-36,5,100000,42,0.00042,62,0.00062
-41,-35,0,100000,30,0.0003,91,0.00091
-41,-35,1,100000,24,0.00024,67,0.00067
-41,-35,2,100000,20,0.0002,58,0.00058
-41,-35,3,100000,33,0.00033,69,0.00069
-41,-35,4,100000,17,0.00017,59,0.00059
-41,-35,5,100000,15,0.00015,65,0.00065
-41,-34,0,100000,37,0.00037,88,0.00088
-41,-34,1,100000,35,0.00035,76,0.00076
-41,-34,2,100000,10,0.0001,83,0.00083
-41,-34,3,100000,37,0.00037,78,0.00078
-41,-34,4,100000,18,0.00018,64,0.00064
-41,-34,5,100000,42,0.00042,80,0.0008
-41,-33,0,100000,31,0.00031,79,0.00079
-41,-33,1,100000,44,0.00044,84,0.00084
-41,-33,2,100000,26,0.00026,78,0.00078
-41,-33,3,100000,32,0.00032,62,0.00062
-41,-33,4,100000,24,0.00024,60,0.0006
-41,-33,5,100000,33,0.00033,74,0.00074
-41,-32,0,100000,24,0.00024,76,0.00076
-41,-32,1,100000,14,0.00014,63,0.00063
-41,-32,2,100000,35,0.00035,85,0.00085
-41,-32,3,100000,33,0.00033,79,0.00079
-41,-32,4,100000,21,0.00021,73,0.00073
-41,-32,5,100000,22,0.00022,77,0.00077
-41,-31,0,100000,40,0.0004,75,0.00075
-41,-31,1,100000,28,0.00028,69,0.00069
-41,-31,2,100000,35,0.00035,66,0.00066
-41,-31,3,100000,43,0.00043,77,0.00077
-41,-31,4,100000,22,0.00022,56,0.00056
-41,-31,5,100000,29,0.00029,70,0.0007
-41,-30,0,100000,44,0.00044,58,0.00058
-41,-30,1,100000,43,0.00043,78,0.00078
-41,-30,2,100000,41,0.00041,78,0.00078
-41,-30,3,100000,22,0.00022,64,0.00064
-41,-30,4,100000,20,0.0002,78,0.00078
-41,-30,5,100000,27,0.00027,65,0.00065
-41,-29,0,100000,36,0.00036,78,0.00078
-41,-29,1,100000,24,0.00024,63,0.00063
-41,-29,2,100000,20,0.0002,72,0.00072
-41,-29,3,100000,38,0.00038,80,0.0008
-41,-29,4,100000,40,0.0004,72,0.00072
-41,-29,5,100000,18,0.00018,73,0.00073
-41,-28,0,100000,38,0.00038,78,0.00078
-41,-28,1,100000,35,0.00035,78,0.00078
-41,-28,2,100000,28,0.00028,88,0.00088
-41,-28,3,100000,30,0.0003,83,0.00083
-41,-28,4,100000,45,0.00045,76,0.00076
-41,-28,5,100000,28,0.00028,74,0.00074
-41,-27,0,100000,21,0.00021,78,0.00078
-41,-27,1,100000,26,0.00026,74,0.00074
-41,-27,2,100000,44,0.00044,84,0.00084
-41,-27,3,100000,26,0.00026,75,0.00075
-41,-27,4,100000,26,0.00026,77,0.00077
-41,-27,5,100000,24,0.00024,56,0.00056
-41,-26,0,100000,32,0.00032,80,0.0008
-41,-26,1,100000,37,0.00037,73,0.00073
-41,-26,2,100000,33,0.00033,79,0.00079
-41,-26,3,100000,31,0.00031,65,0.00065
-41,-26,4,100000,38,0.00038,80,0.0008
-41,-26,5,100000,28,0.00028,73,0.00073
-41,-25,0,100000,34,0.00034,69,0.00069
-41,-25,1,100000,32,0.00032,80,0.0008
-41,-25,2,100000,40,0.0004,71,0.00071
-41,-25,3,100000,32,0.00032,68,0.00068
-41,-25,4,100000,40,0.0004,75,0.00075
-41,-25,5,100000,20,0.0002,81,0.00081
-41,-24,0,100000,28,0.00028,62,0.00062
-41,-24,1,100000,43,0.00043,75,0.00075
-41,-24,2,100000,24,0.00024,57,0.00057
-41,-24,3,100000,13,0.00013,67,0.00067
-41,-24,4,100000,27,0.00027,80,0.0008
-41,-24,5,100000,28,0.00028,72,0.00072
-41,-23,0,100000,19,0.00019,57,0.00057
-41,-23,1,100000,22,0.00022,74,0.00074
-41,-23,2,100000,19,0.00019,75,0.00075
-41,-23,3,100000,31,0.00031,81,0.00081
-41,-23,4,100000,9,9e-05,53,0.00053
-41,-23,5,100000,35,0.00035,67,0.00067
-41,-22,0,100000,29,0.00029,65,0.00065
-41,-22,1,100000,16,0.00016,60,0.0006
-41,-22,2,100000,30,0.0003,73,0.00073
-41,-22,3,100000,43,0.00043,81,0.00081
-41,-22,4,100000,49,0.00049,75,0.00075
-41,-22,5,100000,47,0.00047,94,0.00094
-41,-21,0,100000,21,0.00021,72,0.00072
-41,-21,1,100000,48,0.00048,83,0.00083
-41,-21,2,100000,32,0.00032,70,0.0007
-41,-21,3,100000,40,0.0004,89,0.00089
-41,-21,4,100000,35,0.00035,66,0.00066
-41,-21,5,100000,20,0.0002,70,0.0007
-41,-20,0,100000,25,0.00025,70,0.0007
-41,-20,1,100000,22,0.00022,77,0.00077
-41,-20,2,100000,37,0.00037,70,0.0007
-41,-20,3,100000,20,0.0002,74,0.00074
-41,-20,4,100000,15,0.00015,63,0.00063
-41,-20,5,100000,22,0.00022,73,0.00073
-41,-19,0,100000,24,0.00024,68,0.00068
-41,-19,1,100000,50,0.0005,90,0.0009
-41,-19,2,100000,27,0.00027,79,0.00079
-41,-19,3,100000,42,0.00042,83,0.00083
-41,-19,4,100000,59,0.00059,87,0.00087
-41,-19,5,100000,33,0.00033,79,0.00079
-41,-18,0,100000,42,0.00042,67,0.00067
-41,-18,1,100000,26,0.00026,82,0.00082
-41,-18,2,100000,36,0.00036,76,0.00076
-41,-18,3,100000,20,0.0002,55,0.00055
-41,-18,4,100000,25,0.00025,71,0.00071
-41,-18,5,100000,19,0.00019,69,0.00069
-41,-17,0,100000,34,0.00034,73,0.00073
-41,-17,1,100000,17,0.00017,58,0.00058
-41,-17,2,100000,31,0.00031,70,0.0007
-41,-17,3,100000,19,0.00019,70,0.0007
-41,-17,4,100000,26,0.00026,68,0.00068
-41,-17,5,100000,30,0.0003,66,0.00066
-41,-16,0,100000,40,0.0004,69,0.00069
-41,-16,1,100000,21,0.00021,75,0.00075
-41,-16,2,100000,37,0.00037,82,0.00082
-41,-16,3,100000,47,0.00047,72,0.00072
-41,-16,4,100000,35,0.00035,61,0.00061
-41,-16,5,100000,17,0.00017,64,0.00064
-41,-15,0,100000,44,0.00044,68,0.00068
-41,-15,1,100000,36,0.00036,78,0.00078
-41,-15,2,100000,17,0.00017,61,0.00061
-41,-15,3,100000,30,0.0003,70,0.0007
-41,-15,4,100000,42,0.00042,62,0.00062
-41,-15,5,100000,22,0.00022,57,0.00057
-41,-14,0,100000,32,0.00032,81,0.00081
-41,-14,1,100000,18,0.00018,61,0.00061
-41,-14,2,100000,22,0.00022,68,0.00068
-41,-14,3,100000,35,0.00035,76,0.00076
-41,-14,4,100000,38,0.00038,77,0.00077
-41,-14,5,100000,43,0.00043,76,0.00076
-41,-13,0,100000,24,0.00024,65,0.00065
-41,-13,1,100000,40,0.0004,71,0.00071
-41,-13,2,100000,26,0.00026,71,0.00071
-41,-13,3,100000,10,0.0001,67,0.00067
-41,-13,4,100000,26,0.00026,73,0.00073
-41,-13,5,100000,37,0.00037,76,0.00076
-41,-12,0,100000,19,0.00019,65,0.00065
-41,-12,1,100000,26,0.00026,82,0.00082
-41,-12,2,100000,31,0.00031,82,0.00082
-41,-12,3,100000,26,0.00026,72,0.00072
-41,-12,4,100000,38,0.00038,96,0.00096
-41,-12,5,100000,28,0.00028,71,0.00071
-41,-11,0,100000,35,0.00035,69,0.00069
-41,-11,1,100000,44,0.00044,66,0.00066
-41,-11,2,100000,13,0.00013,80,0.0008
-41,-11,3,100000,29,0.00029,72,0.00072
-41,-11,4,100000,19,0.00019,58,0.00058
-41,-11,5,100000,41,0.00041,74,0.00074
-41,-10,0,100000,19,0.00019,56,0.00056
-41,-10,1,100000,32,0.00032,59,0.00059
-41,-10,2,100000,27,0.00027,70,0.0007
-41,-10,3,100000,36,0.00036,62,0.00062
-41,-10,4,100000,36,0.00036,88,0.00088
-41,-10,5,100000,48,0.00048,67,0.00067
-41,-9,0,100000,27,0.00027,70,0.0007
-41,-9,1,100000,24,0.00024,89,0.00089
-41,-9,2,100000,20,0.0002,68,0.00068
-41,-9,3,100000,21,0.00021,62,0.00062
-41,-9,4,100000,26,0.00026,68,0.00068
-41,-9,5,100000,15,0.00015,78,0.00078
-41,-8,0,100000,18,0.00018,73,0.00073
-41,-8,1,100000,30,0.0003,64,0.00064
-41,-8,2,100000,18,0.00018,75,0.00075
-41,-8,3,100000,17,0.00017,67,0.00067
-41,-8,4,100000,27,0.00027,48,0.00048
-41,-8,5,100000,13,0.00013,54,0.00054
-41,-7,0,100000,31,0.00031,81,0.00081
-41,-7,1,100000,29,0.00029,77,0.00077
-41,-7,2,100000,50,0.0005,71,0.00071
-41,-7,3,100000,47,0.00047,71,0.00071
-41,-7,4,100000,27,0.00027,73,0.00073
-41,-7,5,100000,45,0.00045,75,0.00075
-41,-6,0,100000,30,0.0003,84,0.00084
-41,-6,1,100000,15,0.00015,62,0.00062
-41,-6,2,100000,24,0.00024,73,0.00073
-41,-6,3,100000,26,0.00026,68,0.00068
-41,-6,4,100000,18,0.00018,65,0.00065
-41,-6,5,100000,40,0.0004,67,0.00067
-41,-5,0,100000,33,0.00033,82,0.00082
-41,-5,1,100000,36,0.00036,65,0.00065
-41,-5,2,100000,18,0.00018,61,0.00061
-41,-5,3,100000,28,0.00028,81,0.00081
-41,-5,4,100000,27,0.00027,68,0.00068
-41,-5,5,100000,43,0.00043,71,0.00071
-41,-4,0,100000,17,0.00017,81,0.00081
-41,-4,1,100000,14,0.00014,68,0.00068
-41,-4,2,100000,19,0.00019,56,0.00056
-41,-4,3,100000,29,0.00029,83,0.00083
-41,-4,4,100000,32,0.00032,65,0.00065
-41,-4,5,100000,36,0.00036,76,0.00076
-41,-3,0,100000,23,0.00023,66,0.00066
-41,-3,1,100000,30,0.0003,69,0.00069
-41,-3,2,100000,15,0.00015,60,0.0006
-41,-3,3,100000,19,0.00019,65,0.00065
-41,-3,4,100000,29,0.00029,85,0.00085
-41,-3,5,100000,23,0.00023,66,0.00066
-41,-2,0,100000,38,0.00038,74,0.00074
-41,-2,1,100000,28,0.00028,66,0.00066
-41,-2,2,100000,22,0.00022,68,0.00068
-41,-2,3,100000,32,0.00032,70,0.0007
-41,-2,4,100000,30,0.0003,71,0.00071
-41,-2,5,100000,26,0.00026,67,0.00067
-41,-1,0,100000,34,0.00034,77,0.00077
-41,-1,1,100000,27,0.00027,74,0.00074
-41,-1,2,100000,37,0.00037,76,0.00076
-41,-1,3,100000,21,0.00021,74,0.00074
-41,-1,4,100000,42,0.00042,87,0.00087
-41,-1,5,100000,31,0.00031,76,0.00076
-41,0,0,100000,41,0.00041,72,0.00072
-41,0,1,100000,35,0.00035,69,0.00069
-41,0,2,100000,24,0.00024,60,0.0006
-41,0,3,100000,28,0.00028,69,0.00069
-41,0,4,100000,26,0.00026,71,0.00071
-41,0,5,100000,42,0.00042,77,0.00077
-41,1,0,100000,14,0.00014,68,0.00068
-41,1,1,100000,32,0.00032,64,0.00064
-41,1,2,100000,36,0.00036,81,0.00081
-41,1,3,100000,33,0.00033,69,0.00069
-41,1,4,100000,44,0.00044,84,0.00084
-41,1,5,100000,35,0.00035,76,0.00076
-41,2,0,100000,38,0.00038,81,0.00081
-41,2,1,100000,22,0.00022,80,0.0008
-41,2,2,100000,31,0.00031,63,0.00063
-41,2,3,100000,38,0.00038,76,0.00076
-41,2,4,100000,39,0.00039,78,0.00078
-41,2,5,100000,29,0.00029,80,0.0008
-41,3,0,100000,28,0.00028,62,0.00062
-41,3,1,100000,23,0.00023,74,0.00074
-41,3,2,100000,20,0.0002,42,0.00042
-41,3,3,100000,28,0.00028,68,0.00068
-41,3,4,100000,27,0.00027,53,0.00053
-41,3,5,100000,32,0.00032,82,0.00082
-41,4,0,100000,28,0.00028,77,0.00077
-41,4,1,100000,20,0.0002,63,0.00063
-41,4,2,100000,23,0.00023,72,0.00072
-41,4,3,100000,23,0.00023,70,0.0007
-41,4,4,100000,32,0.00032,79,0.00079
-41,4,5,100000,24,0.00024,72,0.00072
-41,5,0,100000,38,0.00038,76,0.00076
-41,5,1,100000,23,0.00023,76,0.00076
-41,5,2,100000,29,0.00029,83,0.00083
-41,5,3,100000,30,0.0003,72,0.00072
-41,5,4,100000,24,0.00024,63,0.00063
-41,5,5,100000,28,0.00028,63,0.00063
-41,6,0,100000,46,0.00046,100,0.001
-41,6,1,100000,55,0.00055,84,0.00084
-41,6,2,100000,36,0.00036,75,0.00075
-41,6,3,100000,60,0.0006,72,0.00072
-41,6,4,100000,24,0.00024,74,0.00074
-41,6,5,100000,42,0.00042,72,0.00072
-41,7,0,100000,49,0.00049,78,0.00078
-41,7,1,100000,55,0.00055,75,0.00075
-41,7,2,100000,29,0.00029,74,0.00074
-41,7,3,100000,21,0.00021,65,0.00065
-41,7,4,100000,36,0.00036,75,0.00075
-41,7,5,100000,9,9e-05,52,0.00052
-41,8,0,100000,38,0.00038,76,0.00076
-41,8,1,100000,23,0.00023,79,0.00079
-41,8,2,100000,30,0.0003,75,0.00075
-41,8,3,100000,42,0.00042,76,0.00076
-41,8,4,100000,30,0.0003,86,0.00086
-41,8,5,100000,35,0.00035,80,0.0008
-41,9,0,100000,34,0.00034,59,0.00059
-41,9,1,100000,32,0.00032,80,0.0008
-41,9,2,100000,24,0.00024,57,0.00057
-41,9,3,100000,34,0.00034,83,0.00083
-41,9,4,100000,35,0.00035,74,0.00074
-41,9,5,100000,39,0.00039,64,0.00064
-41,10,0,100000,28,0.00028,67,0.00067
-41,10,1,100000,31,0.00031,73,0.00073
-41,10,2,100000,31,0.00031,75,0.00075
-41,10,3,100000,40,0.0004,81,0.00081
-41,10,4,100000,25,0.00025,61,0.00061
-41,10,5,100000,26,0.00026,61,0.00061
-41,11,0,100000,39,0.00039,67,0.00067
-41,11,1,100000,18,0.00018,56,0.00056
-41,11,2,100000,31,0.00031,62,0.00062
-41,11,3,100000,28,0.00028,77,0.00077
-41,11,4,100000,36,0.00036,77,0.00077
-41,11,5,100000,28,0.00028,73,0.00073
-41,12,0,100000,36,0.00036,83,0.00083
-41,12,1,100000,28,0.00028,60,0.0006
-41,12,2,100000,42,0.00042,78,0.00078
-41,12,3,100000,14,0.00014,61,0.00061
-41,12,4,100000,29,0.00029,75,0.00075
-41,12,5,100000,49,0.00049,84,0.00084
-41,13,0,100000,23,0.00023,81,0.00081
-41,13,1,100000,29,0.00029,66,0.00066
-41,13,2,100000,25,0.00025,65,0.00065
-41,13,3,100000,27,0.00027,68,0.00068
-41,13,4,100000,19,0.00019,65,0.00065
-41,13,5,100000,13,0.00013,72,0.00072
-41,14,0,100000,25,0.00025,69,0.00069
-41,14,1,100000,28,0.00028,79,0.00079
-41,14,2,100000,18,0.00018,74,0.00074
-41,14,3,100000,40,0.0004,67,0.00067
-41,14,4,100000,48,0.00048,90,0.0009
-41,14,5,100000,23,0.00023,86,0.00086
-41,15,0,100000,53,0.00053,82,0.00082
-41,15,1,100000,8,8e-05,56,0.00056
-41,15,2,100000,28,0.00028,80,0.0008
-41,15,3,100000,35,0.00035,74,0.00074
-41,15,4,100000,51,0.00051,80,0.0008
-41,15,5,100000,22,0.00022,79,0.00079
-41,16,0,100000,16,0.00016,70,0.0007
-41,16,1,100000,36,0.00036,84,0.00084
-41,16,2,100000,21,0.00021,68,0.00068
-41,16,3,100000,26,0.00026,75,0.00075
-41,16,4,100000,30,0.0003,84,0.00084
-41,16,5,100000,22,0.00022,67,0.00067
-41,17,0,100000,26,0.00026,66,0.00066
-41,17,1,100000,37,0.00037,81,0.00081
-41,17,2,100000,32,0.00032,83,0.00083
-41,17,3,100000,27,0.00027,67,0.00067
-41,17,4,100000,30,0.0003,76,0.00076
-41,17,5,100000,44,0.00044,84,0.00084
-41,18,0,100000,35,0.00035,69,0.00069
-41,18,1,100000,30,0.0003,85,0.00085
-41,18,2,100000,18,0.00018,61,0.00061
-41,18,3,100000,22,0.00022,66,0.00066
-41,18,4,100000,19,0.00019,79,0.00079
-41,18,5,100000,21,0.00021,74,0.00074
-41,19,0,100000,22,0.00022,66,0.00066
-41,19,1,100000,40,0.0004,90,0.0009
-41,19,2,100000,14,0.00014,71,0.00071
-41,19,3,100000,35,0.00035,64,0.00064
-41,19,4,100000,33,0.00033,82,0.00082
-41,19,5,100000,30,0.0003,75,0.00075
-41,20,0,100000,39,0.00039,74,0.00074
-41,20,1,100000,10,0.0001,69,0.00069
-41,20,2,100000,19,0.00019,76,0.00076
-41,20,3,100000,36,0.00036,84,0.00084
-41,20,4,100000,47,0.00047,81,0.00081
-41,20,5,100000,34,0.00034,68,0.00068
-41,21,0,100000,19,0.00019,75,0.00075
-41,21,1,100000,51,0.00051,64,0.00064
-41,21,2,100000,22,0.00022,70,0.0007
-41,21,3,100000,30,0.0003,82,0.00082
-41,21,4,100000,22,0.00022,75,0.00075
-41,21,5,100000,25,0.00025,55,0.00055
-41,22,0,100000,44,0.00044,80,0.0008
-41,22,1,100000,27,0.00027,69,0.00069
-41,22,2,100000,38,0.00038,65,0.00065
-41,22,3,100000,34,0.00034,83,0.00083
-41,22,4,100000,33,0.00033,82,0.00082
-41,22,5,100000,61,0.00061,80,0.0008
-41,23,0,100000,14,0.00014,63,0.00063
-41,23,1,100000,26,0.00026,67,0.00067
-41,23,2,100000,38,0.00038,60,0.0006
-41,23,3,100000,31,0.00031,66,0.00066
-41,23,4,100000,32,0.00032,73,0.00073
-41,23,5,100000,30,0.0003,69,0.00069
-41,24,0,100000,17,0.00017,59,0.00059
-41,24,1,100000,31,0.00031,70,0.0007
-41,24,2,100000,21,0.00021,82,0.00082
-41,24,3,100000,33,0.00033,80,0.0008
-41,24,4,100000,27,0.00027,73,0.00073
-41,24,5,100000,27,0.00027,80,0.0008
-41,25,0,100000,17,0.00017,62,0.00062
-41,25,1,100000,30,0.0003,62,0.00062
-41,25,2,100000,18,0.00018,59,0.00059
-41,25,3,100000,30,0.0003,72,0.00072
-41,25,4,100000,18,0.00018,62,0.00062
-41,25,5,100000,17,0.00017,77,0.00077
-41,26,0,100000,24,0.00024,76,0.00076
-41,26,1,100000,45,0.00045,68,0.00068
-41,26,2,100000,24,0.00024,62,0.00062
-41,26,3,100000,22,0.00022,73,0.00073
-41,26,4,100000,47,0.00047,72,0.00072
-41,26,5,100000,20,0.0002,59,0.00059
-41,27,0,100000,21,0.00021,70,0.0007
-41,27,1,100000,27,0.00027,80,0.0008
-41,27,2,100000,15,0.00015,64,0.00064
-41,27,3,100000,41,0.00041,90,0.0009
-41,27,4,100000,25,0.00025,68,0.00068
-41,27,5,100000,12,0.00012,65,0.00065
-41,28,0,100000,24,0.00024,68,0.00068
-41,28,1,100000,24,0.00024,66,0.00066
-41,28,2,100000,22,0.00022,66,0.00066
-41,28,3,100000,25,0.00025,58,0.00058
-41,28,4,100000,24,0.00024,83,0.00083
-41,28,5,100000,20,0.0002,68,0.00068
-41,29,0,100000,17,0.00017,58,0.00058
-41,29,1,100000,42,0.00042,84,0.00084
-41,29,2,100000,32,0.00032,66,0.00066
-41,29,3,100000,20,0.0002,70,0.0007
-41,29,4,100000,16,0.00016,70,0.0007
-41,29,5,100000,34,0.00034,73,0.00073
-41,30,0,100000,18,0.00018,69,0.00069
-41,30,1,100000,31,0.00031,74,0.00074
-41,30,2,100000,20,0.0002,80,0.0008
-41,30,3,100000,51,0.00051,81,0.00081
-41,30,4,100000,28,0.00028,73,0.00073
-41,30,5,100000,30,0.0003,79,0.00079
-41,31,0,100000,28,0.00028,77,0.00077
-41,31,1,100000,48,0.00048,100,0.001
-41,31,2,100000,33,0.00033,74,0.00074
-41,31,3,100000,26,0.00026,71,0.00071
-41,31,4,100000,32,0.00032,80,0.0008
-41,31,5,100000,38,0.00038,85,0.00085
-41,32,0,100000,29,0.00029,65,0.00065
-41,32,1,100000,33,0.00033,76,0.00076
-41,32,2,100000,25,0.00025,72,0.00072
-41,32,3,100000,23,0.00023,66,0.00066
-41,32,4,100000,13,0.00013,60,0.0006
-41,32,5,100000,18,0.00018,60,0.0006
-41,33,0,100000,43,0.00043,64,0.00064
-41,33,1,100000,39,0.00039,91,0.00091
-41,33,2,100000,40,0.0004,89,0.00089
-41,33,3,100000,23,0.00023,71,0.00071
-41,33,4,100000,27,0.00027,62,0.00062
-41,33,5,100000,26,0.00026,78,0.00078
-41,34,0,100000,41,0.00041,81,0.00081
-41,34,1,100000,42,0.00042,83,0.00083
-41,34,2,100000,18,0.00018,67,0.00067
-41,34,3,100000,59,0.00059,85,0.00085
-41,34,4,100000,39,0.00039,80,0.0008
-41,34,5,100000,35,0.00035,69,0.00069
-41,35,0,100000,27,0.00027,67,0.00067
-41,35,1,100000,18,0.00018,66,0.00066
-41,35,2,100000,16,0.00016,69,0.00069
-41,35,3,100000,47,0.00047,68,0.00068
-41,35,4,100000,23,0.00023,72,0.00072
-41,35,5,100000,20,0.0002,63,0.00063
-41,36,0,100000,38,0.00038,88,0.00088
-41,36,1,100000,27,0.00027,85,0.00085
-41,36,2,100000,38,0.00038,79,0.00079
-41,36,3,100000,50,0.0005,80,0.0008
-41,36,4,100000,40,0.0004,85,0.00085
-41,36,5,100000,38,0.00038,79,0.00079
-41,37,0,100000,40,0.0004,59,0.00059
-41,37,1,100000,22,0.00022,66,0.00066
-41,37,2,100000,24,0.00024,74,0.00074
-41,37,3,100000,27,0.00027,78,0.00078
-41,37,4,100000,32,0.00032,73,0.00073
-41,37,5,100000,28,0.00028,64,0.00064
-41,38,0,100000,29,0.00029,73,0.00073
-41,38,1,100000,28,0.00028,66,0.00066
-41,38,2,100000,28,0.00028,78,0.00078
-41,38,3,100000,28,0.00028,72,0.00072
-41,38,4,100000,36,0.00036,90,0.0009
-41,38,5,100000,27,0.00027,67,0.00067
-41,39,0,100000,29,0.00029,79,0.00079
-41,39,1,100000,34,0.00034,74,0.00074
-41,39,2,100000,25,0.00025,84,0.00084
-41,39,3,100000,15,0.00015,73,0.00073
-41,39,4,100000,22,0.00022,73,0.00073
-41,39,5,100000,25,0.00025,69,0.00069
-41,40,0,100000,42,0.00042,88,0.00088
-41,40,1,100000,20,0.0002,68,0.00068
-41,40,2,100000,34,0.00034,88,0.00088
-41,40,3,100000,31,0.00031,68,0.00068
-41,40,4,100000,28,0.00028,73,0.00073
-41,40,5,100000,57,0.00057,79,0.00079
-41,41,0,100000,44,0.00044,75,0.00075
-41,41,1,100000,26,0.00026,93,0.00093
-41,41,2,100000,16,0.00016,73,0.00073
-41,41,3,100000,35,0.00035,76,0.00076
-41,41,4,100000,22,0.00022,62,0.00062
-41,41,5,100000,32,0.00032,57,0.00057
-41,42,0,100000,41,0.00041,77,0.00077
-41,42,1,100000,24,0.00024,60,0.0006
-41,42,2,100000,30,0.0003,66,0.00066
-41,42,3,100000,30,0.0003,63,0.00063
-41,42,4,100000,19,0.00019,71,0.00071
-41,42,5,100000,31,0.00031,78,0.00078
-41,43,0,100000,43,0.00043,74,0.00074
-41,43,1,100000,26,0.00026,81,0.00081
-41,43,2,100000,24,0.00024,67,0.00067
-41,43,3,100000,14,0.00014,56,0.00056
-41,43,4,100000,18,0.00018,67,0.00067
-41,43,5,100000,42,0.00042,69,0.00069
-41,44,0,100000,28,0.00028,73,0.00073
-41,44,1,100000,22,0.00022,63,0.00063
-41,44,2,100000,33,0.00033,90,0.0009
-41,44,3,100000,48,0.00048,71,0.00071
-41,44,4,100000,38,0.00038,88,0.00088
-41,44,5,100000,28,0.00028,66,0.00066
-41,45,0,100000,18,0.00018,67,0.00067
-41,45,1,100000,36,0.00036,78,0.00078
-41,45,2,100000,31,0.00031,84,0.00084
-41,45,3,100000,45,0.00045,76,0.00076
-41,45,4,100000,18,0.00018,75,0.00075
-41,45,5,100000,34,0.00034,78,0.00078
-41,46,0,100000,37,0.00037,68,0.00068
-41,46,1,100000,18,0.00018,57,0.00057
-41,46,2,100000,24,0.00024,63,0.00063
-41,46,3,100000,29,0.00029,72,0.00072
-41,46,4,100000,17,0.00017,70,0.0007
-41,46,5,100000,25,0.00025,68,0.00068
-41,47,0,100000,36,0.00036,71,0.00071
-41,47,1,100000,23,0.00023,75,0.00075
-41,47,2,100000,16,0.00016,61,0.00061
-41,47,3,100000,17,0.00017,71,0.00071
-41,47,4,100000,20,0.0002,60,0.0006
-41,47,5,100000,12,0.00012,74,0.00074
-41,48,0,100000,40,0.0004,89,0.00089
-41,48,1,100000,44,0.00044,72,0.00072
-41,48,2,100000,32,0.00032,84,0.00084
-41,48,3,100000,61,0.00061,73,0.00073
-41,48,4,100000,35,0.00035,76,0.00076
-41,48,5,100000,15,0.00015,67,0.00067
-41,49,0,100000,31,0.00031,87,0.00087
-41,49,1,100000,19,0.00019,74,0.00074
-41,49,2,100000,11,0.00011,63,0.00063
-41,49,3,100000,25,0.00025,61,0.00061
-41,49,4,100000,30,0.0003,76,0.00076
-41,49,5,100000,25,0.00025,65,0.00065
-41,50,0,100000,35,0.00035,72,0.00072
-41,50,1,100000,23,0.00023,83,0.00083
-41,50,2,100000,40,0.0004,70,0.0007
-41,50,3,100000,39,0.00039,78,0.00078
-41,50,4,100000,25,0.00025,74,0.00074
-41,50,5,100000,40,0.0004,71,0.00071
-40,-50,0,100000,26,0.00026,78,0.00078
-40,-50,1,100000,21,0.00021,67,0.00067
-40,-50,2,100000,33,0.00033,56,0.00056
-40,-50,3,100000,17,0.00017,49,0.00049
-40,-50,4,100000,15,0.00015,62,0.00062
-40,-50,5,100000,22,0.00022,64,0.00064
-40,-49,0,100000,27,0.00027,60,0.0006
-40,-49,1,100000,14,0.00014,67,0.00067
-40,-49,2,100000,29,0.00029,67,0.00067
-40,-49,3,100000,29,0.00029,65,0.00065
-40,-49,4,100000,14,0.00014,88,0.00088
-40,-49,5,100000,22,0.00022,64,0.00064
-40,-48,0,100000,30,0.0003,74,0.00074
-40,-48,1,100000,29,0.00029,82,0.00082
-40,-48,2,100000,44,0.00044,83,0.00083
-40,-48,3,100000,26,0.00026,65,0.00065
-40,-48,4,100000,21,0.00021,76,0.00076
-40,-48,5,100000,40,0.0004,85,0.00085
-40,-47,0,100000,28,0.00028,64,0.00064
-40,-47,1,100000,21,0.00021,53,0.00053
-40,-47,2,100000,33,0.00033,73,0.00073
-40,-47,3,100000,41,0.00041,77,0.00077
-40,-47,4,100000,33,0.00033,88,0.00088
-40,-47,5,100000,28,0.00028,63,0.00063
-40,-46,0,100000,17,0.00017,67,0.00067
-40,-46,1,100000,29,0.00029,70,0.0007
-40,-46,2,100000,31,0.00031,64,0.00064
-40,-46,3,100000,37,0.00037,77,0.00077
-40,-46,4,100000,32,0.00032,82,0.00082
-40,-46,5,100000,53,0.00053,69,0.00069
-40,-45,0,100000,23,0.00023,82,0.00082
-40,-45,1,100000,51,0.00051,86,0.00086
-40,-45,2,100000,26,0.00026,89,0.00089
-40,-45,3,100000,40,0.0004,93,0.00093
-40,-45,4,100000,26,0.00026,76,0.00076
-40,-45,5,100000,37,0.00037,87,0.00087
-40,-44,0,100000,29,0.00029,69,0.00069
-40,-44,1,100000,20,0.0002,68,0.00068
-40,-44,2,100000,35,0.00035,70,0.0007
-40,-44,3,100000,39,0.00039,85,0.00085
-40,-44,4,100000,52,0.00052,73,0.00073
-40,-44,5,100000,44,0.00044,78,0.00078
-40,-43,0,100000,25,0.00025,71,0.00071
-40,-43,1,100000,14,0.00014,53,0.00053
-40,-43,2,100000,20,0.0002,64,0.00064
-40,-43,3,100000,48,0.00048,79,0.00079
-40,-43,4,100000,28,0.00028,69,0.00069
-40,-43,5,100000,34,0.00034,69,0.00069
-40,-42,0,100000,19,0.00019,62,0.00062
-40,-42,1,100000,26,0.00026,66,0.00066
-40,-42,2,100000,50,0.0005,76,0.00076
-40,-42,3,100000,31,0.00031,76,0.00076
-40,-42,4,100000,45,0.00045,80,0.0008
-40,-42,5,100000,22,0.00022,68,0.00068
-40,-41,0,100000,27,0.00027,73,0.00073
-40,-41,1,100000,29,0.00029,59,0.00059
-40,-41,2,100000,41,0.00041,76,0.00076
-40,-41,3,100000,16,0.00016,65,0.00065
-40,-41,4,100000,32,0.00032,78,0.00078
-40,-41,5,100000,36,0.00036,67,0.00067
-40,-40,0,100000,31,0.00031,70,0.0007
-40,-40,1,100000,34,0.00034,72,0.00072
-40,-40,2,100000,22,0.00022,60,0.0006
-40,-40,3,100000,39,0.00039,60,0.0006
-40,-40,4,100000,35,0.00035,64,0.00064
-40,-40,5,100000,33,0.00033,74,0.00074
-40,-39,0,100000,16,0.00016,69,0.00069
-40,-39,1,100000,25,0.00025,64,0.00064
-40,-39,2,100000,20,0.0002,65,0.00065
-40,-39,3,100000,55,0.00055,82,0.00082
-40,-39,4,100000,42,0.00042,78,0.00078
-40,-39,5,100000,14,0.00014,62,0.00062
-40,-38,0,100000,31,0.00031,65,0.00065
-40,-38,1,100000,32,0.00032,78,0.00078
-40,-38,2,100000,34,0.00034,76,0.00076
-40,-38,3,100000,19,0.00019,71,0.00071
-40,-38,4,100000,50,0.0005,92,0.00092
-40,-38,5,100000,39,0.00039,73,0.00073
-40,-37,0,100000,35,0.00035,84,0.00084
-40,-37,1,100000,44,0.00044,77,0.00077
-40,-37,2,100000,38,0.00038,71,0.00071
-40,-37,3,100000,31,0.00031,75,0.00075
-40,-37,4,100000,41,0.00041,73,0.00073
-40,-37,5,100000,23,0.00023,65,0.00065
-40,-36,0,100000,15,0.00015,59,0.00059
-40,-36,1,100000,20,0.0002,69,0.00069
-40,-36,2,100000,26,0.00026,72,0.00072
-40,-36,3,100000,37,0.00037,71,0.00071
-40,-36,4,100000,36,0.00036,88,0.00088
-40,-36,5,100000,28,0.00028,64,0.00064
-40,-35,0,100000,29,0.00029,66,0.00066
-40,-35,1,100000,30,0.0003,66,0.00066
-40,-35,2,100000,17,0.00017,74,0.00074
-40,-35,3,100000,42,0.00042,90,0.0009
-40,-35,4,100000,24,0.00024,65,0.00065
-40,-35,5,100000,23,0.00023,61,0.00061
-40,-34,0,100000,43,0.00043,75,0.00075
-40,-34,1,100000,24,0.00024,72,0.00072
-40,-34,2,100000,21,0.00021,61,0.00061
-40,-34,3,100000,26,0.00026,67,0.00067
-40,-34,4,100000,34,0.00034,71,0.00071
-40,-34,5,100000,29,0.00029,74,0.00074
-40,-33,0,100000,19,0.00019,78,0.00078
-40,-33,1,100000,36,0.00036,82,0.00082
-40,-33,2,100000,37,0.00037,77,0.00077
-40,-33,3,100000,25,0.00025,74,0.00074
-40,-33,4,100000,39,0.00039,74,0.00074
-40,-33,5,100000,35,0.00035,72,0.00072
-40,-32,0,100000,45,0.00045,70,0.0007
-40,-32,1,100000,43,0.00043,72,0.00072
-40,-32,2,100000,50,0.0005,80,0.0008
-40,-32,3,100000,16,0.00016,68,0.00068
-40,-32,4,100000,35,0.00035,77,0.00077
-40,-32,5,100000,30,0.0003,84,0.00084
-40,-31,0,100000,44,0.00044,79,0.00079
-40,-31,1,100000,39,0.00039,71,0.00071
-40,-31,2,100000,52,0.00052,85,0.00085
-40,-31,3,100000,36,0.00036,68,0.00068
-40,-31,4,100000,46,0.00046,82,0.00082
-40,-31,5,100000,28,0.00028,74,0.00074
-40,-30,0,100000,24,0.00024,68,0.00068
-40,-30,1,100000,24,0.00024,60,0.0006
-40,-30,2,100000,46,0.00046,73,0.00073
-40,-30,3,100000,24,0.00024,83,0.00083
-40,-30,4,100000,20,0.0002,64,0.00064
-40,-30,5,100000,18,0.00018,51,0.00051
-40,-29,0,100000,25,0.00025,70,0.0007
-40,-29,1,100000,53,0.00053,72,0.00072
-40,-29,2,100000,40,0.0004,87,0.00087
-40,-29,3,100000,40,0.0004,73,0.00073
-40,-29,4,100000,28,0.00028,78,0.00078
-40,-29,5,100000,34,0.00034,73,0.00073
-40,-28,0,100000,48,0.00048,86,0.00086
-40,-28,1,100000,26,0.00026,82,0.00082
-40,-28,2,100000,29,0.00029,76,0.00076
-40,-28,3,100000,15,0.00015,73,0.00073
-40,-28,4,100000,19,0.00019,68,0.00068
-40,-28,5,100000,15,0.00015,71,0.00071
-40,-27,0,100000,46,0.00046,75,0.00075
-40,-27,1,100000,42,0.00042,69,0.00069
-40,-27,2,100000,35,0.00035,69,0.00069
-40,-27,3,100000,22,0.00022,79,0.00079
-40,-27,4,100000,40,0.0004,60,0.0006
-40,-27,5,100000,22,0.00022,74,0.00074
-40,-26,0,100000,38,0.00038,83,0.00083
-40,-26,1,100000,40,0.0004,76,0.00076
-40,-26,2,100000,32,0.00032,77,0.00077
-40,-26,3,100000,27,0.00027,55,0.00055
-40,-26,4,100000,45,0.00045,80,0.0008
-40,-26,5,100000,40,0.0004,75,0.00075
-40,-25,0,100000,21,0.00021,78,0.00078
-40,-25,1,100000,22,0.00022,69,0.00069
-40,-25,2,100000,23,0.00023,73,0.00073
-40,-25,3,100000,21,0.00021,62,0.00062
-40,-25,4,100000,25,0.00025,72,0.00072
-40,-25,5,100000,34,0.00034,87,0.00087
-40,-24,0,100000,25,0.00025,78,0.00078
-40,-24,1,100000,28,0.00028,75,0.00075
-40,-24,2,100000,14,0.00014,73,0.00073
-40,-24,3,100000,17,0.00017,53,0.00053
-40,-24,4,100000,34,0.00034,75,0.00075
-40,-24,5,100000,22,0.00022,72,0.00072
-40,-23,0,100000,32,0.00032,69,0.00069
-40,-23,1,100000,39,0.00039,75,0.00075
-40,-23,2,100000,48,0.00048,79,0.00079
-40,-23,3,100000,42,0.00042,83,0.00083
-40,-23,4,100000,26,0.00026,81,0.00081
-40,-23,5,100000,22,0.00022,77,0.00077
-40,-22,0,100000,61,0.00061,84,0.00084
-40,-22,1,100000,26,0.00026,53,0.00053
-40,-22,2,100000,40,0.0004,72,0.00072
-40,-22,3,100000,22,0.00022,76,0.00076
-40,-22,4,100000,33,0.00033,78,0.00078
-40,-22,5,100000,42,0.00042,70,0.0007
-40,-21,0,100000,65,0.00065,82,0.00082
-40,-21,1,100000,37,0.00037,78,0.00078
-40,-21,2,100000,37,0.00037,77,0.00077
-40,-21,3,100000,38,0.00038,78,0.00078
-40,-21,4,100000,31,0.00031,81,0.00081
-40,-21,5,100000,32,0.00032,78,0.00078
-40,-20,0,100000,47,0.00047,80,0.0008
-40,-20,1,100000,33,0.00033,60,0.0006
-40,-20,2,100000,37,0.00037,66,0.00066
-40,-20,3,100000,42,0.00042,71,0.00071
-40,-20,4,100000,35,0.00035,71,0.00071
-40,-20,5,100000,37,0.00037,78,0.00078
-40,-19,0,100000,27,0.00027,73,0.00073
-40,-19,1,100000,30,0.0003,71,0.00071
-40,-19,2,100000,29,0.00029,59,0.00059
-40,-19,3,100000,21,0.00021,69,0.00069
-40,-19,4,100000,21,0.00021,79,0.00079
-40,-19,5,100000,38,0.00038,86,0.00086
-40,-18,0,100000,35,0.00035,70,0.0007
-40,-18,1,100000,29,0.00029,68,0.00068
-40,-18,2,100000,21,0.00021,51,0.00051
-40,-18,3,100000,17,0.00017,75,0.00075
-40,-18,4,100000,28,0.00028,61,0.00061
-40,-18,5,100000,24,0.00024,61,0.00061
-40,-17,0,100000,26,0.00026,76,0.00076
-40,-17,1,100000,29,0.00029,84,0.00084
-40,-17,2,100000,37,0.00037,83,0.00083
-40,-17,3,100000,26,0.00026,70,0.0007
-40,-17,4,100000,28,0.00028,83,0.00083
-40,-17,5,100000,38,0.00038,59,0.00059
-40,-16,0,100000,34,0.00034,69,0.00069
-40,-16,1,100000,20,0.0002,69,0.00069
-40,-16,2,100000,38,0.00038,71,0.00071
-40,-16,3,100000,43,0.00043,72,0.00072
-40,-16,4,100000,25,0.00025,77,0.00077
-40,-16,5,100000,31,0.00031,73,0.00073
-40,-15,0,100000,27,0.00027,70,0.0007
-40,-15,1,100000,18,0.00018,49,0.00049
-40,-15,2,100000,30,0.0003,72,0.00072
-40,-15,3,100000,29,0.00029,68,0.00068
-40,-15,4,100000,36,0.00036,76,0.00076
-40,-15,5,100000,32,0.00032,66,0.00066
-40,-14,0,100000,21,0.00021,58,0.00058
-40,-14,1,100000,32,0.00032,70,0.0007
-40,-14,2,100000,24,0.00024,79,0.00079
-40,-14,3,100000,26,0.00026,66,0.00066
-40,-14,4,100000,16,0.00016,61,0.00061
-40,-14,5,100000,17,0.00017,71,0.00071
-40,-13,0,100000,22,0.00022,59,0.00059
-40,-13,1,100000,20,0.0002,57,0.00057
-40,-13,2,100000,15,0.00015,67,0.00067
-40,-13,3,100000,28,0.00028,72,0.00072
-40,-13,4,100000,23,0.00023,59,0.00059
-40,-13,5,100000,40,0.0004,81,0.00081
-40,-12,0,100000,25,0.00025,81,0.00081
-40,-12,1,100000,31,0.00031,68,0.00068
-40,-12,2,100000,20,0.0002,69,0.00069
-40,-12,3,100000,33,0.00033,72,0.00072
-40,-12,4,100000,25,0.00025,63,0.00063
-40,-12,5,100000,28,0.00028,66,0.00066
-40,-11,0,100000,44,0.00044,72,0.00072
-40,-11,1,100000,36,0.00036,71,0.00071
-40,-11,2,100000,28,0.00028,64,0.00064
-40,-11,3,100000,25,0.00025,68,0.00068
-40,-11,4,100000,41,0.00041,83,0.00083
-40,-11,5,100000,24,0.00024,79,0.00079
-40,-10,0,100000,35,0.00035,84,0.00084
-40,-10,1,100000,32,0.00032,78,0.00078
-40,-10,2,100000,24,0.00024,54,0.00054
-40,-10,3,100000,16,0.00016,70,0.0007
-40,-10,4,100000,28,0.00028,66,0.00066
-40,-10,5,100000,25,0.00025,78,0.00078
-40,-9,0,100000,34,0.00034,69,0.00069
-40,-9,1,100000,30,0.0003,79,0.00079
-40,-9,2,100000,34,0.00034,87,0.00087
-40,-9,3,100000,29,0.00029,63,0.00063
-40,-9,4,100000,36,0.00036,69,0.00069
-40,-9,5,100000,51,0.00051,84,0.00084
-40,-8,0,100000,42,0.00042,68,0.00068
-40,-8,1,100000,45,0.00045,85,0.00085
-40,-8,2,100000,36,0.00036,80,0.0008
-40,-8,3,100000,37,0.00037,69,0.00069
-40,-8,4,100000,38,0.00038,65,0.00065
-40,-8,5,100000,35,0.00035,67,0.00067
-40,-7,0,100000,41,0.00041,58,0.00058
-40,-7,1,100000,43,0.00043,70,0.0007
-40,-7,2,100000,28,0.00028,72,0.00072
-40,-7,3,100000,15,0.00015,61,0.00061
-40,-7,4,100000,16,0.00016,64,0.00064
-40,-7,5,100000,30,0.0003,85,0.00085
-40,-6,0,100000,19,0.00019,66,0.00066
-40,-6,1,100000,33,0.00033,75,0.00075
-40,-6,2,100000,29,0.00029,64,0.00064
-40,-6,3,100000,33,0.00033,58,0.00058
-40,-6,4,100000,31,0.00031,86,0.00086
-40,-6,5,100000,26,0.00026,73,0.00073
-40,-5,0,100000,37,0.00037,65,0.00065
-40,-5,1,100000,17,0.00017,54,0.00054
-40,-5,2,100000,31,0.00031,69,0.00069
-40,-5,3,100000,19,0.00019,69,0.00069
-40,-5,4,100000,26,0.00026,53,0.00053
-40,-5,5,100000,25,0.00025,63,0.00063
-40,-4,0,100000,27,0.00027,68,0.00068
-40,-4,1,100000,24,0.00024,77,0.00077
-40,-4,2,100000,39,0.00039,76,0.00076
-40,-4,3,100000,22,0.00022,88,0.00088
-40,-4,4,100000,27,0.00027,65,0.00065
-40,-4,5,100000,32,0.00032,75,0.00075
-40,-3,0,100000,28,0.00028,76,0.00076
-40,-3,1,100000,39,0.00039,74,0.00074
-40,-3,2,100000,36,0.00036,77,0.00077
-40,-3,3,100000,33,0.00033,77,0.00077
-40,-3,4,100000,31,0.00031,71,0.00071
-40,-3,5,100000,33,0.00033,59,0.00059
-40,-2,0,100000,56,0.00056,77,0.00077
-40,-2,1,100000,19,0.00019,62,0.00062
-40,-2,2,100000,43,0.00043,80,0.0008
-40,-2,3,100000,34,0.00034,60,0.0006
-40,-2,4,100000,19,0.00019,69,0.00069
-40,-2,5,100000,24,0.00024,67,0.00067
-40,-1,0,100000,42,0.00042,75,0.00075
-40,-1,1,100000,29,0.00029,78,0.00078
-40,-1,2,100000,36,0.00036,62,0.00062
-40,-1,3,100000,25,0.00025,66,0.00066
-40,-1,4,100000,24,0.00024,73,0.00073
-40,-1,5,100000,16,0.00016,60,0.0006
-40,0,0,100000,38,0.00038,81,0.00081
-40,0,1,100000,44,0.00044,93,0.00093
-40,0,2,100000,34,0.00034,73,0.00073
-40,0,3,100000,29,0.00029,64,0.00064
-40,0,4,100000,24,0.00024,78,0.00078
-40,0,5,100000,38,0.00038,67,0.00067
-40,1,0,100000,28,0.00028,76,0.00076
-40,1,1,100000,47,0.00047,72,0.00072
-40,1,2,100000,26,0.00026,72,0.00072
-40,1,3,100000,21,0.00021,58,0.00058
-40,1,4,100000,31,0.00031,64,0.00064
-40,1,5,100000,31,0.00031,60,0.0006
-40,2,0,100000,33,0.00033,60,0.0006
-40,2,1,100000,29,0.00029,75,0.00075
-40,2,2,100000,24,0.00024,68,0.00068
-40,2,3,100000,31,0.00031,65,0.00065
-40,2,4,100000,20,0.0002,71,0.00071
-40,2,5,100000,41,0.00041,70,0.0007
-40,3,0,100000,22,0.00022,66,0.00066
-40,3,1,100000,21,0.00021,63,0.00063
-40,3,2,100000,20,0.0002,76,0.00076
-40,3,3,100000,40,0.0004,79,0.00079
-40,3,4,100000,33,0.00033,77,0.00077
-40,3,5,100000,27,0.00027,77,0.00077
-40,4,0,100000,40,0.0004,72,0.00072
-40,4,1,100000,35,0.00035,80,0.0008
-40,4,2,100000,31,0.00031,66,0.00066
-40,4,3,100000,24,0.00024,65,0.00065
-40,4,4,100000,34,0.00034,83,0.00083
-40,4,5,100000,35,0.00035,77,0.00077
-40,5,0,100000,33,0.00033,68,0.00068
-40,5,1,100000,23,0.00023,64,0.00064
-40,5,2,100000,36,0.00036,69,0.00069
-40,5,3,100000,28,0.00028,74,0.00074
-40,5,4,100000,19,0.00019,74,0.00074
-40,5,5,100000,30,0.0003,60,0.0006
-40,6,0,100000,37,0.00037,88,0.00088
-40,6,1,100000,34,0.00034,77,0.00077
-40,6,2,100000,39,0.00039,70,0.0007
-40,6,3,100000,30,0.0003,74,0.00074
-40,6,4,100000,39,0.00039,64,0.00064
-40,6,5,100000,29,0.00029,63,0.00063
-40,7,0,100000,31,0.00031,73,0.00073
-40,7,1,100000,30,0.0003,64,0.00064
-40,7,2,100000,30,0.0003,67,0.00067
-40,7,3,100000,34,0.00034,78,0.00078
-40,7,4,100000,16,0.00016,59,0.00059
-40,7,5,100000,48,0.00048,84,0.00084
-40,8,0,100000,25,0.00025,69,0.00069
-40,8,1,100000,39,0.00039,71,0.00071
-40,8,2,100000,37,0.00037,85,0.00085
-40,8,3,100000,35,0.00035,71,0.00071
-40,8,4,100000,25,0.00025,72,0.00072
-40,8,5,100000,28,0.00028,67,0.00067
-40,9,0,100000,38,0.00038,75,0.00075
-40,9,1,100000,41,0.00041,83,0.00083
-40,9,2,100000,58,0.00058,88,0.00088
-40,9,3,100000,22,0.00022,62,0.00062
-40,9,4,100000,22,0.00022,61,0.00061
-40,9,5,100000,46,0.00046,79,0.00079
-40,10,0,100000,27,0.00027,74,0.00074
-40,10,1,100000,42,0.00042,82,0.00082
-40,10,2,100000,23,0.00023,50,0.0005
-40,10,3,100000,29,0.00029,74,0.00074
-40,10,4,100000,28,0.00028,63,0.00063
-40,10,5,100000,48,0.00048,76,0.00076
-40,11,0,100000,34,0.00034,74,0.00074
-40,11,1,100000,20,0.0002,76,0.00076
-40,11,2,100000,35,0.00035,64,0.00064
-40,11,3,100000,38,0.00038,71,0.00071
-40,11,4,100000,26,0.00026,72,0.00072
-40,11,5,100000,27,0.00027,65,0.00065
-40,12,0,100000,30,0.0003,77,0.00077
-40,12,1,100000,9,9e-05,68,0.00068
-40,12,2,100000,25,0.00025,65,0.00065
-40,12,3,100000,31,0.00031,59,0.00059
-40,12,4,100000,29,0.00029,78,0.00078
-40,12,5,100000,34,0.00034,81,0.00081
-40,13,0,100000,40,0.0004,70,0.0007
-40,13,1,100000,28,0.00028,76,0.00076
-40,13,2,100000,24,0.00024,66,0.00066
-40,13,3,100000,30,0.0003,65,0.00065
-40,13,4,100000,23,0.00023,69,0.00069
-40,13,5,100000,34,0.00034,79,0.00079
-40,14,0,100000,28,0.00028,71,0.00071
-40,14,1,100000,31,0.00031,75,0.00075
-40,14,2,100000,30,0.0003,67,0.00067
-40,14,3,100000,44,0.00044,83,0.00083
-40,14,4,100000,23,0.00023,72,0.00072
-40,14,5,100000,36,0.00036,76,0.00076
-40,15,0,100000,22,0.00022,59,0.00059
-40,15,1,100000,30,0.0003,64,0.00064
-40,15,2,100000,21,0.00021,68,0.00068
-40,15,3,100000,45,0.00045,83,0.00083
-40,15,4,100000,36,0.00036,73,0.00073
-40,15,5,100000,21,0.00021,79,0.00079
-40,16,0,100000,21,0.00021,72,0.00072
-40,16,1,100000,13,0.00013,55,0.00055
-40,16,2,100000,40,0.0004,76,0.00076
-40,16,3,100000,22,0.00022,80,0.0008
-40,16,4,100000,42,0.00042,76,0.00076
-40,16,5,100000,23,0.00023,64,0.00064
-40,17,0,100000,42,0.00042,72,0.00072
-40,17,1,100000,39,0.00039,78,0.00078
-40,17,2,100000,22,0.00022,74,0.00074
-40,17,3,100000,39,0.00039,75,0.00075
-40,17,4,100000,39,0.00039,70,0.0007
-40,17,5,100000,30,0.0003,68,0.00068
-40,18,0,100000,32,0.00032,69,0.00069
-40,18,1,100000,58,0.00058,68,0.00068
-40,18,2,100000,29,0.00029,63,0.00063
-40,18,3,100000,37,0.00037,80,0.0008
-40,18,4,100000,31,0.00031,78,0.00078
-40,18,5,100000,29,0.00029,68,0.00068
-40,19,0,100000,42,0.00042,89,0.00089
-40,19,1,100000,37,0.00037,66,0.00066
-40,19,2,100000,33,0.00033,74,0.00074
-40,19,3,100000,45,0.00045,73,0.00073
-40,19,4,100000,23,0.00023,68,0.00068
-40,19,5,100000,30,0.0003,86,0.00086
-40,20,0,100000,26,0.00026,72,0.00072
-40,20,1,100000,26,0.00026,61,0.00061
-40,20,2,100000,34,0.00034,66,0.00066
-40,20,3,100000,56,0.00056,84,0.00084
-40,20,4,100000,27,0.00027,67,0.00067
-40,20,5,100000,30,0.0003,79,0.00079
-40,21,0,100000,29,0.00029,83,0.00083
-40,21,1,100000,33,0.00033,74,0.00074
-40,21,2,100000,40,0.0004,80,0.0008
-40,21,3,100000,27,0.00027,72,0.00072
-40,21,4,100000,24,0.00024,69,0.00069
-40,21,5,100000,27,0.00027,72,0.00072
-40,22,0,100000,29,0.00029,79,0.00079
-40,22,1,100000,29,0.00029,71,0.00071
-40,22,2,100000,28,0.00028,72,0.00072
-40,22,3,100000,22,0.00022,63,0.00063
-40,22,4,100000,40,0.0004,73,0.00073
-40,22,5,100000,33,0.00033,82,0.00082
-40,23,0,100000,33,0.00033,65,0.00065
-40,23,1,100000,24,0.00024,74,0.00074
-40,23,2,100000,25,0.00025,86,0.00086
-40,23,3,100000,22,0.00022,65,0.00065
-40,23,4,100000,37,0.00037,83,0.00083
-40,23,5,100000,33,0.00033,71,0.00071
-40,24,0,100000,20,0.0002,50,0.0005
-40,24,1,100000,31,0.00031,57,0.00057
-40,24,2,100000,27,0.00027,69,0.00069
-40,24,3,100000,30,0.0003,66,0.00066
-40,24,4,100000,26,0.00026,73,0.00073
-40,24,5,100000,17,0.00017,80,0.0008
-40,25,0,100000,29,0.00029,74,0.00074
-40,25,1,100000,19,0.00019,61,0.00061
-40,25,2,100000,28,0.00028,74,0.00074
-40,25,3,100000,34,0.00034,75,0.00075
-40,25,4,100000,37,0.00037,71,0.00071
-40,25,5,100000,38,0.00038,88,0.00088
-40,26,0,100000,30,0.0003,79,0.00079
-40,26,1,100000,24,0.00024,72,0.00072
-40,26,2,100000,26,0.00026,72,0.00072
-40,26,3,100000,37,0.00037,81,0.00081
-40,26,4,100000,39,0.00039,69,0.00069
-40,26,5,100000,64,0.00064,89,0.00089
-40,27,0,100000,19,0.00019,64,0.00064
-40,27,1,100000,26,0.00026,77,0.00077
-40,27,2,100000,33,0.00033,91,0.00091
-40,27,3,100000,38,0.00038,63,0.00063
-40,27,4,100000,30,0.0003,77,0.00077
-40,27,5,100000,21,0.00021,63,0.00063
-40,28,0,100000,32,0.00032,84,0.00084
-40,28,1,100000,39,0.00039,66,0.00066
-40,28,2,100000,31,0.00031,68,0.00068
-40,28,3,100000,29,0.00029,59,0.00059
-40,28,4,100000,35,0.00035,75,0.00075
-40,28,5,100000,42,0.00042,82,0.00082
-40,29,0,100000,18,0.00018,64,0.00064
-40,29,1,100000,15,0.00015,72,0.00072
-40,29,2,100000,41,0.00041,80,0.0008
-40,29,3,100000,25,0.00025,68,0.00068
-40,29,4,100000,27,0.00027,70,0.0007
-40,29,5,100000,36,0.00036,73,0.00073
-40,30,0,100000,46,0.00046,65,0.00065
-40,30,1,100000,43,0.00043,81,0.00081
-40,30,2,100000,48,0.00048,66,0.00066
-40,30,3,100000,30,0.0003,81,0.00081
-40,30,4,100000,29,0.00029,74,0.00074
-40,30,5,100000,18,0.00018,73,0.00073
-40,31,0,100000,24,0.00024,58,0.00058
-40,31,1,100000,30,0.0003,76,0.00076
-40,31,2,100000,31,0.00031,74,0.00074
-40,31,3,100000,26,0.00026,61,0.00061
-40,31,4,100000,22,0.00022,69,0.00069
-40,31,5,100000,34,0.00034,76,0.00076
-40,32,0,100000,37,0.00037,55,0.00055
-40,32,1,100000,16,0.00016,71,0.00071
-40,32,2,100000,37,0.00037,85,0.00085
-40,32,3,100000,34,0.00034,74,0.00074
-40,32,4,100000,22,0.00022,75,0.00075
-40,32,5,100000,23,0.00023,67,0.00067
-40,33,0,100000,40,0.0004,78,0.00078
-40,33,1,100000,29,0.00029,77,0.00077
-40,33,2,100000,27,0.00027,71,0.00071
-40,33,3,100000,26,0.00026,83,0.00083
-40,33,4,100000,34,0.00034,66,0.00066
-40,33,5,100000,23,0.00023,72,0.00072
-40,34,0,100000,28,0.00028,76,0.00076
-40,34,1,100000,49,0.00049,100,0.001
-40,34,2,100000,19,0.00019,62,0.00062
-40,34,3,100000,25,0.00025,76,0.00076
-40,34,4,100000,24,0.00024,83,0.00083
-40,34,5,100000,32,0.00032,74,0.00074
-40,35,0,100000,26,0.00026,60,0.0006
-40,35,1,100000,33,0.00033,74,0.00074
-40,35,2,100000,27,0.00027,77,0.00077
-40,35,3,100000,34,0.00034,68,0.00068
-40,35,4,100000,30,0.0003,76,0.00076
-40,35,5,100000,31,0.00031,74,0.00074
-40,36,0,100000,38,0.00038,72,0.00072
-40,36,1,100000,29,0.00029,76,0.00076
-40,36,2,100000,15,0.00015,64,0.00064
-40,36,3,100000,43,0.00043,73,0.00073
-40,36,4,100000,20,0.0002,72,0.00072
-40,36,5,100000,24,0.00024,62,0.00062
-40,37,0,100000,29,0.00029,72,0.00072
-40,37,1,100000,52,0.00052,87,0.00087
-40,37,2,100000,41,0.00041,82,0.00082
-40,37,3,100000,16,0.00016,74,0.00074
-40,37,4,100000,30,0.0003,84,0.00084
-40,37,5,100000,42,0.00042,72,0.00072
-40,38,0,100000,19,0.00019,74,0.00074
-40,38,1,100000,27,0.00027,56,0.00056
-40,38,2,100000,51,0.00051,73,0.00073
-40,38,3,100000,28,0.00028,79,0.00079
-40,38,4,100000,22,0.00022,67,0.00067
-40,38,5,100000,45,0.00045,81,0.00081
-40,39,0,100000,18,0.00018,65,0.00065
-40,39,1,100000,31,0.00031,72,0.00072
-40,39,2,100000,38,0.00038,70,0.0007
-40,39,3,100000,26,0.00026,82,0.00082
-40,39,4,100000,50,0.0005,70,0.0007
-40,39,5,100000,25,0.00025,65,0.00065
-40,40,0,100000,47,0.00047,84,0.00084
-40,40,1,100000,35,0.00035,75,0.00075
-40,40,2,100000,15,0.00015,64,0.00064
-40,40,3,100000,35,0.00035,67,0.00067
-40,40,4,100000,30,0.0003,63,0.00063
-40,40,5,100000,35,0.00035,91,0.00091
-40,41,0,100000,20,0.0002,67,0.00067
-40,41,1,100000,20,0.0002,72,0.00072
-40,41,2,100000,20,0.0002,61,0.00061
-40,41,3,100000,33,0.00033,63,0.00063
-40,41,4,100000,35,0.00035,77,0.00077
-40,41,5,100000,28,0.00028,78,0.00078
-40,42,0,100000,20,0.0002,74,0.00074
-40,42,1,100000,21,0.00021,73,0.00073
-40,42,2,100000,24,0.00024,66,0.00066
-40,42,3,100000,20,0.0002,62,0.00062
-40,42,4,100000,32,0.00032,86,0.00086
-40,42,5,100000,19,0.00019,88,0.00088
-40,43,0,100000,17,0.00017,81,0.00081
-40,43,1,100000,28,0.00028,67,0.00067
-40,43,2,100000,36,0.00036,78,0.00078
-40,43,3,100000,29,0.00029,72,0.00072
-40,43,4,100000,35,0.00035,72,0.00072
-40,43,5,100000,43,0.00043,86,0.00086
-40,44,0,100000,29,0.00029,69,0.00069
-40,44,1,100000,25,0.00025,65,0.00065
-40,44,2,100000,40,0.0004,80,0.0008
-40,44,3,100000,35,0.00035,67,0.00067
-40,44,4,100000,39,0.00039,66,0.00066
-40,44,5,100000,29,0.00029,67,0.00067
-40,45,0,100000,32,0.00032,68,0.00068
-40,45,1,100000,32,0.00032,79,0.00079
-40,45,2,100000,25,0.00025,55,0.00055
-40,45,3,100000,33,0.00033,74,0.00074
-40,45,4,100000,27,0.00027,75,0.00075
-40,45,5,100000,12,0.00012,73,0.00073
-40,46,0,100000,17,0.00017,46,0.00046
-40,46,1,100000,20,0.0002,59,0.00059
-40,46,2,100000,15,0.00015,78,0.00078
-40,46,3,100000,20,0.0002,48,0.00048
-40,46,4,100000,33,0.00033,77,0.00077
-40,46,5,100000,37,0.00037,78,0.00078
-40,47,0,100000,54,0.00054,72,0.00072
-40,47,1,100000,44,0.00044,79,0.00079
-40,47,2,100000,19,0.00019,73,0.00073
-40,47,3,100000,56,0.00056,91,0.00091
-40,47,4,100000,30,0.0003,74,0.00074
-40,47,5,100000,31,0.00031,67,0.00067
-40,48,0,100000,42,0.00042,87,0.00087
-40,48,1,100000,63,0.00063,87,0.00087
-40,48,2,100000,45,0.00045,81,0.00081
-40,48,3,100000,21,0.00021,76,0.00076
-40,48,4,100000,33,0.00033,74,0.00074
-40,48,5,100000,28,0.00028,77,0.00077
-40,49,0,100000,24,0.00024,64,0.00064
-40,49,1,100000,30,0.0003,72,0.00072
-40,49,2,100000,39,0.00039,71,0.00071
-40,49,3,100000,34,0.00034,71,0.00071
-40,49,4,100000,28,0.00028,68,0.00068
-40,49,5,100000,23,0.00023,64,0.00064
-40,50,0,100000,15,0.00015,59,0.00059
-40,50,1,100000,21,0.00021,59,0.00059
-40,50,2,100000,30,0.0003,63,0.00063
-40,50,3,100000,20,0.0002,65,0.00065
-40,50,4,100000,9,9e-05,63,0.00063
-40,50,5,100000,30,0.0003,78,0.00078
-39,-50,0,100000,22,0.00022,66,0.00066
-39,-50,1,100000,33,0.00033,68,0.00068
-39,-50,2,100000,35,0.00035,74,0.00074
-39,-50,3,100000,36,0.00036,78,0.00078
-39,-50,4,100000,31,0.00031,71,0.00071
-39,-50,5,100000,27,0.00027,65,0.00065
-39,-49,0,100000,26,0.00026,71,0.00071
-39,-49,1,100000,25,0.00025,61,0.00061
-39,-49,2,100000,24,0.00024,61,0.00061
-39,-49,3,100000,28,0.00028,79,0.00079
-39,-49,4,100000,22,0.00022,71,0.00071
-39,-49,5,100000,19,0.00019,75,0.00075
-39,-48,0,100000,23,0.00023,66,0.00066
-39,-48,1,100000,16,0.00016,75,0.00075
-39,-48,2,100000,38,0.00038,65,0.00065
-39,-48,3,100000,19,0.00019,63,0.00063
-39,-48,4,100000,28,0.00028,78,0.00078
-39,-48,5,100000,28,0.00028,72,0.00072
-39,-47,0,100000,18,0.00018,73,0.00073
-39,-47,1,100000,25,0.00025,69,0.00069
-39,-47,2,100000,19,0.00019,58,0.00058
-39,-47,3,100000,43,0.00043,70,0.0007
-39,-47,4,100000,25,0.00025,71,0.00071
-39,-47,5,100000,39,0.00039,78,0.00078
-39,-46,0,100000,31,0.00031,75,0.00075
-39,-46,1,100000,24,0.00024,66,0.00066
-39,-46,2,100000,34,0.00034,80,0.0008
-39,-46,3,100000,56,0.00056,75,0.00075
-39,-46,4,100000,27,0.00027,68,0.00068
-39,-46,5,100000,24,0.00024,76,0.00076
-39,-45,0,100000,34,0.00034,85,0.00085
-39,-45,1,100000,27,0.00027,64,0.00064
-39,-45,2,100000,32,0.00032,70,0.0007
-39,-45,3,100000,35,0.00035,88,0.00088
-39,-45,4,100000,21,0.00021,69,0.00069
-39,-45,5,100000,27,0.00027,80,0.0008
-39,-44,0,100000,32,0.00032,64,0.00064
-39,-44,1,100000,44,0.00044,82,0.00082
-39,-44,2,100000,30,0.0003,69,0.00069
-39,-44,3,100000,23,0.00023,65,0.00065
-39,-44,4,100000,19,0.00019,69,0.00069
-39,-44,5,100000,34,0.00034,71,0.00071
-39,-43,0,100000,27,0.00027,77,0.00077
-39,-43,1,100000,28,0.00028,63,0.00063
-39,-43,2,100000,43,0.00043,65,0.00065
-39,-43,3,100000,35,0.00035,85,0.00085
-39,-43,4,100000,26,0.00026,69,0.00069
-39,-43,5,100000,27,0.00027,75,0.00075
-39,-42,0,100000,37,0.00037,73,0.00073
-39,-42,1,100000,31,0.00031,74,0.00074
-39,-42,2,100000,14,0.00014,65,0.00065
-39,-42,3,100000,41,0.00041,74,0.00074
-39,-42,4,100000,32,0.00032,68,0.00068
-39,-42,5,100000,27,0.00027,69,0.00069
-39,-41,0,100000,22,0.00022,59,0.00059
-39,-41,1,100000,46,0.00046,68,0.00068
-39,-41,2,100000,41,0.00041,67,0.00067
-39,-41,3,100000,22,0.00022,64,0.00064
-39,-41,4,100000,32,0.00032,60,0.0006
-39,-41,5,100000,27,0.00027,59,0.00059
-39,-40,0,100000,43,0.00043,66,0.00066
-39,-40,1,100000,27,0.00027,67,0.00067
-39,-40,2,100000,28,0.00028,83,0.00083
-39,-40,3,100000,29,0.00029,72,0.00072
-39,-40,4,100000,32,0.00032,86,0.00086
-39,-40,5,100000,23,0.00023,65,0.00065
-39,-39,0,100000,34,0.00034,88,0.00088
-39,-39,1,100000,30,0.0003,82,0.00082
-39,-39,2,100000,28,0.00028,71,0.00071
-39,-39,3,100000,40,0.0004,74,0.00074
-39,-39,4,100000,53,0.00053,73,0.00073
-39,-39,5,100000,23,0.00023,67,0.00067
-39,-38,0,100000,23,0.00023,65,0.00065
-39,-38,1,100000,47,0.00047,78,0.00078
-39,-38,2,100000,36,0.00036,69,0.00069
-39,-38,3,100000,16,0.00016,62,0.00062
-39,-38,4,100000,31,0.00031,59,0.00059
-39,-38,5,100000,31,0.00031,66,0.00066
-39,-37,0,100000,37,0.00037,92,0.00092
-39,-37,1,100000,20,0.0002,62,0.00062
-39,-37,2,100000,42,0.00042,88,0.00088
-39,-37,3,100000,30,0.0003,64,0.00064
-39,-37,4,100000,37,0.00037,69,0.00069
-39,-37,5,100000,32,0.00032,72,0.00072
-39,-36,0,100000,27,0.00027,75,0.00075
-39,-36,1,100000,34,0.00034,65,0.00065
-39,-36,2,100000,19,0.00019,78,0.00078
-39,-36,3,100000,42,0.00042,75,0.00075
-39,-36,4,100000,34,0.00034,85,0.00085
-39,-36,5,100000,27,0.00027,79,0.00079
-39,-35,0,100000,27,0.00027,82,0.00082
-39,-35,1,100000,26,0.00026,69,0.00069
-39,-35,2,100000,27,0.00027,61,0.00061
-39,-35,3,100000,17,0.00017,55,0.00055
-39,-35,4,100000,49,0.00049,73,0.00073
-39,-35,5,100000,19,0.00019,78,0.00078
-39,-34,0,100000,29,0.00029,68,0.00068
-39,-34,1,100000,35,0.00035,68,0.00068
-39,-34,2,100000,20,0.0002,64,0.00064
-39,-34,3,100000,26,0.00026,81,0.00081
-39,-34,4,100000,32,0.00032,74,0.00074
-39,-34,5,100000,17,0.00017,61,0.00061
-39,-33,0,100000,27,0.00027,75,0.00075
-39,-33,1,100000,34,0.00034,80,0.0008
-39,-33,2,100000,26,0.00026,66,0.00066
-39,-33,3,100000,29,0.00029,79,0.00079
-39,-33,4,100000,28,0.00028,63,0.00063
-39,-33,5,100000,21,0.00021,69,0.00069
-39,-32,0,100000,56,0.00056,76,0.00076
-39,-32,1,100000,33,0.00033,68,0.00068
-39,-32,2,100000,16,0.00016,65,0.00065
-39,-32,3,100000,17,0.00017,68,0.00068
-39,-32,4,100000,36,0.00036,83,0.00083
-39,-32,5,100000,22,0.00022,55,0.00055
-39,-31,0,100000,34,0.00034,68,0.00068
-39,-31,1,100000,32,0.00032,63,0.00063
-39,-31,2,100000,43,0.00043,75,0.00075
-39,-31,3,100000,38,0.00038,89,0.00089
-39,-31,4,100000,26,0.00026,65,0.00065
-39,-31,5,100000,18,0.00018,70,0.0007
-39,-30,0,100000,22,0.00022,71,0.00071
-39,-30,1,100000,31,0.00031,65,0.00065
-39,-30,2,100000,26,0.00026,73,0.00073
-39,-30,3,100000,28,0.00028,71,0.00071
-39,-30,4,100000,43,0.00043,77,0.00077
-39,-30,5,100000,26,0.00026,76,0.00076
-39,-29,0,100000,33,0.00033,80,0.0008
-39,-29,1,100000,40,0.0004,70,0.0007
-39,-29,2,100000,40,0.0004,78,0.00078
-39,-29,3,100000,18,0.00018,61,0.00061
-39,-29,4,100000,35,0.00035,82,0.00082
-39,-29,5,100000,31,0.00031,76,0.00076
-39,-28,0,100000,24,0.00024,74,0.00074
-39,-28,1,100000,36,0.00036,59,0.00059
-39,-28,2,100000,31,0.00031,75,0.00075
-39,-28,3,100000,30,0.0003,79,0.00079
-39,-28,4,100000,29,0.00029,79,0.00079
-39,-28,5,100000,26,0.00026,73,0.00073
-39,-27,0,100000,48,0.00048,74,0.00074
-39,-27,1,100000,39,0.00039,70,0.0007
-39,-27,2,100000,25,0.00025,71,0.00071
-39,-27,3,100000,48,0.00048,82,0.00082
-39,-27,4,100000,44,0.00044,84,0.00084
-39,-27,5,100000,37,0.00037,92,0.00092
-39,-26,0,100000,26,0.00026,81,0.00081
-39,-26,1,100000,23,0.00023,75,0.00075
-39,-26,2,100000,23,0.00023,70,0.0007
-39,-26,3,100000,36,0.00036,78,0.00078
-39,-26,4,100000,21,0.00021,70,0.0007
-39,-26,5,100000,33,0.00033,65,0.00065
-39,-25,0,100000,28,0.00028,71,0.00071
-39,-25,1,100000,19,0.00019,66,0.00066
-39,-25,2,100000,31,0.00031,68,0.00068
-39,-25,3,100000,42,0.00042,91,0.00091
-39,-25,4,100000,32,0.00032,72,0.00072
-39,-25,5,100000,32,0.00032,75,0.00075
-39,-24,0,100000,30,0.0003,70,0.0007
-39,-24,1,100000,33,0.00033,73,0.00073
-39,-24,2,100000,44,0.00044,72,0.00072
-39,-24,3,100000,14,0.00014,72,0.00072
-39,-24,4,100000,40,0.0004,72,0.00072
-39,-24,5,100000,28,0.00028,65,0.00065
-39,-23,0,100000,55,0.00055,80,0.0008
-39,-23,1,100000,30,0.0003,79,0.00079
-39,-23,2,100000,34,0.00034,75,0.00075
-39,-23,3,100000,29,0.00029,63,0.00063
-39,-23,4,100000,31,0.00031,67,0.00067
-39,-23,5,100000,33,0.00033,70,0.0007
-39,-22,0,100000,37,0.00037,76,0.00076
-39,-22,1,100000,32,0.00032,81,0.00081
-39,-22,2,100000,34,0.00034,81,0.00081
-39,-22,3,100000,20,0.0002,89,0.00089
-39,-22,4,100000,15,0.00015,62,0.00062
-39,-22,5,100000,41,0.00041,81,0.00081
-39,-21,0,100000,17,0.00017,66,0.00066
-39,-21,1,100000,38,0.00038,70,0.0007
-39,-21,2,100000,28,0.00028,60,0.0006
-39,-21,3,100000,34,0.00034,85,0.00085
-39,-21,4,100000,21,0.00021,75,0.00075
-39,-21,5,100000,27,0.00027,73,0.00073
-39,-20,0,100000,25,0.00025,80,0.0008
-39,-20,1,100000,36,0.00036,76,0.00076
-39,-20,2,100000,20,0.0002,61,0.00061
-39,-20,3,100000,39,0.00039,74,0.00074
-39,-20,4,100000,25,0.00025,79,0.00079
-39,-20,5,100000,32,0.00032,71,0.00071
-39,-19,0,100000,33,0.00033,58,0.00058
-39,-19,1,100000,22,0.00022,75,0.00075
-39,-19,2,100000,28,0.00028,72,0.00072
-39,-19,3,100000,34,0.00034,70,0.0007
-39,-19,4,100000,32,0.00032,74,0.00074
-39,-19,5,100000,51,0.00051,90,0.0009
-39,-18,0,100000,31,0.00031,98,0.00098
-39,-18,1,100000,36,0.00036,78,0.00078
-39,-18,2,100000,60,0.0006,80,0.0008
-39,-18,3,100000,18,0.00018,65,0.00065
-39,-18,4,100000,44,0.00044,77,0.00077
-39,-18,5,100000,14,0.00014,56,0.00056
-39,-17,0,100000,11,0.00011,64,0.00064
-39,-17,1,100000,12,0.00012,59,0.00059
-39,-17,2,100000,43,0.00043,94,0.00094
-39,-17,3,100000,33,0.00033,74,0.00074
-39,-17,4,100000,35,0.00035,91,0.00091
-39,-17,5,100000,34,0.00034,68,0.00068
-39,-16,0,100000,30,0.0003,81,0.00081
-39,-16,1,100000,26,0.00026,54,0.00054
-39,-16,2,100000,27,0.00027,60,0.0006
-39,-16,3,100000,38,0.00038,71,0.00071
-39,-16,4,100000,22,0.00022,63,0.00063
-39,-16,5,100000,38,0.00038,72,0.00072
-39,-15,0,100000,32,0.00032,60,0.0006
-39,-15,1,100000,45,0.00045,64,0.00064
-39,-15,2,100000,22,0.00022,78,0.00078
-39,-15,3,100000,27,0.00027,81,0.00081
-39,-15,4,100000,52,0.00052,94,0.00094
-39,-15,5,100000,28,0.00028,80,0.0008
-39,-14,0,100000,39,0.00039,65,0.00065
-39,-14,1,100000,57,0.00057,64,0.00064
-39,-14,2,100000,18,0.00018,72,0.00072
-39,-14,3,100000,27,0.00027,84,0.00084
-39,-14,4,100000,22,0.00022,68,0.00068
-39,-14,5,100000,28,0.00028,74,0.00074
-39,-13,0,100000,39,0.00039,71,0.00071
-39,-13,1,100000,44,0.00044,79,0.00079
-39,-13,2,100000,20,0.0002,71,0.00071
-39,-13,3,100000,31,0.00031,74,0.00074
-39,-13,4,100000,17,0.00017,61,0.00061
-39,-13,5,100000,41,0.00041,61,0.00061
-39,-12,0,100000,23,0.00023,71,0.00071
-39,-12,1,100000,31,0.00031,81,0.00081
-39,-12,2,100000,36,0.00036,75,0.00075
-39,-12,3,100000,13,0.00013,54,0.00054
-39,-12,4,100000,53,0.00053,77,0.00077
-39,-12,5,100000,31,0.00031,80,0.0008
-39,-11,0,100000,40,0.0004,86,0.00086
-39,-11,1,100000,53,0.00053,95,0.00095
-39,-11,2,100000,49,0.00049,79,0.00079
-39,-11,3,100000,36,0.00036,66,0.00066
-39,-11,4,100000,38,0.00038,50,0.0005
-39,-11,5,100000,26,0.00026,74,0.00074
-39,-10,0,100000,33,0.00033,66,0.00066
-39,-10,1,100000,24,0.00024,59,0.00059
-39,-10,2,100000,27,0.00027,61,0.00061
-39,-10,3,100000,26,0.00026,54,0.00054
-39,-10,4,100000,43,0.00043,90,0.0009
-39,-10,5,100000,33,0.00033,69,0.00069
-39,-9,0,100000,29,0.00029,79,0.00079
-39,-9,1,100000,17,0.00017,61,0.00061
-39,-9,2,100000,38,0.00038,69,0.00069
-39,-9,3,100000,32,0.00032,75,0.00075
-39,-9,4,100000,33,0.00033,71,0.00071
-39,-9,5,100000,27,0.00027,57,0.00057
-39,-8,0,100000,26,0.00026,91,0.00091
-39,-8,1,100000,32,0.00032,68,0.00068
-39,-8,2,100000,31,0.00031,66,0.00066
-39,-8,3,100000,28,0.00028,66,0.00066
-39,-8,4,100000,31,0.00031,71,0.00071
-39,-8,5,100000,34,0.00034,73,0.00073
-39,-7,0,100000,31,0.00031,80,0.0008
-39,-7,1,100000,20,0.0002,67,0.00067
-39,-7,2,100000,26,0.00026,76,0.00076
-39,-7,3,100000,18,0.00018,82,0.00082
-39,-7,4,100000,28,0.00028,59,0.00059
-39,-7,5,100000,28,0.00028,76,0.00076
-39,-6,0,100000,27,0.00027,65,0.00065
-39,-6,1,100000,30,0.0003,81,0.00081
-39,-6,2,100000,39,0.00039,65,0.00065
-39,-6,3,100000,35,0.00035,88,0.00088
-39,-6,4,100000,12,0.00012,58,0.00058
-39,-6,5,100000,42,0.00042,65,0.00065
-39,-5,0,100000,30,0.0003,58,0.00058
-39,-5,1,100000,43,0.00043,79,0.00079
-39,-5,2,100000,31,0.00031,75,0.00075
-39,-5,3,100000,31,0.00031,76,0.00076
-39,-5,4,100000,37,0.00037,79,0.00079
-39,-5,5,100000,39,0.00039,89,0.00089
-39,-4,0,100000,26,0.00026,72,0.00072
-39,-4,1,100000,48,0.00048,94,0.00094
-39,-4,2,100000,27,0.00027,76,0.00076
-39,-4,3,100000,20,0.0002,66,0.00066
-39,-4,4,100000,22,0.00022,71,0.00071
-39,-4,5,100000,30,0.0003,77,0.00077
-39,-3,0,100000,31,0.00031,58,0.00058
-39,-3,1,100000,25,0.00025,62,0.00062
-39,-3,2,100000,47,0.00047,64,0.00064
-39,-3,3,100000,25,0.00025,77,0.00077
-39,-3,4,100000,23,0.00023,65,0.00065
-39,-3,5,100000,43,0.00043,77,0.00077
-39,-2,0,100000,23,0.00023,88,0.00088
-39,-2,1,100000,37,0.00037,78,0.00078
-39,-2,2,100000,28,0.00028,65,0.00065
-39,-2,3,100000,33,0.00033,70,0.0007
-39,-2,4,100000,45,0.00045,79,0.00079
-39,-2,5,100000,31,0.00031,70,0.0007
-39,-1,0,100000,36,0.00036,78,0.00078
-39,-1,1,100000,30,0.0003,77,0.00077
-39,-1,2,100000,24,0.00024,57,0.00057
-39,-1,3,100000,22,0.00022,74,0.00074
-39,-1,4,100000,24,0.00024,73,0.00073
-39,-1,5,100000,29,0.00029,72,0.00072
-39,0,0,100000,18,0.00018,78,0.00078
-39,0,1,100000,15,0.00015,64,0.00064
-39,0,2,100000,24,0.00024,57,0.00057
-39,0,3,100000,37,0.00037,74,0.00074
-39,0,4,100000,35,0.00035,77,0.00077
-39,0,5,100000,42,0.00042,63,0.00063
-39,1,0,100000,36,0.00036,94,0.00094
-39,1,1,100000,35,0.00035,70,0.0007
-39,1,2,100000,20,0.0002,73,0.00073
-39,1,3,100000,40,0.0004,64,0.00064
-39,1,4,100000,45,0.00045,69,0.00069
-39,1,5,100000,40,0.0004,82,0.00082
-39,2,0,100000,15,0.00015,64,0.00064
-39,2,1,100000,11,0.00011,49,0.00049
-39,2,2,100000,27,0.00027,67,0.00067
-39,2,3,100000,19,0.00019,65,0.00065
-39,2,4,100000,33,0.00033,68,0.00068
-39,2,5,100000,29,0.00029,79,0.00079
-39,3,0,100000,24,0.00024,74,0.00074
-39,3,1,100000,27,0.00027,74,0.00074
-39,3,2,100000,39,0.00039,66,0.00066
-39,3,3,100000,19,0.00019,56,0.00056
-39,3,4,100000,26,0.00026,64,0.00064
-39,3,5,100000,32,0.00032,77,0.00077
-39,4,0,100000,22,0.00022,82,0.00082
-39,4,1,100000,18,0.00018,69,0.00069
-39,4,2,100000,27,0.00027,74,0.00074
-39,4,3,100000,19,0.00019,68,0.00068
-39,4,4,100000,40,0.0004,75,0.00075
-39,4,5,100000,19,0.00019,74,0.00074
-39,5,0,100000,30,0.0003,67,0.00067
-39,5,1,100000,24,0.00024,82,0.00082
-39,5,2,100000,21,0.00021,69,0.00069
-39,5,3,100000,44,0.00044,70,0.0007
-39,5,4,100000,22,0.00022,63,0.00063
-39,5,5,100000,13,0.00013,63,0.00063
-39,6,0,100000,23,0.00023,67,0.00067
-39,6,1,100000,28,0.00028,68,0.00068
-39,6,2,100000,21,0.00021,70,0.0007
-39,6,3,100000,33,0.00033,88,0.00088
-39,6,4,100000,40,0.0004,81,0.00081
-39,6,5,100000,36,0.00036,69,0.00069
-39,7,0,100000,15,0.00015,59,0.00059
-39,7,1,100000,41,0.00041,73,0.00073
-39,7,2,100000,21,0.00021,66,0.00066
-39,7,3,100000,14,0.00014,67,0.00067
-39,7,4,100000,22,0.00022,68,0.00068
-39,7,5,100000,47,0.00047,79,0.00079
-39,8,0,100000,32,0.00032,80,0.0008
-39,8,1,100000,47,0.00047,82,0.00082
-39,8,2,100000,18,0.00018,66,0.00066
-39,8,3,100000,14,0.00014,62,0.00062
-39,8,4,100000,54,0.00054,75,0.00075
-39,8,5,100000,38,0.00038,88,0.00088
-39,9,0,100000,28,0.00028,67,0.00067
-39,9,1,100000,21,0.00021,68,0.00068
-39,9,2,100000,39,0.00039,82,0.00082
-39,9,3,100000,24,0.00024,63,0.00063
-39,9,4,100000,37,0.00037,70,0.0007
-39,9,5,100000,47,0.00047,72,0.00072
-39,10,0,100000,29,0.00029,62,0.00062
-39,10,1,100000,19,0.00019,66,0.00066
-39,10,2,100000,22,0.00022,73,0.00073
-39,10,3,100000,26,0.00026,65,0.00065
-39,10,4,100000,27,0.00027,63,0.00063
-39,10,5,100000,33,0.00033,81,0.00081
-39,11,0,100000,28,0.00028,72,0.00072
-39,11,1,100000,33,0.00033,65,0.00065
-39,11,2,100000,51,0.00051,84,0.00084
-39,11,3,100000,24,0.00024,67,0.00067
-39,11,4,100000,19,0.00019,59,0.00059
-39,11,5,100000,35,0.00035,88,0.00088
-39,12,0,100000,20,0.0002,57,0.00057
-39,12,1,100000,26,0.00026,68,0.00068
-39,12,2,100000,40,0.0004,66,0.00066
-39,12,3,100000,24,0.00024,82,0.00082
-39,12,4,100000,41,0.00041,75,0.00075
-39,12,5,100000,24,0.00024,66,0.00066
-39,13,0,100000,23,0.00023,96,0.00096
-39,13,1,100000,10,0.0001,65,0.00065
-39,13,2,100000,27,0.00027,64,0.00064
-39,13,3,100000,37,0.00037,80,0.0008
-39,13,4,100000,26,0.00026,68,0.00068
-39,13,5,100000,25,0.00025,67,0.00067
-39,14,0,100000,52,0.00052,98,0.00098
-39,14,1,100000,28,0.00028,84,0.00084
-39,14,2,100000,35,0.00035,77,0.00077
-39,14,3,100000,40,0.0004,79,0.00079
-39,14,4,100000,28,0.00028,75,0.00075
-39,14,5,100000,35,0.00035,79,0.00079
-39,15,0,100000,30,0.0003,71,0.00071
-39,15,1,100000,39,0.00039,72,0.00072
-39,15,2,100000,33,0.00033,69,0.00069
-39,15,3,100000,26,0.00026,68,0.00068
-39,15,4,100000,15,0.00015,58,0.00058
-39,15,5,100000,23,0.00023,65,0.00065
-39,16,0,100000,31,0.00031,73,0.00073
-39,16,1,100000,22,0.00022,52,0.00052
-39,16,2,100000,66,0.00066,73,0.00073
-39,16,3,100000,27,0.00027,66,0.00066
-39,16,4,100000,30,0.0003,52,0.00052
-39,16,5,100000,24,0.00024,66,0.00066
-39,17,0,100000,25,0.00025,60,0.0006
-39,17,1,100000,30,0.0003,83,0.00083
-39,17,2,100000,25,0.00025,62,0.00062
-39,17,3,100000,37,0.00037,85,0.00085
-39,17,4,100000,46,0.00046,81,0.00081
-39,17,5,100000,39,0.00039,75,0.00075
-39,18,0,100000,40,0.0004,93,0.00093
-39,18,1,100000,29,0.00029,73,0.00073
-39,18,2,100000,27,0.00027,53,0.00053
-39,18,3,100000,30,0.0003,74,0.00074
-39,18,4,100000,26,0.00026,76,0.00076
-39,18,5,100000,34,0.00034,70,0.0007
-39,19,0,100000,42,0.00042,91,0.00091
-39,19,1,100000,38,0.00038,71,0.00071
-39,19,2,100000,29,0.00029,72,0.00072
-39,19,3,100000,37,0.00037,67,0.00067
-39,19,4,100000,35,0.00035,73,0.00073
-39,19,5,100000,23,0.00023,90,0.0009
-39,20,0,100000,34,0.00034,75,0.00075
-39,20,1,100000,18,0.00018,72,0.00072
-39,20,2,100000,24,0.00024,66,0.00066
-39,20,3,100000,23,0.00023,75,0.00075
-39,20,4,100000,44,0.00044,63,0.00063
-39,20,5,100000,23,0.00023,66,0.00066
-39,21,0,100000,32,0.00032,69,0.00069
-39,21,1,100000,21,0.00021,63,0.00063
-39,21,2,100000,44,0.00044,87,0.00087
-39,21,3,100000,41,0.00041,79,0.00079
-39,21,4,100000,39,0.00039,73,0.00073
-39,21,5,100000,40,0.0004,83,0.00083
-39,22,0,100000,22,0.00022,70,0.0007
-39,22,1,100000,17,0.00017,69,0.00069
-39,22,2,100000,49,0.00049,90,0.0009
-39,22,3,100000,23,0.00023,63,0.00063
-39,22,4,100000,34,0.00034,80,0.0008
-39,22,5,100000,29,0.00029,85,0.00085
-39,23,0,100000,15,0.00015,69,0.00069
-39,23,1,100000,18,0.00018,61,0.00061
-39,23,2,100000,36,0.00036,81,0.00081
-39,23,3,100000,23,0.00023,77,0.00077
-39,23,4,100000,30,0.0003,63,0.00063
-39,23,5,100000,31,0.00031,70,0.0007
-39,24,0,100000,35,0.00035,75,0.00075
-39,24,1,100000,34,0.00034,82,0.00082
-39,24,2,100000,41,0.00041,65,0.00065
-39,24,3,100000,38,0.00038,83,0.00083
-39,24,4,100000,43,0.00043,98,0.00098
-39,24,5,100000,44,0.00044,80,0.0008
-39,25,0,100000,58,0.00058,84,0.00084
-39,25,1,100000,20,0.0002,78,0.00078
-39,25,2,100000,21,0.00021,70,0.0007
-39,25,3,100000,22,0.00022,71,0.00071
-39,25,4,100000,36,0.00036,73,0.00073
-39,25,5,100000,34,0.00034,86,0.00086
-39,26,0,100000,45,0.00045,67,0.00067
-39,26,1,100000,39,0.00039,58,0.00058
-39,26,2,100000,40,0.0004,88,0.00088
-39,26,3,100000,54,0.00054,83,0.00083
-39,26,4,100000,27,0.00027,64,0.00064
-39,26,5,100000,34,0.00034,72,0.00072
-39,27,0,100000,34,0.00034,87,0.00087
-39,27,1,100000,38,0.00038,78,0.00078
-39,27,2,100000,35,0.00035,76,0.00076
-39,27,3,100000,29,0.00029,67,0.00067
-39,27,4,100000,18,0.00018,65,0.00065
-39,27,5,100000,37,0.00037,80,0.0008
-39,28,0,100000,50,0.0005,77,0.00077
-39,28,1,100000,29,0.00029,63,0.00063
-39,28,2,100000,42,0.00042,80,0.0008
-39,28,3,100000,40,0.0004,65,0.00065
-39,28,4,100000,37,0.00037,95,0.00095
-39,28,5,100000,16,0.00016,66,0.00066
-39,29,0,100000,29,0.00029,75,0.00075
-39,29,1,100000,27,0.00027,71,0.00071
-39,29,2,100000,23,0.00023,84,0.00084
-39,29,3,100000,39,0.00039,61,0.00061
-39,29,4,100000,25,0.00025,59,0.00059
-39,29,5,100000,55,0.00055,74,0.00074
-39,30,0,100000,31,0.00031,70,0.0007
-39,30,1,100000,19,0.00019,53,0.00053
-39,30,2,100000,30,0.0003,76,0.00076
-39,30,3,100000,26,0.00026,92,0.00092
-39,30,4,100000,25,0.00025,61,0.00061
-39,30,5,100000,27,0.00027,76,0.00076
-39,31,0,100000,14,0.00014,65,0.00065
-39,31,1,100000,32,0.00032,70,0.0007
-39,31,2,100000,33,0.00033,72,0.00072
-39,31,3,100000,17,0.00017,58,0.00058
-39,31,4,100000,31,0.00031,69,0.00069
-39,31,5,100000,35,0.00035,84,0.00084
-39,32,0,100000,14,0.00014,59,0.00059
-39,32,1,100000,20,0.0002,62,0.00062
-39,32,2,100000,18,0.00018,77,0.00077
-39,32,3,100000,22,0.00022,75,0.00075
-39,32,4,100000,14,0.00014,59,0.00059
-39,32,5,100000,29,0.00029,78,0.00078
-39,33,0,100000,24,0.00024,60,0.0006
-39,33,1,100000,20,0.0002,71,0.00071
-39,33,2,100000,35,0.00035,73,0.00073
-39,33,3,100000,16,0.00016,60,0.0006
-39,33,4,100000,34,0.00034,79,0.00079
-39,33,5,100000,22,0.00022,78,0.00078
-39,34,0,100000,20,0.0002,72,0.00072
-39,34,1,100000,27,0.00027,84,0.00084
-39,34,2,100000,42,0.00042,82,0.00082
-39,34,3,100000,38,0.00038,79,0.00079
-39,34,4,100000,19,0.00019,67,0.00067
-39,34,5,100000,55,0.00055,72,0.00072
-39,35,0,100000,12,0.00012,72,0.00072
-39,35,1,100000,14,0.00014,70,0.0007
-39,35,2,100000,5,5e-05,53,0.00053
-39,35,3,100000,14,0.00014,61,0.00061
-39,35,4,100000,34,0.00034,69,0.00069
-39,35,5,100000,36,0.00036,70,0.0007
-39,36,0,100000,54,0.00054,79,0.00079
-39,36,1,100000,46,0.00046,76,0.00076
-39,36,2,100000,22,0.00022,64,0.00064
-39,36,3,100000,43,0.00043,80,0.0008
-39,36,4,100000,39,0.00039,70,0.0007
-39,36,5,100000,21,0.00021,68,0.00068
-39,37,0,100000,29,0.00029,77,0.00077
-39,37,1,100000,44,0.00044,60,0.0006
-39,37,2,100000,38,0.00038,76,0.00076
-39,37,3,100000,36,0.00036,70,0.0007
-39,37,4,100000,50,0.0005,93,0.00093
-39,37,5,100000,40,0.0004,67,0.00067
-39,38,0,100000,23,0.00023,66,0.00066
-39,38,1,100000,29,0.00029,71,0.00071
-39,38,2,100000,24,0.00024,70,0.0007
-39,38,3,100000,36,0.00036,63,0.00063
-39,38,4,100000,32,0.00032,72,0.00072
-39,38,5,100000,45,0.00045,88,0.00088
-39,39,0,100000,28,0.00028,54,0.00054
-39,39,1,100000,29,0.00029,83,0.00083
-39,39,2,100000,20,0.0002,77,0.00077
-39,39,3,100000,25,0.00025,58,0.00058
-39,39,4,100000,31,0.00031,75,0.00075
-39,39,5,100000,21,0.00021,77,0.00077
-39,40,0,100000,24,0.00024,72,0.00072
-39,40,1,100000,22,0.00022,57,0.00057
-39,40,2,100000,38,0.00038,85,0.00085
-39,40,3,100000,27,0.00027,70,0.0007
-39,40,4,100000,21,0.00021,88,0.00088
-39,40,5,100000,19,0.00019,73,0.00073
-39,41,0,100000,49,0.00049,80,0.0008
-39,41,1,100000,30,0.0003,70,0.0007
-39,41,2,100000,22,0.00022,73,0.00073
-39,41,3,100000,21,0.00021,79,0.00079
-39,41,4,100000,28,0.00028,78,0.00078
-39,41,5,100000,17,0.00017,75,0.00075
-39,42,0,100000,25,0.00025,60,0.0006
-39,42,1,100000,31,0.00031,67,0.00067
-39,42,2,100000,20,0.0002,56,0.00056
-39,42,3,100000,22,0.00022,94,0.00094
-39,42,4,100000,18,0.00018,55,0.00055
-39,42,5,100000,34,0.00034,66,0.00066
-39,43,0,100000,26,0.00026,66,0.00066
-39,43,1,100000,26,0.00026,67,0.00067
-39,43,2,100000,38,0.00038,65,0.00065
-39,43,3,100000,28,0.00028,68,0.00068
-39,43,4,100000,22,0.00022,72,0.00072
-39,43,5,100000,38,0.00038,79,0.00079
-39,44,0,100000,30,0.0003,82,0.00082
-39,44,1,100000,37,0.00037,70,0.0007
-39,44,2,100000,34,0.00034,86,0.00086
-39,44,3,100000,29,0.00029,90,0.0009
-39,44,4,100000,23,0.00023,76,0.00076
-39,44,5,100000,39,0.00039,77,0.00077
-39,45,0,100000,49,0.00049,77,0.00077
-39,45,1,100000,44,0.00044,79,0.00079
-39,45,2,100000,50,0.0005,90,0.0009
-39,45,3,100000,34,0.00034,80,0.0008
-39,45,4,100000,31,0.00031,60,0.0006
-39,45,5,100000,26,0.00026,78,0.00078
-39,46,0,100000,36,0.00036,75,0.00075
-39,46,1,100000,43,0.00043,79,0.00079
-39,46,2,100000,25,0.00025,69,0.00069
-39,46,3,100000,19,0.00019,68,0.00068
-39,46,4,100000,28,0.00028,84,0.00084
-39,46,5,100000,18,0.00018,90,0.0009
-39,47,0,100000,37,0.00037,70,0.0007
-39,47,1,100000,83,0.00083,73,0.00073
-39,47,2,100000,42,0.00042,84,0.00084
-39,47,3,100000,21,0.00021,78,0.00078
-39,47,4,100000,38,0.00038,81,0.00081
-39,47,5,100000,25,0.00025,72,0.00072
-39,48,0,100000,31,0.00031,84,0.00084
-39,48,1,100000,33,0.00033,61,0.00061
-39,48,2,100000,38,0.00038,88,0.00088
-39,48,3,100000,42,0.00042,64,0.00064
-39,48,4,100000,38,0.00038,75,0.00075
-39,48,5,100000,24,0.00024,63,0.00063
-39,49,0,100000,38,0.00038,66,0.00066
-39,49,1,100000,20,0.0002,66,0.00066
-39,49,2,100000,28,0.00028,78,0.00078
-39,49,3,100000,42,0.00042,77,0.00077
-39,49,4,100000,19,0.00019,73,0.00073
-39,49,5,100000,30,0.0003,78,0.00078
-39,50,0,100000,31,0.00031,75,0.00075
-39,50,1,100000,26,0.00026,76,0.00076
-39,50,2,100000,33,0.00033,69,0.00069
-39,50,3,100000,35,0.00035,75,0.00075
-39,50,4,100000,37,0.00037,79,0.00079
-39,50,5,100000,26,0.00026,72,0.00072
-38,-50,0,100000,17,0.00017,56,0.00056
-38,-50,1,100000,30,0.0003,85,0.00085
-38,-50,2,100000,20,0.0002,56,0.00056
-38,-50,3,100000,23,0.00023,72,0.00072
-38,-50,4,100000,24,0.00024,60,0.0006
-38,-50,5,100000,33,0.00033,74,0.00074
-38,-49,0,100000,29,0.00029,75,0.00075
-38,-49,1,100000,17,0.00017,71,0.00071
-38,-49,2,100000,33,0.00033,68,0.00068
-38,-49,3,100000,40,0.0004,83,0.00083
-38,-49,4,100000,23,0.00023,59,0.00059
-38,-49,5,100000,47,0.00047,73,0.00073
-38,-48,0,100000,35,0.00035,75,0.00075
-38,-48,1,100000,23,0.00023,77,0.00077
-38,-48,2,100000,30,0.0003,77,0.00077
-38,-48,3,100000,17,0.00017,69,0.00069
-38,-48,4,100000,43,0.00043,64,0.00064
-38,-48,5,100000,17,0.00017,62,0.00062
-38,-47,0,100000,33,0.00033,72,0.00072
-38,-47,1,100000,55,0.00055,84,0.00084
-38,-47,2,100000,38,0.00038,77,0.00077
-38,-47,3,100000,52,0.00052,90,0.0009
-38,-47,4,100000,19,0.00019,62,0.00062
-38,-47,5,100000,30,0.0003,83,0.00083
-38,-46,0,100000,38,0.00038,74,0.00074
-38,-46,1,100000,25,0.00025,66,0.00066
-38,-46,2,100000,25,0.00025,82,0.00082
-38,-46,3,100000,33,0.00033,64,0.00064
-38,-46,4,100000,26,0.00026,75,0.00075
-38,-46,5,100000,21,0.00021,70,0.0007
-38,-45,0,100000,25,0.00025,86,0.00086
-38,-45,1,100000,34,0.00034,71,0.00071
-38,-45,2,100000,18,0.00018,81,0.00081
-38,-45,3,100000,38,0.00038,68,0.00068
-38,-45,4,100000,31,0.00031,74,0.00074
-38,-45,5,100000,21,0.00021,76,0.00076
-38,-44,0,100000,20,0.0002,64,0.00064
-38,-44,1,100000,21,0.00021,66,0.00066
-38,-44,2,100000,24,0.00024,74,0.00074
-38,-44,3,100000,33,0.00033,81,0.00081
-38,-44,4,100000,37,0.00037,80,0.0008
-38,-44,5,100000,25,0.00025,83,0.00083
-38,-43,0,100000,27,0.00027,83,0.00083
-38,-43,1,100000,21,0.00021,81,0.00081
-38,-43,2,100000,50,0.0005,91,0.00091
-38,-43,3,100000,37,0.00037,64,0.00064
-38,-43,4,100000,24,0.00024,69,0.00069
-38,-43,5,100000,42,0.00042,65,0.00065
-38,-42,0,100000,39,0.00039,67,0.00067
-38,-42,1,100000,28,0.00028,63,0.00063
-38,-42,2,100000,27,0.00027,61,0.00061
-38,-42,3,100000,37,0.00037,68,0.00068
-38,-42,4,100000,39,0.00039,85,0.00085
-38,-42,5,100000,34,0.00034,74,0.00074
-38,-41,0,100000,27,0.00027,81,0.00081
-38,-41,1,100000,36,0.00036,71,0.00071
-38,-41,2,100000,25,0.00025,59,0.00059
-38,-41,3,100000,17,0.00017,60,0.0006
-38,-41,4,100000,43,0.00043,64,0.00064
-38,-41,5,100000,21,0.00021,70,0.0007
-38,-40,0,100000,39,0.00039,65,0.00065
-38,-40,1,100000,27,0.00027,69,0.00069
-38,-40,2,100000,31,0.00031,74,0.00074
-38,-40,3,100000,29,0.00029,65,0.00065
-38,-40,4,100000,16,0.00016,53,0.00053
-38,-40,5,100000,39,0.00039,72,0.00072
-38,-39,0,100000,25,0.00025,65,0.00065
-38,-39,1,100000,40,0.0004,84,0.00084
-38,-39,2,100000,20,0.0002,78,0.00078
-38,-39,3,100000,19,0.00019,59,0.00059
-38,-39,4,100000,33,0.00033,59,0.00059
-38,-39,5,100000,34,0.00034,82,0.00082
-38,-38,0,100000,47,0.00047,68,0.00068
-38,-38,1,100000,20,0.0002,73,0.00073
-38,-38,2,100000,30,0.0003,87,0.00087
-38,-38,3,100000,41,0.00041,77,0.00077
-38,-38,4,100000,29,0.00029,73,0.00073
-38,-38,5,100000,35,0.00035,78,0.00078
-38,-37,0,100000,28,0.00028,53,0.00053
-38,-37,1,100000,37,0.00037,63,0.00063
-38,-37,2,100000,40,0.0004,63,0.00063
-38,-37,3,100000,42,0.00042,72,0.00072
-38,-37,4,100000,56,0.00056,75,0.00075
-38,-37,5,100000,26,0.00026,80,0.0008
-38,-36,0,100000,37,0.00037,77,0.00077
-38,-36,1,100000,40,0.0004,77,0.00077
-38,-36,2,100000,42,0.00042,83,0.00083
-38,-36,3,100000,29,0.00029,78,0.00078
-38,-36,4,100000,34,0.00034,88,0.00088
-38,-36,5,100000,22,0.00022,67,0.00067
-38,-35,0,100000,39,0.00039,69,0.00069
-38,-35,1,100000,20,0.0002,63,0.00063
-38,-35,2,100000,23,0.00023,70,0.0007
-38,-35,3,100000,33,0.00033,73,0.00073
-38,-35,4,100000,25,0.00025,62,0.00062
-38,-35,5,100000,33,0.00033,75,0.00075
-38,-34,0,100000,25,0.00025,73,0.00073
-38,-34,1,100000,17,0.00017,75,0.00075
-38,-34,2,100000,43,0.00043,80,0.0008
-38,-34,3,100000,24,0.00024,78,0.00078
-38,-34,4,100000,32,0.00032,61,0.00061
-38,-34,5,100000,27,0.00027,97,0.00097
-38,-33,0,100000,25,0.00025,68,0.00068
-38,-33,1,100000,26,0.00026,73,0.00073
-38,-33,2,100000,30,0.0003,73,0.00073
-38,-33,3,100000,32,0.00032,63,0.00063
-38,-33,4,100000,23,0.00023,67,0.00067
-38,-33,5,100000,37,0.00037,73,0.00073
-38,-32,0,100000,38,0.00038,84,0.00084
-38,-32,1,100000,39,0.00039,87,0.00087
-38,-32,2,100000,27,0.00027,78,0.00078
-38,-32,3,100000,14,0.00014,71,0.00071
-38,-32,4,100000,26,0.00026,84,0.00084
-38,-32,5,100000,19,0.00019,61,0.00061
-38,-31,0,100000,48,0.00048,63,0.00063
-38,-31,1,100000,32,0.00032,80,0.0008
-38,-31,2,100000,20,0.0002,66,0.00066
-38,-31,3,100000,19,0.00019,61,0.00061
-38,-31,4,100000,29,0.00029,64,0.00064
-38,-31,5,100000,27,0.00027,76,0.00076
-38,-30,0,100000,26,0.00026,68,0.00068
-38,-30,1,100000,25,0.00025,73,0.00073
-38,-30,2,100000,22,0.00022,66,0.00066
-38,-30,3,100000,31,0.00031,68,0.00068
-38,-30,4,100000,15,0.00015,67,0.00067
-38,-30,5,100000,43,0.00043,65,0.00065
-38,-29,0,100000,48,0.00048,87,0.00087
-38,-29,1,100000,15,0.00015,67,0.00067
-38,-29,2,100000,16,0.00016,76,0.00076
-38,-29,3,100000,20,0.0002,63,0.00063
-38,-29,4,100000,31,0.00031,74,0.00074
-38,-29,5,100000,36,0.00036,73,0.00073
-38,-28,0,100000,23,0.00023,74,0.00074
-38,-28,1,100000,50,0.0005,65,0.00065
-38,-28,2,100000,36,0.00036,73,0.00073
-38,-28,3,100000,18,0.00018,69,0.00069
-38,-28,4,100000,23,0.00023,57,0.00057
-38,-28,5,100000,28,0.00028,78,0.00078
-38,-27,0,100000,38,0.00038,61,0.00061
-38,-27,1,100000,30,0.0003,75,0.00075
-38,-27,2,100000,27,0.00027,81,0.00081
-38,-27,3,100000,45,0.00045,72,0.00072
-38,-27,4,100000,27,0.00027,83,0.00083
-38,-27,5,100000,37,0.00037,70,0.0007
-38,-26,0,100000,37,0.00037,78,0.00078
-38,-26,1,100000,32,0.00032,67,0.00067
-38,-26,2,100000,30,0.0003,91,0.00091
-38,-26,3,100000,37,0.00037,78,0.00078
-38,-26,4,100000,25,0.00025,63,0.00063
-38,-26,5,100000,27,0.00027,76,0.00076
-38,-25,0,100000,20,0.0002,61,0.00061
-38,-25,1,100000,34,0.00034,71,0.00071
-38,-25,2,100000,42,0.00042,79,0.00079
-38,-25,3,100000,43,0.00043,83,0.00083
-38,-25,4,100000,25,0.00025,70,0.0007
-38,-25,5,100000,26,0.00026,72,0.00072
-38,-24,0,100000,17,0.00017,63,0.00063
-38,-24,1,100000,48,0.00048,77,0.00077
-38,-24,2,100000,33,0.00033,77,0.00077
-38,-24,3,100000,45,0.00045,72,0.00072
-38,-24,4,100000,39,0.00039,73,0.00073
-38,-24,5,100000,19,0.00019,66,0.00066
-38,-23,0,100000,20,0.0002,64,0.00064
-38,-23,1,100000,24,0.00024,70,0.0007
-38,-23,2,100000,44,0.00044,66,0.00066
-38,-23,3,100000,30,0.0003,76,0.00076
-38,-23,4,100000,26,0.00026,75,0.00075
-38,-23,5,100000,21,0.00021,64,0.00064
-38,-22,0,100000,26,0.00026,67,0.00067
-38,-22,1,100000,37,0.00037,67,0.00067
-38,-22,2,100000,27,0.00027,69,0.00069
-38,-22,3,100000,34,0.00034,75,0.00075
-38,-22,4,100000,19,0.00019,73,0.00073
-38,-22,5,100000,37,0.00037,56,0.00056
-38,-21,0,100000,31,0.00031,77,0.00077
-38,-21,1,100000,19,0.00019,68,0.00068
-38,-21,2,100000,20,0.0002,58,0.00058
-38,-21,3,100000,19,0.00019,64,0.00064
-38,-21,4,100000,32,0.00032,71,0.00071
-38,-21,5,100000,35,0.00035,53,0.00053
-38,-20,0,100000,27,0.00027,78,0.00078
-38,-20,1,100000,27,0.00027,70,0.0007
-38,-20,2,100000,25,0.00025,73,0.00073
-38,-20,3,100000,33,0.00033,75,0.00075
-38,-20,4,100000,23,0.00023,75,0.00075
-38,-20,5,100000,17,0.00017,77,0.00077
-38,-19,0,100000,17,0.00017,55,0.00055
-38,-19,1,100000,39,0.00039,74,0.00074
-38,-19,2,100000,47,0.00047,82,0.00082
-38,-19,3,100000,24,0.00024,75,0.00075
-38,-19,4,100000,25,0.00025,62,0.00062
-38,-19,5,100000,26,0.00026,68,0.00068
-38,-18,0,100000,30,0.0003,74,0.00074
-38,-18,1,100000,31,0.00031,78,0.00078
-38,-18,2,100000,25,0.00025,84,0.00084
-38,-18,3,100000,41,0.00041,72,0.00072
-38,-18,4,100000,45,0.00045,77,0.00077
-38,-18,5,100000,44,0.00044,80,0.0008
-38,-17,0,100000,15,0.00015,65,0.00065
-38,-17,1,100000,39,0.00039,78,0.00078
-38,-17,2,100000,51,0.00051,75,0.00075
-38,-17,3,100000,38,0.00038,82,0.00082
-38,-17,4,100000,24,0.00024,61,0.00061
-38,-17,5,100000,24,0.00024,75,0.00075
-38,-16,0,100000,25,0.00025,80,0.0008
-38,-16,1,100000,24,0.00024,74,0.00074
-38,-16,2,100000,22,0.00022,63,0.00063
-38,-16,3,100000,41,0.00041,81,0.00081
-38,-16,4,100000,46,0.00046,88,0.00088
-38,-16,5,100000,34,0.00034,82,0.00082
-38,-15,0,100000,14,0.00014,76,0.00076
-38,-15,1,100000,36,0.00036,79,0.00079
-38,-15,2,100000,28,0.00028,65,0.00065
-38,-15,3,100000,47,0.00047,71,0.00071
-38,-15,4,100000,13,0.00013,62,0.00062
-38,-15,5,100000,18,0.00018,72,0.00072
-38,-14,0,100000,30,0.0003,71,0.00071
-38,-14,1,100000,30,0.0003,70,0.0007
-38,-14,2,100000,24,0.00024,75,0.00075
-38,-14,3,100000,27,0.00027,68,0.00068
-38,-14,4,100000,34,0.00034,74,0.00074
-38,-14,5,100000,27,0.00027,60,0.0006
-38,-13,0,100000,25,0.00025,76,0.00076
-38,-13,1,100000,24,0.00024,64,0.00064
-38,-13,2,100000,39,0.00039,67,0.00067
-38,-13,3,100000,16,0.00016,78,0.00078
-38,-13,4,100000,22,0.00022,67,0.00067
-38,-13,5,100000,24,0.00024,66,0.00066
-38,-12,0,100000,33,0.00033,70,0.0007
-38,-12,1,100000,42,0.00042,72,0.00072
-38,-12,2,100000,52,0.00052,81,0.00081
-38,-12,3,100000,49,0.00049,87,0.00087
-38,-12,4,100000,30,0.0003,67,0.00067
-38,-12,5,100000,22,0.00022,71,0.00071
-38,-11,0,100000,47,0.00047,93,0.00093
-38,-11,1,100000,35,0.00035,87,0.00087
-38,-11,2,100000,54,0.00054,78,0.00078
-38,-11,3,100000,23,0.00023,74,0.00074
-38,-11,4,100000,29,0.00029,69,0.00069
-38,-11,5,100000,21,0.00021,62,0.00062
-38,-10,0,100000,20,0.0002,72,0.00072
-38,-10,1,100000,49,0.00049,79,0.00079
-38,-10,2,100000,17,0.00017,83,0.00083
-38,-10,3,100000,26,0.00026,60,0.0006
-38,-10,4,100000,27,0.00027,78,0.00078
-38,-10,5,100000,35,0.00035,73,0.00073
-38,-9,0,100000,41,0.00041,95,0.00095
-38,-9,1,100000,28,0.00028,67,0.00067
-38,-9,2,100000,18,0.00018,67,0.00067
-38,-9,3,100000,28,0.00028,83,0.00083
-38,-9,4,100000,42,0.00042,66,0.00066
-38,-9,5,100000,35,0.00035,84,0.00084
-38,-8,0,100000,27,0.00027,66,0.00066
-38,-8,1,100000,54,0.00054,80,0.0008
-38,-8,2,100000,43,0.00043,71,0.00071
-38,-8,3,100000,36,0.00036,78,0.00078
-38,-8,4,100000,19,0.00019,78,0.00078
-38,-8,5,100000,21,0.00021,69,0.00069
-38,-7,0,100000,27,0.00027,69,0.00069
-38,-7,1,100000,24,0.00024,59,0.00059
-38,-7,2,100000,52,0.00052,81,0.00081
-38,-7,3,100000,21,0.00021,68,0.00068
-38,-7,4,100000,29,0.00029,73,0.00073
-38,-7,5,100000,34,0.00034,69,0.00069
-38,-6,0,100000,27,0.00027,68,0.00068
-38,-6,1,100000,25,0.00025,79,0.00079
-38,-6,2,100000,13,0.00013,73,0.00073
-38,-6,3,100000,35,0.00035,80,0.0008
-38,-6,4,100000,29,0.00029,85,0.00085
-38,-6,5,100000,45,0.00045,81,0.00081
-38,-5,0,100000,40,0.0004,74,0.00074
-38,-5,1,100000,48,0.00048,78,0.00078
-38,-5,2,100000,22,0.00022,55,0.00055
-38,-5,3,100000,35,0.00035,68,0.00068
-38,-5,4,100000,33,0.00033,69,0.00069
-38,-5,5,100000,17,0.00017,57,0.00057
-38,-4,0,100000,19,0.00019,72,0.00072
-38,-4,1,100000,27,0.00027,74,0.00074
-38,-4,2,100000,23,0.00023,62,0.00062
-38,-4,3,100000,18,0.00018,54,0.00054
-38,-4,4,100000,33,0.00033,62,0.00062
-38,-4,5,100000,29,0.00029,74,0.00074
-38,-3,0,100000,22,0.00022,70,0.0007
-38,-3,1,100000,50,0.0005,80,0.0008
-38,-3,2,100000,33,0.00033,74,0.00074
-38,-3,3,100000,36,0.00036,67,0.00067
-38,-3,4,100000,19,0.00019,81,0.00081
-38,-3,5,100000,33,0.00033,66,0.00066
-38,-2,0,100000,20,0.0002,59,0.00059
-38,-2,1,100000,33,0.00033,76,0.00076
-38,-2,2,100000,35,0.00035,65,0.00065
-38,-2,3,100000,26,0.00026,74,0.00074
-38,-2,4,100000,34,0.00034,76,0.00076
-38,-2,5,100000,26,0.00026,76,0.00076
-38,-1,0,100000,43,0.00043,81,0.00081
-38,-1,1,100000,35,0.00035,82,0.00082
-38,-1,2,100000,37,0.00037,74,0.00074
-38,-1,3,100000,39,0.00039,69,0.00069
-38,-1,4,100000,31,0.00031,63,0.00063
-38,-1,5,100000,27,0.00027,71,0.00071
-38,0,0,100000,26,0.00026,78,0.00078
-38,0,1,100000,35,0.00035,69,0.00069
-38,0,2,100000,20,0.0002,73,0.00073
-38,0,3,100000,22,0.00022,67,0.00067
-38,0,4,100000,26,0.00026,70,0.0007
-38,0,5,100000,34,0.00034,73,0.00073
-38,1,0,100000,16,0.00016,62,0.00062
-38,1,1,100000,34,0.00034,78,0.00078
-38,1,2,100000,19,0.00019,61,0.00061
-38,1,3,100000,38,0.00038,76,0.00076
-38,1,4,100000,39,0.00039,77,0.00077
-38,1,5,100000,28,0.00028,81,0.00081
-38,2,0,100000,49,0.00049,83,0.00083
-38,2,1,100000,49,0.00049,89,0.00089
-38,2,2,100000,26,0.00026,85,0.00085
-38,2,3,100000,36,0.00036,81,0.00081
-38,2,4,100000,34,0.00034,76,0.00076
-38,2,5,100000,20,0.0002,61,0.00061
-38,3,0,100000,38,0.00038,80,0.0008
-38,3,1,100000,29,0.00029,65,0.00065
-38,3,2,100000,24,0.00024,70,0.0007
-38,3,3,100000,27,0.00027,66,0.00066
-38,3,4,100000,19,0.00019,75,0.00075
-38,3,5,100000,29,0.00029,72,0.00072
-38,4,0,100000,39,0.00039,76,0.00076
-38,4,1,100000,40,0.0004,86,0.00086
-38,4,2,100000,19,0.00019,67,0.00067
-38,4,3,100000,26,0.00026,76,0.00076
-38,4,4,100000,19,0.00019,68,0.00068
-38,4,5,100000,30,0.0003,69,0.00069
-38,5,0,100000,21,0.00021,66,0.00066
-38,5,1,100000,52,0.00052,90,0.0009
-38,5,2,100000,13,0.00013,66,0.00066
-38,5,3,100000,20,0.0002,72,0.00072
-38,5,4,100000,19,0.00019,72,0.00072
-38,5,5,100000,16,0.00016,62,0.00062
-38,6,0,100000,39,0.00039,68,0.00068
-38,6,1,100000,20,0.0002,88,0.00088
-38,6,2,100000,23,0.00023,82,0.00082
-38,6,3,100000,36,0.00036,78,0.00078
-38,6,4,100000,28,0.00028,67,0.00067
-38,6,5,100000,31,0.00031,79,0.00079
-38,7,0,100000,47,0.00047,86,0.00086
-38,7,1,100000,20,0.0002,67,0.00067
-38,7,2,100000,34,0.00034,74,0.00074
-38,7,3,100000,29,0.00029,68,0.00068
-38,7,4,100000,22,0.00022,69,0.00069
-38,7,5,100000,25,0.00025,74,0.00074
-38,8,0,100000,31,0.00031,77,0.00077
-38,8,1,100000,37,0.00037,66,0.00066
-38,8,2,100000,33,0.00033,65,0.00065
-38,8,3,100000,20,0.0002,68,0.00068
-38,8,4,100000,25,0.00025,68,0.00068
-38,8,5,100000,29,0.00029,76,0.00076
-38,9,0,100000,11,0.00011,59,0.00059
-38,9,1,100000,32,0.00032,76,0.00076
-38,9,2,100000,28,0.00028,87,0.00087
-38,9,3,100000,30,0.0003,84,0.00084
-38,9,4,100000,18,0.00018,66,0.00066
-38,9,5,100000,14,0.00014,65,0.00065
-38,10,0,100000,23,0.00023,74,0.00074
-38,10,1,100000,53,0.00053,67,0.00067
-38,10,2,100000,24,0.00024,64,0.00064
-38,10,3,100000,34,0.00034,80,0.0008
-38,10,4,100000,57,0.00057,68,0.00068
-38,10,5,100000,32,0.00032,74,0.00074
-38,11,0,100000,42,0.00042,78,0.00078
-38,11,1,100000,32,0.00032,63,0.00063
-38,11,2,100000,33,0.00033,83,0.00083
-38,11,3,100000,33,0.00033,73,0.00073
-38,11,4,100000,26,0.00026,60,0.0006
-38,11,5,100000,23,0.00023,74,0.00074
-38,12,0,100000,17,0.00017,68,0.00068
-38,12,1,100000,31,0.00031,79,0.00079
-38,12,2,100000,27,0.00027,74,0.00074
-38,12,3,100000,16,0.00016,67,0.00067
-38,12,4,100000,36,0.00036,68,0.00068
-38,12,5,100000,31,0.00031,61,0.00061
-38,13,0,100000,36,0.00036,66,0.00066
-38,13,1,100000,16,0.00016,71,0.00071
-38,13,2,100000,18,0.00018,75,0.00075
-38,13,3,100000,14,0.00014,69,0.00069
-38,13,4,100000,46,0.00046,60,0.0006
-38,13,5,100000,24,0.00024,77,0.00077
-38,14,0,100000,17,0.00017,72,0.00072
-38,14,1,100000,42,0.00042,82,0.00082
-38,14,2,100000,22,0.00022,60,0.0006
-38,14,3,100000,23,0.00023,69,0.00069
-38,14,4,100000,31,0.00031,74,0.00074
-38,14,5,100000,32,0.00032,93,0.00093
-38,15,0,100000,30,0.0003,67,0.00067
-38,15,1,100000,30,0.0003,91,0.00091
-38,15,2,100000,29,0.00029,81,0.00081
-38,15,3,100000,39,0.00039,86,0.00086
-38,15,4,100000,31,0.00031,64,0.00064
-38,15,5,100000,39,0.00039,68,0.00068
-38,16,0,100000,43,0.00043,73,0.00073
-38,16,1,100000,25,0.00025,69,0.00069
-38,16,2,100000,21,0.00021,71,0.00071
-38,16,3,100000,16,0.00016,71,0.00071
-38,16,4,100000,40,0.0004,72,0.00072
-38,16,5,100000,50,0.0005,82,0.00082
-38,17,0,100000,28,0.00028,73,0.00073
-38,17,1,100000,9,9e-05,66,0.00066
-38,17,2,100000,40,0.0004,71,0.00071
-38,17,3,100000,30,0.0003,67,0.00067
-38,17,4,100000,49,0.00049,68,0.00068
-38,17,5,100000,27,0.00027,68,0.00068
-38,18,0,100000,24,0.00024,61,0.00061
-38,18,1,100000,25,0.00025,73,0.00073
-38,18,2,100000,18,0.00018,69,0.00069
-38,18,3,100000,16,0.00016,73,0.00073
-38,18,4,100000,12,0.00012,64,0.00064
-38,18,5,100000,49,0.00049,79,0.00079
-38,19,0,100000,27,0.00027,85,0.00085
-38,19,1,100000,19,0.00019,75,0.00075
-38,19,2,100000,34,0.00034,82,0.00082
-38,19,3,100000,18,0.00018,75,0.00075
-38,19,4,100000,17,0.00017,61,0.00061
-38,19,5,100000,31,0.00031,73,0.00073
-38,20,0,100000,26,0.00026,64,0.00064
-38,20,1,100000,14,0.00014,65,0.00065
-38,20,2,100000,31,0.00031,76,0.00076
-38,20,3,100000,32,0.00032,64,0.00064
-38,20,4,100000,24,0.00024,75,0.00075
-38,20,5,100000,35,0.00035,82,0.00082
-38,21,0,100000,19,0.00019,65,0.00065
-38,21,1,100000,46,0.00046,82,0.00082
-38,21,2,100000,51,0.00051,79,0.00079
-38,21,3,100000,34,0.00034,77,0.00077
-38,21,4,100000,31,0.00031,75,0.00075
-38,21,5,100000,25,0.00025,66,0.00066
-38,22,0,100000,34,0.00034,67,0.00067
-38,22,1,100000,36,0.00036,82,0.00082
-38,22,2,100000,22,0.00022,79,0.00079
-38,22,3,100000,31,0.00031,66,0.00066
-38,22,4,100000,27,0.00027,78,0.00078
-38,22,5,100000,22,0.00022,61,0.00061
-38,23,0,100000,33,0.00033,65,0.00065
-38,23,1,100000,37,0.00037,81,0.00081
-38,23,2,100000,34,0.00034,77,0.00077
-38,23,3,100000,30,0.0003,71,0.00071
-38,23,4,100000,52,0.00052,83,0.00083
-38,23,5,100000,29,0.00029,71,0.00071
-38,24,0,100000,27,0.00027,57,0.00057
-38,24,1,100000,22,0.00022,77,0.00077
-38,24,2,100000,20,0.0002,58,0.00058
-38,24,3,100000,23,0.00023,68,0.00068
-38,24,4,100000,43,0.00043,78,0.00078
-38,24,5,100000,16,0.00016,61,0.00061
-38,25,0,100000,17,0.00017,64,0.00064
-38,25,1,100000,27,0.00027,75,0.00075
-38,25,2,100000,20,0.0002,64,0.00064
-38,25,3,100000,33,0.00033,73,0.00073
-38,25,4,100000,36,0.00036,75,0.00075
-38,25,5,100000,27,0.00027,75,0.00075
-38,26,0,100000,41,0.00041,66,0.00066
-38,26,1,100000,35,0.00035,88,0.00088
-38,26,2,100000,33,0.00033,67,0.00067
-38,26,3,100000,23,0.00023,57,0.00057
-38,26,4,100000,50,0.0005,75,0.00075
-38,26,5,100000,28,0.00028,88,0.00088
-38,27,0,100000,23,0.00023,68,0.00068
-38,27,1,100000,36,0.00036,82,0.00082
-38,27,2,100000,57,0.00057,84,0.00084
-38,27,3,100000,42,0.00042,87,0.00087
-38,27,4,100000,47,0.00047,82,0.00082
-38,27,5,100000,32,0.00032,69,0.00069
-38,28,0,100000,26,0.00026,55,0.00055
-38,28,1,100000,33,0.00033,83,0.00083
-38,28,2,100000,38,0.00038,67,0.00067
-38,28,3,100000,24,0.00024,62,0.00062
-38,28,4,100000,22,0.00022,69,0.00069
-38,28,5,100000,35,0.00035,74,0.00074
-38,29,0,100000,28,0.00028,71,0.00071
-38,29,1,100000,32,0.00032,51,0.00051
-38,29,2,100000,20,0.0002,71,0.00071
-38,29,3,100000,34,0.00034,73,0.00073
-38,29,4,100000,20,0.0002,69,0.00069
-38,29,5,100000,26,0.00026,87,0.00087
-38,30,0,100000,31,0.00031,63,0.00063
-38,30,1,100000,13,0.00013,47,0.00047
-38,30,2,100000,43,0.00043,67,0.00067
-38,30,3,100000,31,0.00031,77,0.00077
-38,30,4,100000,44,0.00044,79,0.00079
-38,30,5,100000,42,0.00042,78,0.00078
-38,31,0,100000,26,0.00026,71,0.00071
-38,31,1,100000,19,0.00019,78,0.00078
-38,31,2,100000,29,0.00029,77,0.00077
-38,31,3,100000,24,0.00024,67,0.00067
-38,31,4,100000,24,0.00024,70,0.0007
-38,31,5,100000,24,0.00024,61,0.00061
-38,32,0,100000,28,0.00028,67,0.00067
-38,32,1,100000,18,0.00018,66,0.00066
-38,32,2,100000,30,0.0003,70,0.0007
-38,32,3,100000,36,0.00036,85,0.00085
-38,32,4,100000,34,0.00034,77,0.00077
-38,32,5,100000,18,0.00018,78,0.00078
-38,33,0,100000,38,0.00038,80,0.0008
-38,33,1,100000,35,0.00035,68,0.00068
-38,33,2,100000,27,0.00027,60,0.0006
-38,33,3,100000,36,0.00036,69,0.00069
-38,33,4,100000,33,0.00033,70,0.0007
-38,33,5,100000,30,0.0003,69,0.00069
-38,34,0,100000,44,0.00044,70,0.0007
-38,34,1,100000,19,0.00019,83,0.00083
-38,34,2,100000,50,0.0005,77,0.00077
-38,34,3,100000,42,0.00042,87,0.00087
-38,34,4,100000,35,0.00035,84,0.00084
-38,34,5,100000,34,0.00034,76,0.00076
-38,35,0,100000,26,0.00026,76,0.00076
-38,35,1,100000,26,0.00026,59,0.00059
-38,35,2,100000,33,0.00033,83,0.00083
-38,35,3,100000,27,0.00027,73,0.00073
-38,35,4,100000,32,0.00032,75,0.00075
-38,35,5,100000,44,0.00044,80,0.0008
-38,36,0,100000,49,0.00049,81,0.00081
-38,36,1,100000,23,0.00023,78,0.00078
-38,36,2,100000,17,0.00017,69,0.00069
-38,36,3,100000,41,0.00041,82,0.00082
-38,36,4,100000,34,0.00034,78,0.00078
-38,36,5,100000,52,0.00052,69,0.00069
-38,37,0,100000,30,0.0003,79,0.00079
-38,37,1,100000,21,0.00021,77,0.00077
-38,37,2,100000,28,0.00028,79,0.00079
-38,37,3,100000,43,0.00043,73,0.00073
-38,37,4,100000,41,0.00041,75,0.00075
-38,37,5,100000,34,0.00034,72,0.00072
-38,38,0,100000,28,0.00028,71,0.00071
-38,38,1,100000,38,0.00038,78,0.00078
-38,38,2,100000,54,0.00054,94,0.00094
-38,38,3,100000,35,0.00035,66,0.00066
-38,38,4,100000,19,0.00019,81,0.00081
-38,38,5,100000,20,0.0002,67,0.00067
-38,39,0,100000,11,0.00011,60,0.0006
-38,39,1,100000,17,0.00017,59,0.00059
-38,39,2,100000,25,0.00025,85,0.00085
-38,39,3,100000,35,0.00035,73,0.00073
-38,39,4,100000,26,0.00026,66,0.00066
-38,39,5,100000,13,0.00013,55,0.00055
-38,40,0,100000,12,0.00012,67,0.00067
-38,40,1,100000,19,0.00019,51,0.00051
-38,40,2,100000,24,0.00024,77,0.00077
-38,40,3,100000,19,0.00019,71,0.00071
-38,40,4,100000,24,0.00024,75,0.00075
-38,40,5,100000,17,0.00017,64,0.00064
-38,41,0,100000,31,0.00031,74,0.00074
-38,41,1,100000,26,0.00026,93,0.00093
-38,41,2,100000,15,0.00015,51,0.00051
-38,41,3,100000,23,0.00023,63,0.00063
-38,41,4,100000,28,0.00028,75,0.00075
-38,41,5,100000,33,0.00033,68,0.00068
-38,42,0,100000,19,0.00019,84,0.00084
-38,42,1,100000,34,0.00034,75,0.00075
-38,42,2,100000,35,0.00035,71,0.00071
-38,42,3,100000,40,0.0004,88,0.00088
-38,42,4,100000,30,0.0003,78,0.00078
-38,42,5,100000,17,0.00017,62,0.00062
-38,43,0,100000,20,0.0002,73,0.00073
-38,43,1,100000,23,0.00023,60,0.0006
-38,43,2,100000,33,0.00033,73,0.00073
-38,43,3,100000,42,0.00042,72,0.00072
-38,43,4,100000,48,0.00048,92,0.00092
-38,43,5,100000,25,0.00025,81,0.00081
-38,44,0,100000,34,0.00034,60,0.0006
-38,44,1,100000,22,0.00022,73,0.00073
-38,44,2,100000,11,0.00011,59,0.00059
-38,44,3,100000,30,0.0003,73,0.00073
-38,44,4,100000,19,0.00019,62,0.00062
-38,44,5,100000,17,0.00017,66,0.00066
-38,45,0,100000,21,0.00021,68,0.00068
-38,45,1,100000,27,0.00027,73,0.00073
-38,45,2,100000,24,0.00024,78,0.00078
-38,45,3,100000,41,0.00041,82,0.00082
-38,45,4,100000,21,0.00021,69,0.00069
-38,45,5,100000,25,0.00025,82,0.00082
-38,46,0,100000,32,0.00032,67,0.00067
-38,46,1,100000,29,0.00029,63,0.00063
-38,46,2,100000,27,0.00027,63,0.00063
-38,46,3,100000,38,0.00038,66,0.00066
-38,46,4,100000,23,0.00023,56,0.00056
-38,46,5,100000,27,0.00027,62,0.00062
-38,47,0,100000,50,0.0005,76,0.00076
-38,47,1,100000,24,0.00024,65,0.00065
-38,47,2,100000,33,0.00033,71,0.00071
-38,47,3,100000,34,0.00034,78,0.00078
-38,47,4,100000,33,0.00033,76,0.00076
-38,47,5,100000,25,0.00025,65,0.00065
-38,48,0,100000,35,0.00035,75,0.00075
-38,48,1,100000,28,0.00028,90,0.0009
-38,48,2,100000,44,0.00044,79,0.00079
-38,48,3,100000,34,0.00034,62,0.00062
-38,48,4,100000,35,0.00035,70,0.0007
-38,48,5,100000,35,0.00035,63,0.00063
-38,49,0,100000,46,0.00046,65,0.00065
-38,49,1,100000,41,0.00041,74,0.00074
-38,49,2,100000,27,0.00027,73,0.00073
-38,49,3,100000,32,0.00032,81,0.00081
-38,49,4,100000,17,0.00017,65,0.00065
-38,49,5,100000,21,0.00021,75,0.00075
-38,50,0,100000,25,0.00025,87,0.00087
-38,50,1,100000,33,0.00033,68,0.00068
-38,50,2,100000,20,0.0002,64,0.00064
-38,50,3,100000,20,0.0002,67,0.00067
-38,50,4,100000,24,0.00024,86,0.00086
-38,50,5,100000,31,0.00031,72,0.00072
-37,-50,0,100000,29,0.00029,72,0.00072
-37,-50,1,100000,21,0.00021,68,0.00068
-37,-50,2,100000,42,0.00042,85,0.00085
-37,-50,3,100000,33,0.00033,69,0.00069
-37,-50,4,100000,29,0.00029,76,0.00076
-37,-50,5,100000,37,0.00037,70,0.0007
-37,-49,0,100000,38,0.00038,63,0.00063
-37,-49,1,100000,42,0.00042,67,0.00067
-37,-49,2,100000,29,0.00029,81,0.00081
-37,-49,3,100000,19,0.00019,60,0.0006
-37,-49,4,100000,36,0.00036,88,0.00088
-37,-49,5,100000,25,0.00025,75,0.00075
-37,-48,0,100000,50,0.0005,86,0.00086
-37,-48,1,100000,47,0.00047,62,0.00062
-37,-48,2,100000,25,0.00025,71,0.00071
-37,-48,3,100000,38,0.00038,74,0.00074
-37,-48,4,100000,52,0.00052,78,0.00078
-37,-48,5,100000,31,0.00031,86,0.00086
-37,-47,0,100000,49,0.00049,83,0.00083
-37,-47,1,100000,22,0.00022,83,0.00083
-37,-47,2,100000,36,0.00036,76,0.00076
-37,-47,3,100000,30,0.0003,70,0.0007
-37,-47,4,100000,32,0.00032,83,0.00083
-37,-47,5,100000,46,0.00046,78,0.00078
-37,-46,0,100000,17,0.00017,60,0.0006
-37,-46,1,100000,19,0.00019,76,0.00076
-37,-46,2,100000,27,0.00027,79,0.00079
-37,-46,3,100000,51,0.00051,76,0.00076
-37,-46,4,100000,35,0.00035,73,0.00073
-37,-46,5,100000,21,0.00021,80,0.0008
-37,-45,0,100000,38,0.00038,75,0.00075
-37,-45,1,100000,38,0.00038,91,0.00091
-37,-45,2,100000,30,0.0003,71,0.00071
-37,-45,3,100000,17,0.00017,62,0.00062
-37,-45,4,100000,26,0.00026,67,0.00067
-37,-45,5,100000,52,0.00052,88,0.00088
-37,-44,0,100000,28,0.00028,65,0.00065
-37,-44,1,100000,30,0.0003,71,0.00071
-37,-44,2,100000,23,0.00023,71,0.00071
-37,-44,3,100000,24,0.00024,74,0.00074
-37,-44,4,100000,45,0.00045,62,0.00062
-37,-44,5,100000,26,0.00026,74,0.00074
-37,-43,0,100000,55,0.00055,78,0.00078
-37,-43,1,100000,39,0.00039,70,0.0007
-37,-43,2,100000,58,0.00058,82,0.00082
-37,-43,3,100000,27,0.00027,65,0.00065
-37,-43,4,100000,30,0.0003,81,0.00081
-37,-43,5,100000,28,0.00028,69,0.00069
-37,-42,0,100000,26,0.00026,78,0.00078
-37,-42,1,100000,19,0.00019,73,0.00073
-37,-42,2,100000,34,0.00034,66,0.00066
-37,-42,3,100000,33,0.00033,73,0.00073
-37,-42,4,100000,22,0.00022,65,0.00065
-37,-42,5,100000,29,0.00029,72,0.00072
-37,-41,0,100000,37,0.00037,92,0.00092
-37,-41,1,100000,33,0.00033,62,0.00062
-37,-41,2,100000,19,0.00019,83,0.00083
-37,-41,3,100000,23,0.00023,72,0.00072
-37,-41,4,100000,28,0.00028,81,0.00081
-37,-41,5,100000,46,0.00046,96,0.00096
-37,-40,0,100000,15,0.00015,78,0.00078
-37,-40,1,100000,19,0.00019,72,0.00072
-37,-40,2,100000,31,0.00031,83,0.00083
-37,-40,3,100000,37,0.00037,84,0.00084
-37,-40,4,100000,17,0.00017,68,0.00068
-37,-40,5,100000,45,0.00045,72,0.00072
-37,-39,0,100000,18,0.00018,64,0.00064
-37,-39,1,100000,34,0.00034,72,0.00072
-37,-39,2,100000,57,0.00057,68,0.00068
-37,-39,3,100000,41,0.00041,74,0.00074
-37,-39,4,100000,34,0.00034,73,0.00073
-37,-39,5,100000,31,0.00031,72,0.00072
-37,-38,0,100000,25,0.00025,68,0.00068
-37,-38,1,100000,37,0.00037,70,0.0007
-37,-38,2,100000,24,0.00024,71,0.00071
-37,-38,3,100000,46,0.00046,82,0.00082
-37,-38,4,100000,27,0.00027,66,0.00066
-37,-38,5,100000,30,0.0003,68,0.00068
-37,-37,0,100000,31,0.00031,83,0.00083
-37,-37,1,100000,21,0.00021,69,0.00069
-37,-37,2,100000,27,0.00027,70,0.0007
-37,-37,3,100000,33,0.00033,60,0.0006
-37,-37,4,100000,27,0.00027,77,0.00077
-37,-37,5,100000,46,0.00046,72,0.00072
-37,-36,0,100000,32,0.00032,85,0.00085
-37,-36,1,100000,30,0.0003,70,0.0007
-37,-36,2,100000,30,0.0003,67,0.00067
-37,-36,3,100000,45,0.00045,74,0.00074
-37,-36,4,100000,35,0.00035,81,0.00081
-37,-36,5,100000,41,0.00041,85,0.00085
-37,-35,0,100000,21,0.00021,78,0.00078
-37,-35,1,100000,32,0.00032,61,0.00061
-37,-35,2,100000,40,0.0004,67,0.00067
-37,-35,3,100000,34,0.00034,89,0.00089
-37,-35,4,100000,20,0.0002,60,0.0006
-37,-35,5,100000,44,0.00044,66,0.00066
-37,-34,0,100000,38,0.00038,72,0.00072
-37,-34,1,100000,37,0.00037,69,0.00069
-37,-34,2,100000,22,0.00022,70,0.0007
-37,-34,3,100000,33,0.00033,74,0.00074
-37,-34,4,100000,23,0.00023,56,0.00056
-37,-34,5,100000,20,0.0002,72,0.00072
-37,-33,0,100000,42,0.00042,99,0.00099
-37,-33,1,100000,43,0.00043,78,0.00078
-37,-33,2,100000,30,0.0003,63,0.00063
-37,-33,3,100000,32,0.00032,74,0.00074
-37,-33,4,100000,36,0.00036,66,0.00066
-37,-33,5,100000,36,0.00036,69,0.00069
-37,-32,0,100000,24,0.00024,66,0.00066
-37,-32,1,100000,15,0.00015,56,0.00056
-37,-32,2,100000,40,0.0004,88,0.00088
-37,-32,3,100000,44,0.00044,88,0.00088
-37,-32,4,100000,40,0.0004,71,0.00071
-37,-32,5,100000,18,0.00018,71,0.00071
-37,-31,0,100000,60,0.0006,85,0.00085
-37,-31,1,100000,44,0.00044,86,0.00086
-37,-31,2,100000,24,0.00024,74,0.00074
-37,-31,3,100000,45,0.00045,102,0.00102
-37,-31,4,100000,47,0.00047,69,0.00069
-37,-31,5,100000,46,0.00046,74,0.00074
-37,-30,0,100000,30,0.0003,94,0.00094
-37,-30,1,100000,31,0.00031,73,0.00073
-37,-30,2,100000,32,0.00032,79,0.00079
-37,-30,3,100000,35,0.00035,74,0.00074
-37,-30,4,100000,22,0.00022,75,0.00075
-37,-30,5,100000,33,0.00033,83,0.00083
-37,-29,0,100000,26,0.00026,70,0.0007
-37,-29,1,100000,22,0.00022,92,0.00092
-37,-29,2,100000,56,0.00056,63,0.00063
-37,-29,3,100000,29,0.00029,84,0.00084
-37,-29,4,100000,45,0.00045,76,0.00076
-37,-29,5,100000,27,0.00027,71,0.00071
-37,-28,0,100000,40,0.0004,74,0.00074
-37,-28,1,100000,40,0.0004,83,0.00083
-37,-28,2,100000,26,0.00026,82,0.00082
-37,-28,3,100000,31,0.00031,84,0.00084
-37,-28,4,100000,29,0.00029,74,0.00074
-37,-28,5,100000,34,0.00034,63,0.00063
-37,-27,0,100000,38,0.00038,62,0.00062
-37,-27,1,100000,34,0.00034,64,0.00064
-37,-27,2,100000,46,0.00046,80,0.0008
-37,-27,3,100000,18,0.00018,70,0.0007
-37,-27,4,100000,27,0.00027,78,0.00078
-37,-27,5,100000,30,0.0003,54,0.00054
-37,-26,0,100000,28,0.00028,80,0.0008
-37,-26,1,100000,36,0.00036,81,0.00081
-37,-26,2,100000,26,0.00026,62,0.00062
-37,-26,3,100000,35,0.00035,85,0.00085
-37,-26,4,100000,22,0.00022,62,0.00062
-37,-26,5,100000,42,0.00042,93,0.00093
-37,-25,0,100000,28,0.00028,69,0.00069
-37,-25,1,100000,46,0.00046,75,0.00075
-37,-25,2,100000,16,0.00016,58,0.00058
-37,-25,3,100000,24,0.00024,75,0.00075
-37,-25,4,100000,42,0.00042,77,0.00077
-37,-25,5,100000,35,0.00035,80,0.0008
-37,-24,0,100000,14,0.00014,66,0.00066
-37,-24,1,100000,37,0.00037,62,0.00062
-37,-24,2,100000,31,0.00031,84,0.00084
-37,-24,3,100000,33,0.00033,69,0.00069
-37,-24,4,100000,22,0.00022,66,0.00066
-37,-24,5,100000,38,0.00038,83,0.00083
-37,-23,0,100000,32,0.00032,77,0.00077
-37,-23,1,100000,31,0.00031,66,0.00066
-37,-23,2,100000,17,0.00017,64,0.00064
-37,-23,3,100000,26,0.00026,74,0.00074
-37,-23,4,100000,54,0.00054,74,0.00074
-37,-23,5,100000,9,9e-05,58,0.00058
-37,-22,0,100000,30,0.0003,73,0.00073
-37,-22,1,100000,28,0.00028,65,0.00065
-37,-22,2,100000,27,0.00027,73,0.00073
-37,-22,3,100000,44,0.00044,81,0.00081
-37,-22,4,100000,33,0.00033,64,0.00064
-37,-22,5,100000,23,0.00023,87,0.00087
-37,-21,0,100000,28,0.00028,61,0.00061
-37,-21,1,100000,46,0.00046,91,0.00091
-37,-21,2,100000,27,0.00027,81,0.00081
-37,-21,3,100000,45,0.00045,74,0.00074
-37,-21,4,100000,32,0.00032,74,0.00074
-37,-21,5,100000,34,0.00034,81,0.00081
-37,-20,0,100000,25,0.00025,83,0.00083
-37,-20,1,100000,25,0.00025,67,0.00067
-37,-20,2,100000,40,0.0004,68,0.00068
-37,-20,3,100000,28,0.00028,71,0.00071
-37,-20,4,100000,31,0.00031,67,0.00067
-37,-20,5,100000,30,0.0003,73,0.00073
-37,-19,0,100000,31,0.00031,87,0.00087
-37,-19,1,100000,34,0.00034,78,0.00078
-37,-19,2,100000,47,0.00047,74,0.00074
-37,-19,3,100000,27,0.00027,70,0.0007
-37,-19,4,100000,41,0.00041,68,0.00068
-37,-19,5,100000,33,0.00033,69,0.00069
-37,-18,0,100000,32,0.00032,80,0.0008
-37,-18,1,100000,33,0.00033,82,0.00082
-37,-18,2,100000,25,0.00025,65,0.00065
-37,-18,3,100000,15,0.00015,72,0.00072
-37,-18,4,100000,11,0.00011,71,0.00071
-37,-18,5,100000,35,0.00035,76,0.00076
-37,-17,0,100000,51,0.00051,86,0.00086
-37,-17,1,100000,34,0.00034,82,0.00082
-37,-17,2,100000,29,0.00029,61,0.00061
-37,-17,3,100000,41,0.00041,84,0.00084
-37,-17,4,100000,40,0.0004,69,0.00069
-37,-17,5,100000,25,0.00025,72,0.00072
-37,-16,0,100000,32,0.00032,72,0.00072
-37,-16,1,100000,33,0.00033,77,0.00077
-37,-16,2,100000,19,0.00019,70,0.0007
-37,-16,3,100000,34,0.00034,74,0.00074
-37,-16,4,100000,38,0.00038,91,0.00091
-37,-16,5,100000,30,0.0003,61,0.00061
-37,-15,0,100000,43,0.00043,70,0.0007
-37,-15,1,100000,27,0.00027,77,0.00077
-37,-15,2,100000,32,0.00032,76,0.00076
-37,-15,3,100000,28,0.00028,83,0.00083
-37,-15,4,100000,33,0.00033,88,0.00088
-37,-15,5,100000,50,0.0005,85,0.00085
-37,-14,0,100000,25,0.00025,79,0.00079
-37,-14,1,100000,22,0.00022,81,0.00081
-37,-14,2,100000,45,0.00045,76,0.00076
-37,-14,3,100000,34,0.00034,68,0.00068
-37,-14,4,100000,29,0.00029,53,0.00053
-37,-14,5,100000,27,0.00027,81,0.00081
-37,-13,0,100000,37,0.00037,69,0.00069
-37,-13,1,100000,12,0.00012,67,0.00067
-37,-13,2,100000,34,0.00034,73,0.00073
-37,-13,3,100000,31,0.00031,72,0.00072
-37,-13,4,100000,28,0.00028,62,0.00062
-37,-13,5,100000,24,0.00024,57,0.00057
-37,-12,0,100000,39,0.00039,73,0.00073
-37,-12,1,100000,32,0.00032,69,0.00069
-37,-12,2,100000,29,0.00029,75,0.00075
-37,-12,3,100000,36,0.00036,66,0.00066
-37,-12,4,100000,34,0.00034,75,0.00075
-37,-12,5,100000,34,0.00034,76,0.00076
-37,-11,0,100000,30,0.0003,80,0.0008
-37,-11,1,100000,31,0.00031,66,0.00066
-37,-11,2,100000,25,0.00025,77,0.00077
-37,-11,3,100000,23,0.00023,64,0.00064
-37,-11,4,100000,38,0.00038,64,0.00064
-37,-11,5,100000,39,0.00039,64,0.00064
-37,-10,0,100000,24,0.00024,71,0.00071
-37,-10,1,100000,28,0.00028,75,0.00075
-37,-10,2,100000,17,0.00017,83,0.00083
-37,-10,3,100000,40,0.0004,72,0.00072
-37,-10,4,100000,30,0.0003,80,0.0008
-37,-10,5,100000,25,0.00025,66,0.00066
-37,-9,0,100000,29,0.00029,80,0.0008
-37,-9,1,100000,34,0.00034,84,0.00084
-37,-9,2,100000,23,0.00023,75,0.00075
-37,-9,3,100000,43,0.00043,63,0.00063
-37,-9,4,100000,25,0.00025,73,0.00073
-37,-9,5,100000,32,0.00032,79,0.00079
-37,-8,0,100000,16,0.00016,61,0.00061
-37,-8,1,100000,27,0.00027,72,0.00072
-37,-8,2,100000,23,0.00023,66,0.00066
-37,-8,3,100000,35,0.00035,82,0.00082
-37,-8,4,100000,42,0.00042,85,0.00085
-37,-8,5,100000,34,0.00034,73,0.00073
-37,-7,0,100000,30,0.0003,64,0.00064
-37,-7,1,100000,18,0.00018,61,0.00061
-37,-7,2,100000,25,0.00025,77,0.00077
-37,-7,3,100000,36,0.00036,69,0.00069
-37,-7,4,100000,38,0.00038,70,0.0007
-37,-7,5,100000,27,0.00027,59,0.00059
-37,-6,0,100000,31,0.00031,75,0.00075
-37,-6,1,100000,38,0.00038,76,0.00076
-37,-6,2,100000,21,0.00021,70,0.0007
-37,-6,3,100000,44,0.00044,65,0.00065
-37,-6,4,100000,33,0.00033,75,0.00075
-37,-6,5,100000,20,0.0002,73,0.00073
-37,-5,0,100000,43,0.00043,83,0.00083
-37,-5,1,100000,39,0.00039,63,0.00063
-37,-5,2,100000,30,0.0003,76,0.00076
-37,-5,3,100000,26,0.00026,64,0.00064
-37,-5,4,100000,31,0.00031,70,0.0007
-37,-5,5,100000,42,0.00042,79,0.00079
-37,-4,0,100000,31,0.00031,81,0.00081
-37,-4,1,100000,17,0.00017,69,0.00069
-37,-4,2,100000,29,0.00029,60,0.0006
-37,-4,3,100000,32,0.00032,65,0.00065
-37,-4,4,100000,17,0.00017,72,0.00072
-37,-4,5,100000,34,0.00034,61,0.00061
-37,-3,0,100000,14,0.00014,68,0.00068
-37,-3,1,100000,33,0.00033,72,0.00072
-37,-3,2,100000,36,0.00036,86,0.00086
-37,-3,3,100000,34,0.00034,76,0.00076
-37,-3,4,100000,23,0.00023,73,0.00073
-37,-3,5,100000,19,0.00019,68,0.00068
-37,-2,0,100000,24,0.00024,84,0.00084
-37,-2,1,100000,26,0.00026,64,0.00064
-37,-2,2,100000,36,0.00036,67,0.00067
-37,-2,3,100000,38,0.00038,68,0.00068
-37,-2,4,100000,31,0.00031,80,0.0008
-37,-2,5,100000,25,0.00025,85,0.00085
-37,-1,0,100000,28,0.00028,84,0.00084
-37,-1,1,100000,63,0.00063,84,0.00084
-37,-1,2,100000,34,0.00034,72,0.00072
-37,-1,3,100000,29,0.00029,72,0.00072
-37,-1,4,100000,29,0.00029,73,0.00073
-37,-1,5,100000,31,0.00031,73,0.00073
-37,0,0,100000,15,0.00015,66,0.00066
-37,0,1,100000,23,0.00023,60,0.0006
-37,0,2,100000,25,0.00025,71,0.00071
-37,0,3,100000,12,0.00012,64,0.00064
-37,0,4,100000,36,0.00036,87,0.00087
-37,0,5,100000,35,0.00035,66,0.00066
-37,1,0,100000,27,0.00027,67,0.00067
-37,1,1,100000,41,0.00041,81,0.00081
-37,1,2,100000,38,0.00038,74,0.00074
-37,1,3,100000,32,0.00032,85,0.00085
-37,1,4,100000,39,0.00039,74,0.00074
-37,1,5,100000,40,0.0004,72,0.00072
-37,2,0,100000,40,0.0004,73,0.00073
-37,2,1,100000,22,0.00022,79,0.00079
-37,2,2,100000,46,0.00046,82,0.00082
-37,2,3,100000,38,0.00038,82,0.00082
-37,2,4,100000,24,0.00024,72,0.00072
-37,2,5,100000,31,0.00031,83,0.00083
-37,3,0,100000,28,0.00028,77,0.00077
-37,3,1,100000,45,0.00045,78,0.00078
-37,3,2,100000,19,0.00019,84,0.00084
-37,3,3,100000,36,0.00036,83,0.00083
-37,3,4,100000,39,0.00039,64,0.00064
-37,3,5,100000,23,0.00023,75,0.00075
-37,4,0,100000,21,0.00021,89,0.00089
-37,4,1,100000,31,0.00031,75,0.00075
-37,4,2,100000,17,0.00017,77,0.00077
-37,4,3,100000,44,0.00044,84,0.00084
-37,4,4,100000,30,0.0003,66,0.00066
-37,4,5,100000,30,0.0003,79,0.00079
-37,5,0,100000,23,0.00023,73,0.00073
-37,5,1,100000,14,0.00014,59,0.00059
-37,5,2,100000,35,0.00035,72,0.00072
-37,5,3,100000,28,0.00028,57,0.00057
-37,5,4,100000,21,0.00021,84,0.00084
-37,5,5,100000,41,0.00041,80,0.0008
-37,6,0,100000,28,0.00028,73,0.00073
-37,6,1,100000,40,0.0004,79,0.00079
-37,6,2,100000,38,0.00038,82,0.00082
-37,6,3,100000,25,0.00025,65,0.00065
-37,6,4,100000,22,0.00022,68,0.00068
-37,6,5,100000,23,0.00023,62,0.00062
-37,7,0,100000,22,0.00022,64,0.00064
-37,7,1,100000,28,0.00028,71,0.00071
-37,7,2,100000,41,0.00041,70,0.0007
-37,7,3,100000,33,0.00033,78,0.00078
-37,7,4,100000,33,0.00033,63,0.00063
-37,7,5,100000,41,0.00041,84,0.00084
-37,8,0,100000,24,0.00024,79,0.00079
-37,8,1,100000,18,0.00018,66,0.00066
-37,8,2,100000,47,0.00047,71,0.00071
-37,8,3,100000,17,0.00017,53,0.00053
-37,8,4,100000,22,0.00022,68,0.00068
-37,8,5,100000,29,0.00029,63,0.00063
-37,9,0,100000,41,0.00041,92,0.00092
-37,9,1,100000,40,0.0004,68,0.00068
-37,9,2,100000,32,0.00032,76,0.00076
-37,9,3,100000,22,0.00022,61,0.00061
-37,9,4,100000,21,0.00021,76,0.00076
-37,9,5,100000,28,0.00028,79,0.00079
-37,10,0,100000,24,0.00024,66,0.00066
-37,10,1,100000,32,0.00032,69,0.00069
-37,10,2,100000,15,0.00015,61,0.00061
-37,10,3,100000,19,0.00019,71,0.00071
-37,10,4,100000,28,0.00028,74,0.00074
-37,10,5,100000,25,0.00025,68,0.00068
-37,11,0,100000,21,0.00021,69,0.00069
-37,11,1,100000,29,0.00029,61,0.00061
-37,11,2,100000,16,0.00016,62,0.00062
-37,11,3,100000,24,0.00024,80,0.0008
-37,11,4,100000,34,0.00034,71,0.00071
-37,11,5,100000,28,0.00028,76,0.00076
-37,12,0,100000,26,0.00026,65,0.00065
-37,12,1,100000,28,0.00028,57,0.00057
-37,12,2,100000,31,0.00031,66,0.00066
-37,12,3,100000,43,0.00043,70,0.0007
-37,12,4,100000,22,0.00022,74,0.00074
-37,12,5,100000,34,0.00034,81,0.00081
-37,13,0,100000,35,0.00035,83,0.00083
-37,13,1,100000,25,0.00025,86,0.00086
-37,13,2,100000,44,0.00044,72,0.00072
-37,13,3,100000,23,0.00023,76,0.00076
-37,13,4,100000,21,0.00021,59,0.00059
-37,13,5,100000,37,0.00037,66,0.00066
-37,14,0,100000,31,0.00031,73,0.00073
-37,14,1,100000,23,0.00023,73,0.00073
-37,14,2,100000,43,0.00043,71,0.00071
-37,14,3,100000,40,0.0004,82,0.00082
-37,14,4,100000,31,0.00031,64,0.00064
-37,14,5,100000,21,0.00021,71,0.00071
-37,15,0,100000,30,0.0003,69,0.00069
-37,15,1,100000,18,0.00018,71,0.00071
-37,15,2,100000,39,0.00039,74,0.00074
-37,15,3,100000,20,0.0002,66,0.00066
-37,15,4,100000,14,0.00014,49,0.00049
-37,15,5,100000,30,0.0003,82,0.00082
-37,16,0,100000,30,0.0003,83,0.00083
-37,16,1,100000,31,0.00031,72,0.00072
-37,16,2,100000,35,0.00035,88,0.00088
-37,16,3,100000,29,0.00029,74,0.00074
-37,16,4,100000,24,0.00024,83,0.00083
-37,16,5,100000,39,0.00039,79,0.00079
-37,17,0,100000,42,0.00042,72,0.00072
-37,17,1,100000,53,0.00053,82,0.00082
-37,17,2,100000,33,0.00033,64,0.00064
-37,17,3,100000,25,0.00025,65,0.00065
-37,17,4,100000,33,0.00033,73,0.00073
-37,17,5,100000,33,0.00033,58,0.00058
-37,18,0,100000,23,0.00023,59,0.00059
-37,18,1,100000,28,0.00028,64,0.00064
-37,18,2,100000,20,0.0002,72,0.00072
-37,18,3,100000,36,0.00036,63,0.00063
-37,18,4,100000,30,0.0003,61,0.00061
-37,18,5,100000,33,0.00033,71,0.00071
-37,19,0,100000,33,0.00033,73,0.00073
-37,19,1,100000,33,0.00033,77,0.00077
-37,19,2,100000,14,0.00014,57,0.00057
-37,19,3,100000,23,0.00023,70,0.0007
-37,19,4,100000,29,0.00029,88,0.00088
-37,19,5,100000,37,0.00037,88,0.00088
-37,20,0,100000,37,0.00037,74,0.00074
-37,20,1,100000,28,0.00028,59,0.00059
-37,20,2,100000,20,0.0002,56,0.00056
-37,20,3,100000,44,0.00044,68,0.00068
-37,20,4,100000,24,0.00024,64,0.00064
-37,20,5,100000,22,0.00022,60,0.0006
-37,21,0,100000,44,0.00044,76,0.00076
-37,21,1,100000,24,0.00024,59,0.00059
-37,21,2,100000,30,0.0003,77,0.00077
-37,21,3,100000,30,0.0003,93,0.00093
-37,21,4,100000,25,0.00025,70,0.0007
-37,21,5,100000,33,0.00033,69,0.00069
-37,22,0,100000,29,0.00029,82,0.00082
-37,22,1,100000,33,0.00033,80,0.0008
-37,22,2,100000,21,0.00021,75,0.00075
-37,22,3,100000,18,0.00018,68,0.00068
-37,22,4,100000,29,0.00029,57,0.00057
-37,22,5,100000,36,0.00036,80,0.0008
-37,23,0,100000,34,0.00034,85,0.00085
-37,23,1,100000,36,0.00036,82,0.00082
-37,23,2,100000,28,0.00028,74,0.00074
-37,23,3,100000,34,0.00034,75,0.00075
-37,23,4,100000,17,0.00017,79,0.00079
-37,23,5,100000,40,0.0004,80,0.0008
-37,24,0,100000,31,0.00031,76,0.00076
-37,24,1,100000,32,0.00032,78,0.00078
-37,24,2,100000,26,0.00026,72,0.00072
-37,24,3,100000,24,0.00024,91,0.00091
-37,24,4,100000,39,0.00039,83,0.00083
-37,24,5,100000,62,0.00062,83,0.00083
-37,25,0,100000,26,0.00026,67,0.00067
-37,25,1,100000,30,0.0003,69,0.00069
-37,25,2,100000,36,0.00036,90,0.0009
-37,25,3,100000,48,0.00048,77,0.00077
-37,25,4,100000,19,0.00019,76,0.00076
-37,25,5,100000,25,0.00025,58,0.00058
-37,26,0,100000,29,0.00029,79,0.00079
-37,26,1,100000,42,0.00042,84,0.00084
-37,26,2,100000,39,0.00039,71,0.00071
-37,26,3,100000,35,0.00035,77,0.00077
-37,26,4,100000,25,0.00025,61,0.00061
-37,26,5,100000,49,0.00049,81,0.00081
-37,27,0,100000,44,0.00044,89,0.00089
-37,27,1,100000,28,0.00028,74,0.00074
-37,27,2,100000,42,0.00042,83,0.00083
-37,27,3,100000,33,0.00033,72,0.00072
-37,27,4,100000,51,0.00051,90,0.0009
-37,27,5,100000,27,0.00027,73,0.00073
-37,28,0,100000,28,0.00028,85,0.00085
-37,28,1,100000,39,0.00039,68,0.00068
-37,28,2,100000,30,0.0003,67,0.00067
-37,28,3,100000,48,0.00048,79,0.00079
-37,28,4,100000,22,0.00022,78,0.00078
-37,28,5,100000,31,0.00031,73,0.00073
-37,29,0,100000,27,0.00027,79,0.00079
-37,29,1,100000,30,0.0003,69,0.00069
-37,29,2,100000,13,0.00013,60,0.0006
-37,29,3,100000,29,0.00029,77,0.00077
-37,29,4,100000,18,0.00018,61,0.00061
-37,29,5,100000,25,0.00025,71,0.00071
-37,30,0,100000,33,0.00033,69,0.00069
-37,30,1,100000,29,0.00029,68,0.00068
-37,30,2,100000,10,0.0001,68,0.00068
-37,30,3,100000,29,0.00029,74,0.00074
-37,30,4,100000,34,0.00034,69,0.00069
-37,30,5,100000,49,0.00049,73,0.00073
-37,31,0,100000,13,0.00013,64,0.00064
-37,31,1,100000,40,0.0004,64,0.00064
-37,31,2,100000,18,0.00018,77,0.00077
-37,31,3,100000,21,0.00021,62,0.00062
-37,31,4,100000,45,0.00045,79,0.00079
-37,31,5,100000,34,0.00034,72,0.00072
-37,32,0,100000,17,0.00017,67,0.00067
-37,32,1,100000,21,0.00021,70,0.0007
-37,32,2,100000,44,0.00044,70,0.0007
-37,32,3,100000,28,0.00028,61,0.00061
-37,32,4,100000,13,0.00013,65,0.00065
-37,32,5,100000,13,0.00013,57,0.00057
-37,33,0,100000,19,0.00019,68,0.00068
-37,33,1,100000,33,0.00033,83,0.00083
-37,33,2,100000,18,0.00018,70,0.0007
-37,33,3,100000,24,0.00024,77,0.00077
-37,33,4,100000,38,0.00038,78,0.00078
-37,33,5,100000,33,0.00033,78,0.00078
-37,34,0,100000,21,0.00021,70,0.0007
-37,34,1,100000,14,0.00014,69,0.00069
-37,34,2,100000,44,0.00044,70,0.0007
-37,34,3,100000,45,0.00045,75,0.00075
-37,34,4,100000,27,0.00027,59,0.00059
-37,34,5,100000,27,0.00027,74,0.00074
-37,35,0,100000,28,0.00028,92,0.00092
-37,35,1,100000,13,0.00013,68,0.00068
-37,35,2,100000,27,0.00027,60,0.0006
-37,35,3,100000,26,0.00026,67,0.00067
-37,35,4,100000,22,0.00022,71,0.00071
-37,35,5,100000,17,0.00017,73,0.00073
-37,36,0,100000,39,0.00039,60,0.0006
-37,36,1,100000,29,0.00029,68,0.00068
-37,36,2,100000,38,0.00038,80,0.0008
-37,36,3,100000,37,0.00037,67,0.00067
-37,36,4,100000,16,0.00016,63,0.00063
-37,36,5,100000,23,0.00023,68,0.00068
-37,37,0,100000,23,0.00023,68,0.00068
-37,37,1,100000,33,0.00033,70,0.0007
-37,37,2,100000,18,0.00018,61,0.00061
-37,37,3,100000,37,0.00037,77,0.00077
-37,37,4,100000,29,0.00029,72,0.00072
-37,37,5,100000,32,0.00032,55,0.00055
-37,38,0,100000,51,0.00051,84,0.00084
-37,38,1,100000,19,0.00019,64,0.00064
-37,38,2,100000,24,0.00024,62,0.00062
-37,38,3,100000,26,0.00026,76,0.00076
-37,38,4,100000,31,0.00031,77,0.00077
-37,38,5,100000,32,0.00032,70,0.0007
-37,39,0,100000,23,0.00023,68,0.00068
-37,39,1,100000,23,0.00023,54,0.00054
-37,39,2,100000,32,0.00032,70,0.0007
-37,39,3,100000,36,0.00036,62,0.00062
-37,39,4,100000,20,0.0002,69,0.00069
-37,39,5,100000,24,0.00024,55,0.00055
-37,40,0,100000,26,0.00026,80,0.0008
-37,40,1,100000,23,0.00023,65,0.00065
-37,40,2,100000,15,0.00015,69,0.00069
-37,40,3,100000,23,0.00023,68,0.00068
-37,40,4,100000,42,0.00042,85,0.00085
-37,40,5,100000,33,0.00033,76,0.00076
-37,41,0,100000,21,0.00021,73,0.00073
-37,41,1,100000,18,0.00018,66,0.00066
-37,41,2,100000,31,0.00031,81,0.00081
-37,41,3,100000,37,0.00037,79,0.00079
-37,41,4,100000,36,0.00036,83,0.00083
-37,41,5,100000,37,0.00037,70,0.0007
-37,42,0,100000,48,0.00048,65,0.00065
-37,42,1,100000,31,0.00031,67,0.00067
-37,42,2,100000,18,0.00018,66,0.00066
-37,42,3,100000,29,0.00029,68,0.00068
-37,42,4,100000,28,0.00028,65,0.00065
-37,42,5,100000,18,0.00018,57,0.00057
-37,43,0,100000,28,0.00028,66,0.00066
-37,43,1,100000,25,0.00025,66,0.00066
-37,43,2,100000,16,0.00016,57,0.00057
-37,43,3,100000,33,0.00033,74,0.00074
-37,43,4,100000,26,0.00026,82,0.00082
-37,43,5,100000,30,0.0003,79,0.00079
-37,44,0,100000,19,0.00019,72,0.00072
-37,44,1,100000,21,0.00021,59,0.00059
-37,44,2,100000,19,0.00019,67,0.00067
-37,44,3,100000,41,0.00041,75,0.00075
-37,44,4,100000,14,0.00014,57,0.00057
-37,44,5,100000,35,0.00035,82,0.00082
-37,45,0,100000,47,0.00047,69,0.00069
-37,45,1,100000,29,0.00029,78,0.00078
-37,45,2,100000,31,0.00031,61,0.00061
-37,45,3,100000,28,0.00028,67,0.00067
-37,45,4,100000,22,0.00022,71,0.00071
-37,45,5,100000,21,0.00021,64,0.00064
-37,46,0,100000,30,0.0003,84,0.00084
-37,46,1,100000,23,0.00023,77,0.00077
-37,46,2,100000,34,0.00034,62,0.00062
-37,46,3,100000,45,0.00045,74,0.00074
-37,46,4,100000,45,0.00045,74,0.00074
-37,46,5,100000,16,0.00016,60,0.0006
-37,47,0,100000,33,0.00033,71,0.00071
-37,47,1,100000,35,0.00035,82,0.00082
-37,47,2,100000,28,0.00028,74,0.00074
-37,47,3,100000,19,0.00019,58,0.00058
-37,47,4,100000,31,0.00031,78,0.00078
-37,47,5,100000,20,0.0002,68,0.00068
-37,48,0,100000,41,0.00041,68,0.00068
-37,48,1,100000,39,0.00039,80,0.0008
-37,48,2,100000,25,0.00025,66,0.00066
-37,48,3,100000,50,0.0005,75,0.00075
-37,48,4,100000,22,0.00022,80,0.0008
-37,48,5,100000,32,0.00032,80,0.0008
-37,49,0,100000,35,0.00035,66,0.00066
-37,49,1,100000,38,0.00038,75,0.00075
-37,49,2,100000,41,0.00041,70,0.0007
-37,49,3,100000,23,0.00023,60,0.0006
-37,49,4,100000,31,0.00031,81,0.00081
-37,49,5,100000,20,0.0002,77,0.00077
-37,50,0,100000,14,0.00014,70,0.0007
-37,50,1,100000,32,0.00032,85,0.00085
-37,50,2,100000,29,0.00029,70,0.0007
-37,50,3,100000,32,0.00032,63,0.00063
-37,50,4,100000,27,0.00027,65,0.00065
-37,50,5,100000,17,0.00017,67,0.00067
-36,-50,0,100000,16,0.00016,69,0.00069
-36,-50,1,100000,38,0.00038,76,0.00076
-36,-50,2,100000,33,0.00033,68,0.00068
-36,-50,3,100000,24,0.00024,74,0.00074
-36,-50,4,100000,20,0.0002,57,0.00057
-36,-50,5,100000,23,0.00023,57,0.00057
-36,-49,0,100000,41,0.00041,67,0.00067
-36,-49,1,100000,36,0.00036,72,0.00072
-36,-49,2,100000,54,0.00054,71,0.00071
-36,-49,3,100000,15,0.00015,66,0.00066
-36,-49,4,100000,21,0.00021,61,0.00061
-36,-49,5,100000,42,0.00042,91,0.00091
-36,-48,0,100000,40,0.0004,61,0.00061
-36,-48,1,100000,35,0.00035,86,0.00086
-36,-48,2,100000,30,0.0003,69,0.00069
-36,-48,3,100000,27,0.00027,66,0.00066
-36,-48,4,100000,29,0.00029,65,0.00065
-36,-48,5,100000,27,0.00027,85,0.00085
-36,-47,0,100000,27,0.00027,60,0.0006
-36,-47,1,100000,29,0.00029,55,0.00055
-36,-47,2,100000,30,0.0003,68,0.00068
-36,-47,3,100000,34,0.00034,67,0.00067
-36,-47,4,100000,27,0.00027,68,0.00068
-36,-47,5,100000,28,0.00028,74,0.00074
-36,-46,0,100000,28,0.00028,81,0.00081
-36,-46,1,100000,21,0.00021,87,0.00087
-36,-46,2,100000,41,0.00041,68,0.00068
-36,-46,3,100000,32,0.00032,78,0.00078
-36,-46,4,100000,27,0.00027,71,0.00071
-36,-46,5,100000,26,0.00026,69,0.00069
-36,-45,0,100000,25,0.00025,85,0.00085
-36,-45,1,100000,25,0.00025,62,0.00062
-36,-45,2,100000,24,0.00024,78,0.00078
-36,-45,3,100000,19,0.00019,73,0.00073
-36,-45,4,100000,31,0.00031,78,0.00078
-36,-45,5,100000,28,0.00028,68,0.00068
-36,-44,0,100000,26,0.00026,77,0.00077
-36,-44,1,100000,22,0.00022,59,0.00059
-36,-44,2,100000,39,0.00039,82,0.00082
-36,-44,3,100000,35,0.00035,63,0.00063
-36,-44,4,100000,29,0.00029,79,0.00079
-36,-44,5,100000,29,0.00029,71,0.00071
-36,-43,0,100000,24,0.00024,72,0.00072
-36,-43,1,100000,17,0.00017,74,0.00074
-36,-43,2,100000,32,0.00032,84,0.00084
-36,-43,3,100000,37,0.00037,77,0.00077
-36,-43,4,100000,33,0.00033,85,0.00085
-36,-43,5,100000,20,0.0002,66,0.00066
-36,-42,0,100000,21,0.00021,75,0.00075
-36,-42,1,100000,17,0.00017,61,0.00061
-36,-42,2,100000,26,0.00026,71,0.00071
-36,-42,3,100000,19,0.00019,61,0.00061
-36,-42,4,100000,35,0.00035,76,0.00076
-36,-42,5,100000,41,0.00041,64,0.00064
-36,-41,0,100000,19,0.00019,88,0.00088
-36,-41,1,100000,37,0.00037,80,0.0008
-36,-41,2,100000,34,0.00034,71,0.00071
-36,-41,3,100000,40,0.0004,76,0.00076
-36,-41,4,100000,30,0.0003,68,0.00068
-36,-41,5,100000,19,0.00019,50,0.0005
-36,-40,0,100000,35,0.00035,69,0.00069
-36,-40,1,100000,19,0.00019,76,0.00076
-36,-40,2,100000,31,0.00031,72,0.00072
-36,-40,3,100000,48,0.00048,65,0.00065
-36,-40,4,100000,31,0.00031,62,0.00062
-36,-40,5,100000,28,0.00028,78,0.00078
-36,-39,0,100000,15,0.00015,66,0.00066
-36,-39,1,100000,17,0.00017,79,0.00079
-36,-39,2,100000,15,0.00015,61,0.00061
-36,-39,3,100000,33,0.00033,74,0.00074
-36,-39,4,100000,31,0.00031,64,0.00064
-36,-39,5,100000,23,0.00023,83,0.00083
-36,-38,0,100000,29,0.00029,64,0.00064
-36,-38,1,100000,23,0.00023,70,0.0007
-36,-38,2,100000,30,0.0003,77,0.00077
-36,-38,3,100000,52,0.00052,72,0.00072
-36,-38,4,100000,44,0.00044,75,0.00075
-36,-38,5,100000,16,0.00016,66,0.00066
-36,-37,0,100000,29,0.00029,69,0.00069
-36,-37,1,100000,31,0.00031,67,0.00067
-36,-37,2,100000,39,0.00039,74,0.00074
-36,-37,3,100000,23,0.00023,69,0.00069
-36,-37,4,100000,38,0.00038,72,0.00072
-36,-37,5,100000,20,0.0002,75,0.00075
-36,-36,0,100000,31,0.00031,72,0.00072
-36,-36,1,100000,54,0.00054,97,0.00097
-36,-36,2,100000,27,0.00027,68,0.00068
-36,-36,3,100000,32,0.00032,71,0.00071
-36,-36,4,100000,40,0.0004,83,0.00083
-36,-36,5,100000,15,0.00015,66,0.00066
-36,-35,0,100000,14,0.00014,64,0.00064
-36,-35,1,100000,42,0.00042,66,0.00066
-36,-35,2,100000,49,0.00049,85,0.00085
-36,-35,3,100000,19,0.00019,62,0.00062
-36,-35,4,100000,22,0.00022,61,0.00061
-36,-35,5,100000,36,0.00036,68,0.00068
-36,-34,0,100000,31,0.00031,98,0.00098
-36,-34,1,100000,21,0.00021,71,0.00071
-36,-34,2,100000,20,0.0002,63,0.00063
-36,-34,3,100000,33,0.00033,69,0.00069
-36,-34,4,100000,29,0.00029,58,0.00058
-36,-34,5,100000,30,0.0003,74,0.00074
-36,-33,0,100000,35,0.00035,79,0.00079
-36,-33,1,100000,41,0.00041,82,0.00082
-36,-33,2,100000,20,0.0002,60,0.0006
-36,-33,3,100000,38,0.00038,80,0.0008
-36,-33,4,100000,17,0.00017,75,0.00075
-36,-33,5,100000,31,0.00031,68,0.00068
-36,-32,0,100000,36,0.00036,72,0.00072
-36,-32,1,100000,39,0.00039,73,0.00073
-36,-32,2,100000,17,0.00017,67,0.00067
-36,-32,3,100000,28,0.00028,66,0.00066
-36,-32,4,100000,19,0.00019,69,0.00069
-36,-32,5,100000,26,0.00026,79,0.00079
-36,-31,0,100000,36,0.00036,75,0.00075
-36,-31,1,100000,15,0.00015,58,0.00058
-36,-31,2,100000,22,0.00022,75,0.00075
-36,-31,3,100000,23,0.00023,65,0.00065
-36,-31,4,100000,39,0.00039,77,0.00077
-36,-31,5,100000,21,0.00021,69,0.00069
-36,-30,0,100000,39,0.00039,72,0.00072
-36,-30,1,100000,48,0.00048,75,0.00075
-36,-30,2,100000,36,0.00036,71,0.00071
-36,-30,3,100000,18,0.00018,70,0.0007
-36,-30,4,100000,25,0.00025,77,0.00077
-36,-30,5,100000,46,0.00046,66,0.00066
-36,-29,0,100000,42,0.00042,80,0.0008
-36,-29,1,100000,42,0.00042,72,0.00072
-36,-29,2,100000,21,0.00021,66,0.00066
-36,-29,3,100000,39,0.00039,81,0.00081
-36,-29,4,100000,17,0.00017,74,0.00074
-36,-29,5,100000,14,0.00014,62,0.00062
-36,-28,0,100000,24,0.00024,92,0.00092
-36,-28,1,100000,22,0.00022,79,0.00079
-36,-28,2,100000,15,0.00015,71,0.00071
-36,-28,3,100000,45,0.00045,69,0.00069
-36,-28,4,100000,27,0.00027,69,0.00069
-36,-28,5,100000,42,0.00042,74,0.00074
-36,-27,0,100000,35,0.00035,74,0.00074
-36,-27,1,100000,40,0.0004,75,0.00075
-36,-27,2,100000,25,0.00025,86,0.00086
-36,-27,3,100000,28,0.00028,81,0.00081
-36,-27,4,100000,21,0.00021,62,0.00062
-36,-27,5,100000,37,0.00037,78,0.00078
-36,-26,0,100000,16,0.00016,87,0.00087
-36,-26,1,100000,32,0.00032,64,0.00064
-36,-26,2,100000,25,0.00025,80,0.0008
-36,-26,3,100000,41,0.00041,80,0.0008
-36,-26,4,100000,28,0.00028,70,0.0007
-36,-26,5,100000,30,0.0003,66,0.00066
-36,-25,0,100000,35,0.00035,91,0.00091
-36,-25,1,100000,42,0.00042,85,0.00085
-36,-25,2,100000,19,0.00019,71,0.00071
-36,-25,3,100000,36,0.00036,86,0.00086
-36,-25,4,100000,23,0.00023,72,0.00072
-36,-25,5,100000,28,0.00028,74,0.00074
-36,-24,0,100000,45,0.00045,73,0.00073
-36,-24,1,100000,47,0.00047,82,0.00082
-36,-24,2,100000,34,0.00034,81,0.00081
-36,-24,3,100000,30,0.0003,77,0.00077
-36,-24,4,100000,19,0.00019,74,0.00074
-36,-24,5,100000,25,0.00025,76,0.00076
-36,-23,0,100000,52,0.00052,83,0.00083
-36,-23,1,100000,24,0.00024,63,0.00063
-36,-23,2,100000,15,0.00015,64,0.00064
-36,-23,3,100000,26,0.00026,73,0.00073
-36,-23,4,100000,37,0.00037,79,0.00079
-36,-23,5,100000,30,0.0003,73,0.00073
-36,-22,0,100000,40,0.0004,75,0.00075
-36,-22,1,100000,26,0.00026,78,0.00078
-36,-22,2,100000,36,0.00036,105,0.00105
-36,-22,3,100000,34,0.00034,88,0.00088
-36,-22,4,100000,33,0.00033,73,0.00073
-36,-22,5,100000,36,0.00036,76,0.00076
-36,-21,0,100000,33,0.00033,87,0.00087
-36,-21,1,100000,26,0.00026,83,0.00083
-36,-21,2,100000,34,0.00034,68,0.00068
-36,-21,3,100000,42,0.00042,83,0.00083
-36,-21,4,100000,20,0.0002,81,0.00081
-36,-21,5,100000,40,0.0004,67,0.00067
-36,-20,0,100000,27,0.00027,69,0.00069
-36,-20,1,100000,30,0.0003,63,0.00063
-36,-20,2,100000,37,0.00037,68,0.00068
-36,-20,3,100000,25,0.00025,76,0.00076
-36,-20,4,100000,32,0.00032,62,0.00062
-36,-20,5,100000,34,0.00034,66,0.00066
-36,-19,0,100000,31,0.00031,75,0.00075
-36,-19,1,100000,23,0.00023,69,0.00069
-36,-19,2,100000,25,0.00025,62,0.00062
-36,-19,3,100000,40,0.0004,69,0.00069
-36,-19,4,100000,37,0.00037,87,0.00087
-36,-19,5,100000,30,0.0003,70,0.0007
-36,-18,0,100000,22,0.00022,63,0.00063
-36,-18,1,100000,22,0.00022,68,0.00068
-36,-18,2,100000,23,0.00023,64,0.00064
-36,-18,3,100000,19,0.00019,68,0.00068
-36,-18,4,100000,28,0.00028,69,0.00069
-36,-18,5,100000,45,0.00045,66,0.00066
-36,-17,0,100000,24,0.00024,65,0.00065
-36,-17,1,100000,19,0.00019,69,0.00069
-36,-17,2,100000,19,0.00019,69,0.00069
-36,-17,3,100000,30,0.0003,80,0.0008
-36,-17,4,100000,24,0.00024,65,0.00065
-36,-17,5,100000,36,0.00036,68,0.00068
-36,-16,0,100000,36,0.00036,60,0.0006
-36,-16,1,100000,26,0.00026,74,0.00074
-36,-16,2,100000,26,0.00026,72,0.00072
-36,-16,3,100000,29,0.00029,79,0.00079
-36,-16,4,100000,60,0.0006,85,0.00085
-36,-16,5,100000,42,0.00042,82,0.00082
-36,-15,0,100000,32,0.00032,85,0.00085
-36,-15,1,100000,40,0.0004,68,0.00068
-36,-15,2,100000,32,0.00032,68,0.00068
-36,-15,3,100000,43,0.00043,74,0.00074
-36,-15,4,100000,26,0.00026,69,0.00069
-36,-15,5,100000,23,0.00023,82,0.00082
-36,-14,0,100000,31,0.00031,74,0.00074
-36,-14,1,100000,27,0.00027,84,0.00084
-36,-14,2,100000,40,0.0004,79,0.00079
-36,-14,3,100000,47,0.00047,92,0.00092
-36,-14,4,100000,37,0.00037,79,0.00079
-36,-14,5,100000,15,0.00015,73,0.00073
-36,-13,0,100000,29,0.00029,69,0.00069
-36,-13,1,100000,41,0.00041,87,0.00087
-36,-13,2,100000,29,0.00029,76,0.00076
-36,-13,3,100000,22,0.00022,64,0.00064
-36,-13,4,100000,38,0.00038,70,0.0007
-36,-13,5,100000,21,0.00021,80,0.0008
-36,-12,0,100000,31,0.00031,69,0.00069
-36,-12,1,100000,24,0.00024,73,0.00073
-36,-12,2,100000,22,0.00022,64,0.00064
-36,-12,3,100000,27,0.00027,69,0.00069
-36,-12,4,100000,23,0.00023,74,0.00074
-36,-12,5,100000,21,0.00021,60,0.0006
-36,-11,0,100000,16,0.00016,71,0.00071
-36,-11,1,100000,28,0.00028,70,0.0007
-36,-11,2,100000,28,0.00028,68,0.00068
-36,-11,3,100000,30,0.0003,77,0.00077
-36,-11,4,100000,23,0.00023,73,0.00073
-36,-11,5,100000,14,0.00014,66,0.00066
-36,-10,0,100000,48,0.00048,71,0.00071
-36,-10,1,100000,28,0.00028,68,0.00068
-36,-10,2,100000,40,0.0004,87,0.00087
-36,-10,3,100000,39,0.00039,69,0.00069
-36,-10,4,100000,32,0.00032,68,0.00068
-36,-10,5,100000,33,0.00033,66,0.00066
-36,-9,0,100000,31,0.00031,79,0.00079
-36,-9,1,100000,20,0.0002,62,0.00062
-36,-9,2,100000,24,0.00024,66,0.00066
-36,-9,3,100000,36,0.00036,80,0.0008
-36,-9,4,100000,38,0.00038,61,0.00061
-36,-9,5,100000,25,0.00025,70,0.0007
-36,-8,0,100000,37,0.00037,64,0.00064
-36,-8,1,100000,33,0.00033,63,0.00063
-36,-8,2,100000,34,0.00034,82,0.00082
-36,-8,3,100000,29,0.00029,71,0.00071
-36,-8,4,100000,34,0.00034,80,0.0008
-36,-8,5,100000,52,0.00052,75,0.00075
-36,-7,0,100000,10,0.0001,69,0.00069
-36,-7,1,100000,35,0.00035,78,0.00078
-36,-7,2,100000,20,0.0002,65,0.00065
-36,-7,3,100000,27,0.00027,68,0.00068
-36,-7,4,100000,28,0.00028,73,0.00073
-36,-7,5,100000,37,0.00037,77,0.00077
-36,-6,0,100000,28,0.00028,76,0.00076
-36,-6,1,100000,30,0.0003,71,0.00071
-36,-6,2,100000,34,0.00034,81,0.00081
-36,-6,3,100000,36,0.00036,74,0.00074
-36,-6,4,100000,50,0.0005,90,0.0009
-36,-6,5,100000,15,0.00015,71,0.00071
-36,-5,0,100000,49,0.00049,71,0.00071
-36,-5,1,100000,35,0.00035,75,0.00075
-36,-5,2,100000,14,0.00014,75,0.00075
-36,-5,3,100000,26,0.00026,65,0.00065
-36,-5,4,100000,32,0.00032,68,0.00068
-36,-5,5,100000,54,0.00054,79,0.00079
-36,-4,0,100000,24,0.00024,65,0.00065
-36,-4,1,100000,16,0.00016,66,0.00066
-36,-4,2,100000,17,0.00017,62,0.00062
-36,-4,3,100000,48,0.00048,76,0.00076
-36,-4,4,100000,23,0.00023,79,0.00079
-36,-4,5,100000,34,0.00034,71,0.00071
-36,-3,0,100000,18,0.00018,70,0.0007
-36,-3,1,100000,26,0.00026,79,0.00079
-36,-3,2,100000,28,0.00028,70,0.0007
-36,-3,3,100000,20,0.0002,73,0.00073
-36,-3,4,100000,27,0.00027,71,0.00071
-36,-3,5,100000,13,0.00013,75,0.00075
-36,-2,0,100000,21,0.00021,76,0.00076
-36,-2,1,100000,50,0.0005,73,0.00073
-36,-2,2,100000,19,0.00019,70,0.0007
-36,-2,3,100000,27,0.00027,59,0.00059
-36,-2,4,100000,17,0.00017,49,0.00049
-36,-2,5,100000,22,0.00022,71,0.00071
-36,-1,0,100000,35,0.00035,83,0.00083
-36,-1,1,100000,35,0.00035,90,0.0009
-36,-1,2,100000,39,0.00039,77,0.00077
-36,-1,3,100000,30,0.0003,73,0.00073
-36,-1,4,100000,19,0.00019,78,0.00078
-36,-1,5,100000,30,0.0003,69,0.00069
-36,0,0,100000,18,0.00018,71,0.00071
-36,0,1,100000,22,0.00022,69,0.00069
-36,0,2,100000,33,0.00033,83,0.00083
-36,0,3,100000,33,0.00033,71,0.00071
-36,0,4,100000,12,0.00012,70,0.0007
-36,0,5,100000,34,0.00034,63,0.00063
-36,1,0,100000,41,0.00041,82,0.00082
-36,1,1,100000,22,0.00022,65,0.00065
-36,1,2,100000,27,0.00027,63,0.00063
-36,1,3,100000,26,0.00026,72,0.00072
-36,1,4,100000,29,0.00029,65,0.00065
-36,1,5,100000,39,0.00039,80,0.0008
-36,2,0,100000,19,0.00019,67,0.00067
-36,2,1,100000,21,0.00021,64,0.00064
-36,2,2,100000,25,0.00025,81,0.00081
-36,2,3,100000,21,0.00021,67,0.00067
-36,2,4,100000,44,0.00044,77,0.00077
-36,2,5,100000,36,0.00036,89,0.00089
-36,3,0,100000,23,0.00023,80,0.0008
-36,3,1,100000,31,0.00031,72,0.00072
-36,3,2,100000,17,0.00017,62,0.00062
-36,3,3,100000,14,0.00014,79,0.00079
-36,3,4,100000,37,0.00037,72,0.00072
-36,3,5,100000,15,0.00015,62,0.00062
-36,4,0,100000,37,0.00037,69,0.00069
-36,4,1,100000,32,0.00032,71,0.00071
-36,4,2,100000,28,0.00028,73,0.00073
-36,4,3,100000,51,0.00051,74,0.00074
-36,4,4,100000,40,0.0004,79,0.00079
-36,4,5,100000,22,0.00022,64,0.00064
-36,5,0,100000,38,0.00038,77,0.00077
-36,5,1,100000,21,0.00021,61,0.00061
-36,5,2,100000,25,0.00025,75,0.00075
-36,5,3,100000,28,0.00028,78,0.00078
-36,5,4,100000,36,0.00036,78,0.00078
-36,5,5,100000,21,0.00021,72,0.00072
-36,6,0,100000,27,0.00027,77,0.00077
-36,6,1,100000,33,0.00033,63,0.00063
-36,6,2,100000,23,0.00023,67,0.00067
-36,6,3,100000,21,0.00021,68,0.00068
-36,6,4,100000,43,0.00043,59,0.00059
-36,6,5,100000,41,0.00041,90,0.0009
-36,7,0,100000,29,0.00029,74,0.00074
-36,7,1,100000,37,0.00037,77,0.00077
-36,7,2,100000,31,0.00031,78,0.00078
-36,7,3,100000,31,0.00031,66,0.00066
-36,7,4,100000,43,0.00043,78,0.00078
-36,7,5,100000,43,0.00043,65,0.00065
-36,8,0,100000,29,0.00029,71,0.00071
-36,8,1,100000,28,0.00028,72,0.00072
-36,8,2,100000,29,0.00029,74,0.00074
-36,8,3,100000,14,0.00014,60,0.0006
-36,8,4,100000,30,0.0003,71,0.00071
-36,8,5,100000,20,0.0002,66,0.00066
-36,9,0,100000,26,0.00026,70,0.0007
-36,9,1,100000,32,0.00032,60,0.0006
-36,9,2,100000,17,0.00017,56,0.00056
-36,9,3,100000,34,0.00034,73,0.00073
-36,9,4,100000,31,0.00031,69,0.00069
-36,9,5,100000,29,0.00029,80,0.0008
-36,10,0,100000,26,0.00026,72,0.00072
-36,10,1,100000,34,0.00034,81,0.00081
-36,10,2,100000,22,0.00022,64,0.00064
-36,10,3,100000,26,0.00026,81,0.00081
-36,10,4,100000,29,0.00029,83,0.00083
-36,10,5,100000,37,0.00037,78,0.00078
-36,11,0,100000,45,0.00045,83,0.00083
-36,11,1,100000,28,0.00028,80,0.0008
-36,11,2,100000,31,0.00031,80,0.0008
-36,11,3,100000,35,0.00035,75,0.00075
-36,11,4,100000,28,0.00028,88,0.00088
-36,11,5,100000,45,0.00045,83,0.00083
-36,12,0,100000,43,0.00043,98,0.00098
-36,12,1,100000,26,0.00026,80,0.0008
-36,12,2,100000,19,0.00019,64,0.00064
-36,12,3,100000,53,0.00053,83,0.00083
-36,12,4,100000,41,0.00041,65,0.00065
-36,12,5,100000,32,0.00032,64,0.00064
-36,13,0,100000,53,0.00053,78,0.00078
-36,13,1,100000,52,0.00052,94,0.00094
-36,13,2,100000,29,0.00029,65,0.00065
-36,13,3,100000,51,0.00051,87,0.00087
-36,13,4,100000,45,0.00045,75,0.00075
-36,13,5,100000,28,0.00028,67,0.00067
-36,14,0,100000,23,0.00023,74,0.00074
-36,14,1,100000,27,0.00027,66,0.00066
-36,14,2,100000,33,0.00033,65,0.00065
-36,14,3,100000,42,0.00042,87,0.00087
-36,14,4,100000,28,0.00028,86,0.00086
-36,14,5,100000,37,0.00037,77,0.00077
-36,15,0,100000,21,0.00021,51,0.00051
-36,15,1,100000,28,0.00028,81,0.00081
-36,15,2,100000,29,0.00029,62,0.00062
-36,15,3,100000,34,0.00034,70,0.0007
-36,15,4,100000,23,0.00023,71,0.00071
-36,15,5,100000,37,0.00037,75,0.00075
-36,16,0,100000,33,0.00033,78,0.00078
-36,16,1,100000,36,0.00036,78,0.00078
-36,16,2,100000,34,0.00034,64,0.00064
-36,16,3,100000,36,0.00036,68,0.00068
-36,16,4,100000,28,0.00028,77,0.00077
-36,16,5,100000,29,0.00029,69,0.00069
-36,17,0,100000,20,0.0002,53,0.00053
-36,17,1,100000,9,9e-05,52,0.00052
-36,17,2,100000,31,0.00031,63,0.00063
-36,17,3,100000,21,0.00021,63,0.00063
-36,17,4,100000,22,0.00022,71,0.00071
-36,17,5,100000,32,0.00032,79,0.00079
-36,18,0,100000,17,0.00017,76,0.00076
-36,18,1,100000,46,0.00046,70,0.0007
-36,18,2,100000,25,0.00025,68,0.00068
-36,18,3,100000,21,0.00021,66,0.00066
-36,18,4,100000,34,0.00034,78,0.00078
-36,18,5,100000,50,0.0005,93,0.00093
-36,19,0,100000,26,0.00026,87,0.00087
-36,19,1,100000,29,0.00029,74,0.00074
-36,19,2,100000,37,0.00037,69,0.00069
-36,19,3,100000,21,0.00021,64,0.00064
-36,19,4,100000,25,0.00025,66,0.00066
-36,19,5,100000,23,0.00023,82,0.00082
-36,20,0,100000,63,0.00063,76,0.00076
-36,20,1,100000,25,0.00025,70,0.0007
-36,20,2,100000,26,0.00026,81,0.00081
-36,20,3,100000,36,0.00036,78,0.00078
-36,20,4,100000,51,0.00051,83,0.00083
-36,20,5,100000,23,0.00023,92,0.00092
-36,21,0,100000,32,0.00032,78,0.00078
-36,21,1,100000,13,0.00013,66,0.00066
-36,21,2,100000,17,0.00017,68,0.00068
-36,21,3,100000,23,0.00023,74,0.00074
-36,21,4,100000,43,0.00043,85,0.00085
-36,21,5,100000,20,0.0002,80,0.0008
-36,22,0,100000,38,0.00038,67,0.00067
-36,22,1,100000,40,0.0004,67,0.00067
-36,22,2,100000,26,0.00026,74,0.00074
-36,22,3,100000,22,0.00022,69,0.00069
-36,22,4,100000,26,0.00026,75,0.00075
-36,22,5,100000,32,0.00032,71,0.00071
-36,23,0,100000,16,0.00016,64,0.00064
-36,23,1,100000,37,0.00037,84,0.00084
-36,23,2,100000,34,0.00034,70,0.0007
-36,23,3,100000,16,0.00016,65,0.00065
-36,23,4,100000,13,0.00013,69,0.00069
-36,23,5,100000,45,0.00045,75,0.00075
-36,24,0,100000,36,0.00036,66,0.00066
-36,24,1,100000,25,0.00025,78,0.00078
-36,24,2,100000,24,0.00024,80,0.0008
-36,24,3,100000,36,0.00036,72,0.00072
-36,24,4,100000,28,0.00028,72,0.00072
-36,24,5,100000,22,0.00022,74,0.00074
-36,25,0,100000,34,0.00034,69,0.00069
-36,25,1,100000,37,0.00037,65,0.00065
-36,25,2,100000,9,9e-05,61,0.00061
-36,25,3,100000,22,0.00022,63,0.00063
-36,25,4,100000,38,0.00038,80,0.0008
-36,25,5,100000,33,0.00033,66,0.00066
-36,26,0,100000,24,0.00024,74,0.00074
-36,26,1,100000,33,0.00033,76,0.00076
-36,26,2,100000,23,0.00023,82,0.00082
-36,26,3,100000,20,0.0002,81,0.00081
-36,26,4,100000,31,0.00031,79,0.00079
-36,26,5,100000,35,0.00035,81,0.00081
-36,27,0,100000,40,0.0004,71,0.00071
-36,27,1,100000,33,0.00033,69,0.00069
-36,27,2,100000,20,0.0002,57,0.00057
-36,27,3,100000,25,0.00025,78,0.00078
-36,27,4,100000,18,0.00018,60,0.0006
-36,27,5,100000,29,0.00029,57,0.00057
-36,28,0,100000,27,0.00027,77,0.00077
-36,28,1,100000,26,0.00026,66,0.00066
-36,28,2,100000,28,0.00028,63,0.00063
-36,28,3,100000,38,0.00038,85,0.00085
-36,28,4,100000,35,0.00035,82,0.00082
-36,28,5,100000,40,0.0004,86,0.00086
-36,29,0,100000,14,0.00014,64,0.00064
-36,29,1,100000,39,0.00039,66,0.00066
-36,29,2,100000,38,0.00038,61,0.00061
-36,29,3,100000,30,0.0003,67,0.00067
-36,29,4,100000,33,0.00033,72,0.00072
-36,29,5,100000,37,0.00037,75,0.00075
-36,30,0,100000,20,0.0002,74,0.00074
-36,30,1,100000,27,0.00027,68,0.00068
-36,30,2,100000,29,0.00029,75,0.00075
-36,30,3,100000,26,0.00026,77,0.00077
-36,30,4,100000,20,0.0002,74,0.00074
-36,30,5,100000,21,0.00021,78,0.00078
-36,31,0,100000,15,0.00015,72,0.00072
-36,31,1,100000,38,0.00038,60,0.0006
-36,31,2,100000,12,0.00012,64,0.00064
-36,31,3,100000,27,0.00027,72,0.00072
-36,31,4,100000,34,0.00034,74,0.00074
-36,31,5,100000,12,0.00012,62,0.00062
-36,32,0,100000,29,0.00029,73,0.00073
-36,32,1,100000,38,0.00038,65,0.00065
-36,32,2,100000,29,0.00029,66,0.00066
-36,32,3,100000,25,0.00025,65,0.00065
-36,32,4,100000,41,0.00041,79,0.00079
-36,32,5,100000,28,0.00028,64,0.00064
-36,33,0,100000,15,0.00015,59,0.00059
-36,33,1,100000,29,0.00029,73,0.00073
-36,33,2,100000,18,0.00018,62,0.00062
-36,33,3,100000,30,0.0003,81,0.00081
-36,33,4,100000,23,0.00023,61,0.00061
-36,33,5,100000,18,0.00018,74,0.00074
-36,34,0,100000,33,0.00033,76,0.00076
-36,34,1,100000,34,0.00034,63,0.00063
-36,34,2,100000,30,0.0003,64,0.00064
-36,34,3,100000,22,0.00022,67,0.00067
-36,34,4,100000,18,0.00018,66,0.00066
-36,34,5,100000,22,0.00022,74,0.00074
-36,35,0,100000,37,0.00037,83,0.00083
-36,35,1,100000,30,0.0003,74,0.00074
-36,35,2,100000,26,0.00026,70,0.0007
-36,35,3,100000,16,0.00016,53,0.00053
-36,35,4,100000,26,0.00026,68,0.00068
-36,35,5,100000,53,0.00053,70,0.0007
-36,36,0,100000,23,0.00023,73,0.00073
-36,36,1,100000,20,0.0002,63,0.00063
-36,36,2,100000,23,0.00023,74,0.00074
-36,36,3,100000,33,0.00033,73,0.00073
-36,36,4,100000,25,0.00025,71,0.00071
-36,36,5,100000,23,0.00023,94,0.00094
-36,37,0,100000,35,0.00035,84,0.00084
-36,37,1,100000,37,0.00037,89,0.00089
-36,37,2,100000,27,0.00027,62,0.00062
-36,37,3,100000,31,0.00031,73,0.00073
-36,37,4,100000,22,0.00022,72,0.00072
-36,37,5,100000,36,0.00036,83,0.00083
-36,38,0,100000,33,0.00033,66,0.00066
-36,38,1,100000,40,0.0004,81,0.00081
-36,38,2,100000,33,0.00033,75,0.00075
-36,38,3,100000,30,0.0003,70,0.0007
-36,38,4,100000,29,0.00029,78,0.00078
-36,38,5,100000,18,0.00018,57,0.00057
-36,39,0,100000,28,0.00028,69,0.00069
-36,39,1,100000,38,0.00038,82,0.00082
-36,39,2,100000,35,0.00035,84,0.00084
-36,39,3,100000,25,0.00025,69,0.00069
-36,39,4,100000,19,0.00019,67,0.00067
-36,39,5,100000,33,0.00033,77,0.00077
-36,40,0,100000,33,0.00033,66,0.00066
-36,40,1,100000,34,0.00034,74,0.00074
-36,40,2,100000,23,0.00023,67,0.00067
-36,40,3,100000,27,0.00027,74,0.00074
-36,40,4,100000,42,0.00042,77,0.00077
-36,40,5,100000,38,0.00038,72,0.00072
-36,41,0,100000,46,0.00046,66,0.00066
-36,41,1,100000,32,0.00032,59,0.00059
-36,41,2,100000,20,0.0002,66,0.00066
-36,41,3,100000,43,0.00043,58,0.00058
-36,41,4,100000,27,0.00027,69,0.00069
-36,41,5,100000,32,0.00032,60,0.0006
-36,42,0,100000,43,0.00043,82,0.00082
-36,42,1,100000,13,0.00013,63,0.00063
-36,42,2,100000,38,0.00038,72,0.00072
-36,42,3,100000,45,0.00045,75,0.00075
-36,42,4,100000,37,0.00037,73,0.00073
-36,42,5,100000,34,0.00034,73,0.00073
-36,43,0,100000,29,0.00029,54,0.00054
-36,43,1,100000,25,0.00025,63,0.00063
-36,43,2,100000,35,0.00035,85,0.00085
-36,43,3,100000,41,0.00041,80,0.0008
-36,43,4,100000,19,0.00019,72,0.00072
-36,43,5,100000,30,0.0003,63,0.00063
-36,44,0,100000,21,0.00021,74,0.00074
-36,44,1,100000,24,0.00024,68,0.00068
-36,44,2,100000,17,0.00017,64,0.00064
-36,44,3,100000,11,0.00011,79,0.00079
-36,44,4,100000,39,0.00039,84,0.00084
-36,44,5,100000,20,0.0002,64,0.00064
-36,45,0,100000,42,0.00042,77,0.00077
-36,45,1,100000,25,0.00025,61,0.00061
-36,45,2,100000,40,0.0004,83,0.00083
-36,45,3,100000,16,0.00016,73,0.00073
-36,45,4,100000,16,0.00016,67,0.00067
-36,45,5,100000,31,0.00031,77,0.00077
-36,46,0,100000,33,0.00033,73,0.00073
-36,46,1,100000,28,0.00028,81,0.00081
-36,46,2,100000,38,0.00038,78,0.00078
-36,46,3,100000,29,0.00029,72,0.00072
-36,46,4,100000,18,0.00018,65,0.00065
-36,46,5,100000,41,0.00041,66,0.00066
-36,47,0,100000,33,0.00033,71,0.00071
-36,47,1,100000,22,0.00022,70,0.0007
-36,47,2,100000,15,0.00015,81,0.00081
-36,47,3,100000,20,0.0002,74,0.00074
-36,47,4,100000,37,0.00037,80,0.0008
-36,47,5,100000,25,0.00025,75,0.00075
-36,48,0,100000,43,0.00043,92,0.00092
-36,48,1,100000,27,0.00027,75,0.00075
-36,48,2,100000,25,0.00025,84,0.00084
-36,48,3,100000,42,0.00042,74,0.00074
-36,48,4,100000,20,0.0002,65,0.00065
-36,48,5,100000,32,0.00032,69,0.00069
-36,49,0,100000,33,0.00033,67,0.00067
-36,49,1,100000,32,0.00032,85,0.00085
-36,49,2,100000,25,0.00025,69,0.00069
-36,49,3,100000,12,0.00012,61,0.00061
-36,49,4,100000,15,0.00015,69,0.00069
-36,49,5,100000,36,0.00036,65,0.00065
-36,50,0,100000,29,0.00029,71,0.00071
-36,50,1,100000,31,0.00031,68,0.00068
-36,50,2,100000,39,0.00039,84,0.00084
-36,50,3,100000,36,0.00036,66,0.00066
-36,50,4,100000,30,0.0003,91,0.00091
-36,50,5,100000,25,0.00025,67,0.00067
-35,-50,0,100000,26,0.00026,72,0.00072
-35,-50,1,100000,39,0.00039,77,0.00077
-35,-50,2,100000,27,0.00027,70,0.0007
-35,-50,3,100000,47,0.00047,85,0.00085
-35,-50,4,100000,27,0.00027,69,0.00069
-35,-50,5,100000,31,0.00031,77,0.00077
-35,-49,0,100000,26,0.00026,56,0.00056
-35,-49,1,100000,8,8e-05,62,0.00062
-35,-49,2,100000,27,0.00027,71,0.00071
-35,-49,3,100000,29,0.00029,60,0.0006
-35,-49,4,100000,25,0.00025,58,0.00058
-35,-49,5,100000,20,0.0002,68,0.00068
-35,-48,0,100000,32,0.00032,77,0.00077
-35,-48,1,100000,45,0.00045,90,0.0009
-35,-48,2,100000,26,0.00026,68,0.00068
-35,-48,3,100000,32,0.00032,59,0.00059
-35,-48,4,100000,24,0.00024,68,0.00068
-35,-48,5,100000,22,0.00022,73,0.00073
-35,-47,0,100000,30,0.0003,81,0.00081
-35,-47,1,100000,37,0.00037,71,0.00071
-35,-47,2,100000,21,0.00021,63,0.00063
-35,-47,3,100000,15,0.00015,47,0.00047
-35,-47,4,100000,46,0.00046,70,0.0007
-35,-47,5,100000,23,0.00023,59,0.00059
-35,-46,0,100000,38,0.00038,81,0.00081
-35,-46,1,100000,32,0.00032,72,0.00072
-35,-46,2,100000,21,0.00021,53,0.00053
-35,-46,3,100000,52,0.00052,74,0.00074
-35,-46,4,100000,32,0.00032,85,0.00085
-35,-46,5,100000,30,0.0003,71,0.00071
-35,-45,0,100000,35,0.00035,67,0.00067
-35,-45,1,100000,30,0.0003,69,0.00069
-35,-45,2,100000,33,0.00033,73,0.00073
-35,-45,3,100000,27,0.00027,66,0.00066
-35,-45,4,100000,17,0.00017,71,0.00071
-35,-45,5,100000,23,0.00023,67,0.00067
-35,-44,0,100000,26,0.00026,71,0.00071
-35,-44,1,100000,21,0.00021,73,0.00073
-35,-44,2,100000,23,0.00023,53,0.00053
-35,-44,3,100000,30,0.0003,66,0.00066
-35,-44,4,100000,23,0.00023,70,0.0007
-35,-44,5,100000,31,0.00031,81,0.00081
-35,-43,0,100000,33,0.00033,77,0.00077
-35,-43,1,100000,21,0.00021,77,0.00077
-35,-43,2,100000,26,0.00026,67,0.00067
-35,-43,3,100000,44,0.00044,57,0.00057
-35,-43,4,100000,17,0.00017,77,0.00077
-35,-43,5,100000,22,0.00022,75,0.00075
-35,-42,0,100000,25,0.00025,92,0.00092
-35,-42,1,100000,44,0.00044,78,0.00078
-35,-42,2,100000,37,0.00037,74,0.00074
-35,-42,3,100000,36,0.00036,80,0.0008
-35,-42,4,100000,21,0.00021,73,0.00073
-35,-42,5,100000,40,0.0004,75,0.00075
-35,-41,0,100000,24,0.00024,81,0.00081
-35,-41,1,100000,14,0.00014,61,0.00061
-35,-41,2,100000,45,0.00045,74,0.00074
-35,-41,3,100000,29,0.00029,69,0.00069
-35,-41,4,100000,24,0.00024,66,0.00066
-35,-41,5,100000,31,0.00031,56,0.00056
-35,-40,0,100000,29,0.00029,71,0.00071
-35,-40,1,100000,26,0.00026,78,0.00078
-35,-40,2,100000,34,0.00034,64,0.00064
-35,-40,3,100000,34,0.00034,81,0.00081
-35,-40,4,100000,39,0.00039,81,0.00081
-35,-40,5,100000,38,0.00038,67,0.00067
-35,-39,0,100000,24,0.00024,81,0.00081
-35,-39,1,100000,37,0.00037,86,0.00086
-35,-39,2,100000,23,0.00023,69,0.00069
-35,-39,3,100000,35,0.00035,75,0.00075
-35,-39,4,100000,22,0.00022,70,0.0007
-35,-39,5,100000,37,0.00037,86,0.00086
-35,-38,0,100000,32,0.00032,66,0.00066
-35,-38,1,100000,20,0.0002,65,0.00065
-35,-38,2,100000,36,0.00036,77,0.00077
-35,-38,3,100000,33,0.00033,70,0.0007
-35,-38,4,100000,43,0.00043,69,0.00069
-35,-38,5,100000,46,0.00046,75,0.00075
-35,-37,0,100000,22,0.00022,74,0.00074
-35,-37,1,100000,18,0.00018,58,0.00058
-35,-37,2,100000,33,0.00033,66,0.00066
-35,-37,3,100000,28,0.00028,69,0.00069
-35,-37,4,100000,34,0.00034,84,0.00084
-35,-37,5,100000,28,0.00028,67,0.00067
-35,-36,0,100000,26,0.00026,70,0.0007
-35,-36,1,100000,23,0.00023,68,0.00068
-35,-36,2,100000,43,0.00043,87,0.00087
-35,-36,3,100000,10,0.0001,86,0.00086
-35,-36,4,100000,44,0.00044,84,0.00084
-35,-36,5,100000,31,0.00031,64,0.00064
-35,-35,0,100000,21,0.00021,63,0.00063
-35,-35,1,100000,35,0.00035,70,0.0007
-35,-35,2,100000,49,0.00049,69,0.00069
-35,-35,3,100000,33,0.00033,83,0.00083
-35,-35,4,100000,39,0.00039,70,0.0007
-35,-35,5,100000,23,0.00023,58,0.00058
-35,-34,0,100000,35,0.00035,66,0.00066
-35,-34,1,100000,37,0.00037,83,0.00083
-35,-34,2,100000,26,0.00026,68,0.00068
-35,-34,3,100000,43,0.00043,60,0.0006
-35,-34,4,100000,32,0.00032,72,0.00072
-35,-34,5,100000,19,0.00019,66,0.00066
-35,-33,0,100000,25,0.00025,72,0.00072
-35,-33,1,100000,24,0.00024,52,0.00052
-35,-33,2,100000,20,0.0002,64,0.00064
-35,-33,3,100000,36,0.00036,74,0.00074
-35,-33,4,100000,15,0.00015,79,0.00079
-35,-33,5,100000,15,0.00015,59,0.00059
-35,-32,0,100000,32,0.00032,67,0.00067
-35,-32,1,100000,29,0.00029,84,0.00084
-35,-32,2,100000,29,0.00029,82,0.00082
-35,-32,3,100000,17,0.00017,67,0.00067
-35,-32,4,100000,43,0.00043,84,0.00084
-35,-32,5,100000,38,0.00038,72,0.00072
-35,-31,0,100000,21,0.00021,83,0.00083
-35,-31,1,100000,31,0.00031,87,0.00087
-35,-31,2,100000,31,0.00031,66,0.00066
-35,-31,3,100000,35,0.00035,85,0.00085
-35,-31,4,100000,47,0.00047,79,0.00079
-35,-31,5,100000,29,0.00029,72,0.00072
-35,-30,0,100000,23,0.00023,68,0.00068
-35,-30,1,100000,41,0.00041,77,0.00077
-35,-30,2,100000,28,0.00028,67,0.00067
-35,-30,3,100000,41,0.00041,85,0.00085
-35,-30,4,100000,30,0.0003,87,0.00087
-35,-30,5,100000,31,0.00031,65,0.00065
-35,-29,0,100000,22,0.00022,75,0.00075
-35,-29,1,100000,25,0.00025,73,0.00073
-35,-29,2,100000,16,0.00016,58,0.00058
-35,-29,3,100000,40,0.0004,81,0.00081
-35,-29,4,100000,25,0.00025,70,0.0007
-35,-29,5,100000,23,0.00023,79,0.00079
-35,-28,0,100000,36,0.00036,89,0.00089
-35,-28,1,100000,27,0.00027,68,0.00068
-35,-28,2,100000,15,0.00015,54,0.00054
-35,-28,3,100000,21,0.00021,60,0.0006
-35,-28,4,100000,41,0.00041,69,0.00069
-35,-28,5,100000,49,0.00049,83,0.00083
-35,-27,0,100000,42,0.00042,91,0.00091
-35,-27,1,100000,41,0.00041,75,0.00075
-35,-27,2,100000,31,0.00031,93,0.00093
-35,-27,3,100000,41,0.00041,80,0.0008
-35,-27,4,100000,33,0.00033,69,0.00069
-35,-27,5,100000,44,0.00044,84,0.00084
-35,-26,0,100000,41,0.00041,66,0.00066
-35,-26,1,100000,30,0.0003,66,0.00066
-35,-26,2,100000,43,0.00043,74,0.00074
-35,-26,3,100000,25,0.00025,68,0.00068
-35,-26,4,100000,52,0.00052,76,0.00076
-35,-26,5,100000,38,0.00038,73,0.00073
-35,-25,0,100000,35,0.00035,74,0.00074
-35,-25,1,100000,22,0.00022,61,0.00061
-35,-25,2,100000,46,0.00046,82,0.00082
-35,-25,3,100000,28,0.00028,58,0.00058
-35,-25,4,100000,50,0.0005,89,0.00089
-35,-25,5,100000,35,0.00035,74,0.00074
-35,-24,0,100000,29,0.00029,70,0.0007
-35,-24,1,100000,25,0.00025,63,0.00063
-35,-24,2,100000,43,0.00043,69,0.00069
-35,-24,3,100000,37,0.00037,69,0.00069
-35,-24,4,100000,26,0.00026,65,0.00065
-35,-24,5,100000,14,0.00014,44,0.00044
-35,-23,0,100000,19,0.00019,65,0.00065
-35,-23,1,100000,43,0.00043,63,0.00063
-35,-23,2,100000,41,0.00041,76,0.00076
-35,-23,3,100000,45,0.00045,71,0.00071
-35,-23,4,100000,32,0.00032,68,0.00068
-35,-23,5,100000,39,0.00039,88,0.00088
-35,-22,0,100000,30,0.0003,76,0.00076
-35,-22,1,100000,26,0.00026,83,0.00083
-35,-22,2,100000,24,0.00024,72,0.00072
-35,-22,3,100000,28,0.00028,83,0.00083
-35,-22,4,100000,26,0.00026,65,0.00065
-35,-22,5,100000,33,0.00033,72,0.00072
-35,-21,0,100000,26,0.00026,69,0.00069
-35,-21,1,100000,45,0.00045,65,0.00065
-35,-21,2,100000,43,0.00043,70,0.0007
-35,-21,3,100000,21,0.00021,65,0.00065
-35,-21,4,100000,22,0.00022,69,0.00069
-35,-21,5,100000,18,0.00018,79,0.00079
-35,-20,0,100000,31,0.00031,79,0.00079
-35,-20,1,100000,32,0.00032,67,0.00067
-35,-20,2,100000,29,0.00029,90,0.0009
-35,-20,3,100000,27,0.00027,65,0.00065
-35,-20,4,100000,28,0.00028,67,0.00067
-35,-20,5,100000,31,0.00031,66,0.00066
-35,-19,0,100000,25,0.00025,70,0.0007
-35,-19,1,100000,15,0.00015,68,0.00068
-35,-19,2,100000,27,0.00027,63,0.00063
-35,-19,3,100000,25,0.00025,58,0.00058
-35,-19,4,100000,23,0.00023,63,0.00063
-35,-19,5,100000,31,0.00031,81,0.00081
-35,-18,0,100000,42,0.00042,93,0.00093
-35,-18,1,100000,30,0.0003,73,0.00073
-35,-18,2,100000,29,0.00029,78,0.00078
-35,-18,3,100000,18,0.00018,61,0.00061
-35,-18,4,100000,26,0.00026,64,0.00064
-35,-18,5,100000,16,0.00016,80,0.0008
-35,-17,0,100000,26,0.00026,64,0.00064
-35,-17,1,100000,36,0.00036,80,0.0008
-35,-17,2,100000,36,0.00036,74,0.00074
-35,-17,3,100000,29,0.00029,73,0.00073
-35,-17,4,100000,22,0.00022,80,0.0008
-35,-17,5,100000,13,0.00013,64,0.00064
-35,-16,0,100000,67,0.00067,88,0.00088
-35,-16,1,100000,27,0.00027,69,0.00069
-35,-16,2,100000,34,0.00034,72,0.00072
-35,-16,3,100000,28,0.00028,71,0.00071
-35,-16,4,100000,19,0.00019,80,0.0008
-35,-16,5,100000,34,0.00034,74,0.00074
-35,-15,0,100000,33,0.00033,84,0.00084
-35,-15,1,100000,41,0.00041,87,0.00087
-35,-15,2,100000,24,0.00024,59,0.00059
-35,-15,3,100000,43,0.00043,76,0.00076
-35,-15,4,100000,26,0.00026,76,0.00076
-35,-15,5,100000,37,0.00037,73,0.00073
-35,-14,0,100000,41,0.00041,74,0.00074
-35,-14,1,100000,36,0.00036,64,0.00064
-35,-14,2,100000,45,0.00045,71,0.00071
-35,-14,3,100000,43,0.00043,82,0.00082
-35,-14,4,100000,20,0.0002,74,0.00074
-35,-14,5,100000,36,0.00036,67,0.00067
-35,-13,0,100000,28,0.00028,61,0.00061
-35,-13,1,100000,28,0.00028,75,0.00075
-35,-13,2,100000,14,0.00014,55,0.00055
-35,-13,3,100000,25,0.00025,63,0.00063
-35,-13,4,100000,34,0.00034,82,0.00082
-35,-13,5,100000,43,0.00043,89,0.00089
-35,-12,0,100000,37,0.00037,72,0.00072
-35,-12,1,100000,26,0.00026,72,0.00072
-35,-12,2,100000,28,0.00028,71,0.00071
-35,-12,3,100000,22,0.00022,82,0.00082
-35,-12,4,100000,43,0.00043,75,0.00075
-35,-12,5,100000,28,0.00028,68,0.00068
-35,-11,0,100000,32,0.00032,89,0.00089
-35,-11,1,100000,41,0.00041,74,0.00074
-35,-11,2,100000,41,0.00041,88,0.00088
-35,-11,3,100000,30,0.0003,69,0.00069
-35,-11,4,100000,21,0.00021,74,0.00074
-35,-11,5,100000,26,0.00026,59,0.00059
-35,-10,0,100000,22,0.00022,70,0.0007
-35,-10,1,100000,23,0.00023,73,0.00073
-35,-10,2,100000,27,0.00027,61,0.00061
-35,-10,3,100000,41,0.00041,71,0.00071
-35,-10,4,100000,17,0.00017,64,0.00064
-35,-10,5,100000,31,0.00031,75,0.00075
-35,-9,0,100000,25,0.00025,67,0.00067
-35,-9,1,100000,18,0.00018,60,0.0006
-35,-9,2,100000,26,0.00026,80,0.0008
-35,-9,3,100000,31,0.00031,85,0.00085
-35,-9,4,100000,37,0.00037,75,0.00075
-35,-9,5,100000,15,0.00015,75,0.00075
-35,-8,0,100000,31,0.00031,74,0.00074
-35,-8,1,100000,37,0.00037,67,0.00067
-35,-8,2,100000,16,0.00016,62,0.00062
-35,-8,3,100000,26,0.00026,55,0.00055
-35,-8,4,100000,41,0.00041,74,0.00074
-35,-8,5,100000,15,0.00015,72,0.00072
-35,-7,0,100000,35,0.00035,65,0.00065
-35,-7,1,100000,24,0.00024,59,0.00059
-35,-7,2,100000,24,0.00024,73,0.00073
-35,-7,3,100000,25,0.00025,86,0.00086
-35,-7,4,100000,21,0.00021,71,0.00071
-35,-7,5,100000,36,0.00036,73,0.00073
-35,-6,0,100000,32,0.00032,85,0.00085
-35,-6,1,100000,38,0.00038,67,0.00067
-35,-6,2,100000,28,0.00028,69,0.00069
-35,-6,3,100000,24,0.00024,60,0.0006
-35,-6,4,100000,31,0.00031,68,0.00068
-35,-6,5,100000,36,0.00036,75,0.00075
-35,-5,0,100000,47,0.00047,69,0.00069
-35,-5,1,100000,33,0.00033,85,0.00085
-35,-5,2,100000,39,0.00039,78,0.00078
-35,-5,3,100000,20,0.0002,63,0.00063
-35,-5,4,100000,33,0.00033,84,0.00084
-35,-5,5,100000,35,0.00035,64,0.00064
-35,-4,0,100000,40,0.0004,68,0.00068
-35,-4,1,100000,35,0.00035,85,0.00085
-35,-4,2,100000,19,0.00019,57,0.00057
-35,-4,3,100000,23,0.00023,70,0.0007
-35,-4,4,100000,31,0.00031,76,0.00076
-35,-4,5,100000,35,0.00035,71,0.00071
-35,-3,0,100000,25,0.00025,72,0.00072
-35,-3,1,100000,39,0.00039,72,0.00072
-35,-3,2,100000,28,0.00028,88,0.00088
-35,-3,3,100000,16,0.00016,62,0.00062
-35,-3,4,100000,35,0.00035,74,0.00074
-35,-3,5,100000,49,0.00049,76,0.00076
-35,-2,0,100000,40,0.0004,69,0.00069
-35,-2,1,100000,31,0.00031,80,0.0008
-35,-2,2,100000,39,0.00039,81,0.00081
-35,-2,3,100000,34,0.00034,74,0.00074
-35,-2,4,100000,23,0.00023,69,0.00069
-35,-2,5,100000,36,0.00036,80,0.0008
-35,-1,0,100000,30,0.0003,63,0.00063
-35,-1,1,100000,29,0.00029,75,0.00075
-35,-1,2,100000,22,0.00022,62,0.00062
-35,-1,3,100000,29,0.00029,65,0.00065
-35,-1,4,100000,20,0.0002,63,0.00063
-35,-1,5,100000,25,0.00025,81,0.00081
-35,0,0,100000,26,0.00026,66,0.00066
-35,0,1,100000,38,0.00038,83,0.00083
-35,0,2,100000,36,0.00036,70,0.0007
-35,0,3,100000,37,0.00037,67,0.00067
-35,0,4,100000,22,0.00022,70,0.0007
-35,0,5,100000,31,0.00031,66,0.00066
-35,1,0,100000,49,0.00049,79,0.00079
-35,1,1,100000,34,0.00034,63,0.00063
-35,1,2,100000,16,0.00016,62,0.00062
-35,1,3,100000,29,0.00029,70,0.0007
-35,1,4,100000,46,0.00046,61,0.00061
-35,1,5,100000,45,0.00045,81,0.00081
-35,2,0,100000,34,0.00034,79,0.00079
-35,2,1,100000,28,0.00028,69,0.00069
-35,2,2,100000,32,0.00032,76,0.00076
-35,2,3,100000,24,0.00024,86,0.00086
-35,2,4,100000,16,0.00016,63,0.00063
-35,2,5,100000,32,0.00032,69,0.00069
-35,3,0,100000,29,0.00029,85,0.00085
-35,3,1,100000,32,0.00032,69,0.00069
-35,3,2,100000,28,0.00028,77,0.00077
-35,3,3,100000,36,0.00036,78,0.00078
-35,3,4,100000,38,0.00038,74,0.00074
-35,3,5,100000,36,0.00036,78,0.00078
-35,4,0,100000,54,0.00054,72,0.00072
-35,4,1,100000,32,0.00032,84,0.00084
-35,4,2,100000,33,0.00033,73,0.00073
-35,4,3,100000,38,0.00038,60,0.0006
-35,4,4,100000,26,0.00026,73,0.00073
-35,4,5,100000,17,0.00017,66,0.00066
-35,5,0,100000,33,0.00033,90,0.0009
-35,5,1,100000,27,0.00027,72,0.00072
-35,5,2,100000,46,0.00046,71,0.00071
-35,5,3,100000,24,0.00024,76,0.00076
-35,5,4,100000,17,0.00017,72,0.00072
-35,5,5,100000,21,0.00021,62,0.00062
-35,6,0,100000,39,0.00039,92,0.00092
-35,6,1,100000,41,0.00041,88,0.00088
-35,6,2,100000,44,0.00044,66,0.00066
-35,6,3,100000,25,0.00025,72,0.00072
-35,6,4,100000,15,0.00015,71,0.00071
-35,6,5,100000,28,0.00028,59,0.00059
-35,7,0,100000,32,0.00032,72,0.00072
-35,7,1,100000,29,0.00029,71,0.00071
-35,7,2,100000,35,0.00035,76,0.00076
-35,7,3,100000,23,0.00023,72,0.00072
-35,7,4,100000,51,0.00051,81,0.00081
-35,7,5,100000,35,0.00035,54,0.00054
-35,8,0,100000,27,0.00027,65,0.00065
-35,8,1,100000,30,0.0003,73,0.00073
-35,8,2,100000,35,0.00035,80,0.0008
-35,8,3,100000,27,0.00027,69,0.00069
-35,8,4,100000,20,0.0002,72,0.00072
-35,8,5,100000,33,0.00033,65,0.00065
-35,9,0,100000,26,0.00026,58,0.00058
-35,9,1,100000,23,0.00023,63,0.00063
-35,9,2,100000,19,0.00019,73,0.00073
-35,9,3,100000,40,0.0004,72,0.00072
-35,9,4,100000,36,0.00036,74,0.00074
-35,9,5,100000,23,0.00023,75,0.00075
-35,10,0,100000,32,0.00032,79,0.00079
-35,10,1,100000,25,0.00025,69,0.00069
-35,10,2,100000,18,0.00018,58,0.00058
-35,10,3,100000,19,0.00019,60,0.0006
-35,10,4,100000,39,0.00039,74,0.00074
-35,10,5,100000,28,0.00028,66,0.00066
-35,11,0,100000,38,0.00038,57,0.00057
-35,11,1,100000,17,0.00017,66,0.00066
-35,11,2,100000,24,0.00024,55,0.00055
-35,11,3,100000,32,0.00032,72,0.00072
-35,11,4,100000,19,0.00019,74,0.00074
-35,11,5,100000,18,0.00018,65,0.00065
-35,12,0,100000,22,0.00022,71,0.00071
-35,12,1,100000,25,0.00025,67,0.00067
-35,12,2,100000,29,0.00029,64,0.00064
-35,12,3,100000,31,0.00031,83,0.00083
-35,12,4,100000,28,0.00028,66,0.00066
-35,12,5,100000,24,0.00024,69,0.00069
-35,13,0,100000,33,0.00033,75,0.00075
-35,13,1,100000,47,0.00047,74,0.00074
-35,13,2,100000,34,0.00034,67,0.00067
-35,13,3,100000,30,0.0003,68,0.00068
-35,13,4,100000,20,0.0002,61,0.00061
-35,13,5,100000,31,0.00031,76,0.00076
-35,14,0,100000,27,0.00027,68,0.00068
-35,14,1,100000,28,0.00028,76,0.00076
-35,14,2,100000,30,0.0003,65,0.00065
-35,14,3,100000,34,0.00034,73,0.00073
-35,14,4,100000,20,0.0002,67,0.00067
-35,14,5,100000,41,0.00041,81,0.00081
-35,15,0,100000,28,0.00028,74,0.00074
-35,15,1,100000,35,0.00035,88,0.00088
-35,15,2,100000,51,0.00051,81,0.00081
-35,15,3,100000,18,0.00018,72,0.00072
-35,15,4,100000,28,0.00028,68,0.00068
-35,15,5,100000,31,0.00031,69,0.00069
-35,16,0,100000,26,0.00026,60,0.0006
-35,16,1,100000,28,0.00028,80,0.0008
-35,16,2,100000,31,0.00031,66,0.00066
-35,16,3,100000,28,0.00028,67,0.00067
-35,16,4,100000,20,0.0002,68,0.00068
-35,16,5,100000,38,0.00038,86,0.00086
-35,17,0,100000,18,0.00018,66,0.00066
-35,17,1,100000,53,0.00053,87,0.00087
-35,17,2,100000,18,0.00018,62,0.00062
-35,17,3,100000,34,0.00034,77,0.00077
-35,17,4,100000,22,0.00022,63,0.00063
-35,17,5,100000,34,0.00034,56,0.00056
-35,18,0,100000,42,0.00042,79,0.00079
-35,18,1,100000,22,0.00022,78,0.00078
-35,18,2,100000,40,0.0004,73,0.00073
-35,18,3,100000,34,0.00034,64,0.00064
-35,18,4,100000,34,0.00034,86,0.00086
-35,18,5,100000,23,0.00023,65,0.00065
-35,19,0,100000,60,0.0006,73,0.00073
-35,19,1,100000,38,0.00038,82,0.00082
-35,19,2,100000,52,0.00052,70,0.0007
-35,19,3,100000,30,0.0003,73,0.00073
-35,19,4,100000,23,0.00023,66,0.00066
-35,19,5,100000,24,0.00024,68,0.00068
-35,20,0,100000,32,0.00032,69,0.00069
-35,20,1,100000,31,0.00031,72,0.00072
-35,20,2,100000,32,0.00032,76,0.00076
-35,20,3,100000,28,0.00028,67,0.00067
-35,20,4,100000,25,0.00025,72,0.00072
-35,20,5,100000,14,0.00014,63,0.00063
-35,21,0,100000,32,0.00032,66,0.00066
-35,21,1,100000,22,0.00022,78,0.00078
-35,21,2,100000,12,0.00012,62,0.00062
-35,21,3,100000,31,0.00031,78,0.00078
-35,21,4,100000,25,0.00025,66,0.00066
-35,21,5,100000,19,0.00019,83,0.00083
-35,22,0,100000,17,0.00017,67,0.00067
-35,22,1,100000,17,0.00017,63,0.00063
-35,22,2,100000,34,0.00034,84,0.00084
-35,22,3,100000,29,0.00029,83,0.00083
-35,22,4,100000,34,0.00034,77,0.00077
-35,22,5,100000,29,0.00029,61,0.00061
-35,23,0,100000,40,0.0004,80,0.0008
-35,23,1,100000,36,0.00036,70,0.0007
-35,23,2,100000,12,0.00012,64,0.00064
-35,23,3,100000,37,0.00037,67,0.00067
-35,23,4,100000,39,0.00039,65,0.00065
-35,23,5,100000,31,0.00031,79,0.00079
-35,24,0,100000,32,0.00032,79,0.00079
-35,24,1,100000,25,0.00025,73,0.00073
-35,24,2,100000,31,0.00031,80,0.0008
-35,24,3,100000,59,0.00059,71,0.00071
-35,24,4,100000,32,0.00032,85,0.00085
-35,24,5,100000,24,0.00024,66,0.00066
-35,25,0,100000,47,0.00047,79,0.00079
-35,25,1,100000,43,0.00043,64,0.00064
-35,25,2,100000,17,0.00017,62,0.00062
-35,25,3,100000,38,0.00038,77,0.00077
-35,25,4,100000,32,0.00032,79,0.00079
-35,25,5,100000,33,0.00033,83,0.00083
-35,26,0,100000,31,0.00031,82,0.00082
-35,26,1,100000,19,0.00019,69,0.00069
-35,26,2,100000,34,0.00034,77,0.00077
-35,26,3,100000,36,0.00036,70,0.0007
-35,26,4,100000,22,0.00022,58,0.00058
-35,26,5,100000,25,0.00025,71,0.00071
-35,27,0,100000,39,0.00039,73,0.00073
-35,27,1,100000,55,0.00055,74,0.00074
-35,27,2,100000,28,0.00028,71,0.00071
-35,27,3,100000,42,0.00042,81,0.00081
-35,27,4,100000,36,0.00036,75,0.00075
-35,27,5,100000,33,0.00033,69,0.00069
-35,28,0,100000,33,0.00033,81,0.00081
-35,28,1,100000,31,0.00031,67,0.00067
-35,28,2,100000,26,0.00026,73,0.00073
-35,28,3,100000,13,0.00013,54,0.00054
-35,28,4,100000,32,0.00032,72,0.00072
-35,28,5,100000,24,0.00024,66,0.00066
-35,29,0,100000,28,0.00028,66,0.00066
-35,29,1,100000,19,0.00019,73,0.00073
-35,29,2,100000,21,0.00021,77,0.00077
-35,29,3,100000,33,0.00033,72,0.00072
-35,29,4,100000,35,0.00035,77,0.00077
-35,29,5,100000,30,0.0003,77,0.00077
-35,30,0,100000,31,0.00031,53,0.00053
-35,30,1,100000,40,0.0004,72,0.00072
-35,30,2,100000,18,0.00018,73,0.00073
-35,30,3,100000,33,0.00033,71,0.00071
-35,30,4,100000,35,0.00035,79,0.00079
-35,30,5,100000,16,0.00016,63,0.00063
-35,31,0,100000,28,0.00028,89,0.00089
-35,31,1,100000,26,0.00026,79,0.00079
-35,31,2,100000,36,0.00036,73,0.00073
-35,31,3,100000,34,0.00034,78,0.00078
-35,31,4,100000,23,0.00023,75,0.00075
-35,31,5,100000,27,0.00027,69,0.00069
-35,32,0,100000,19,0.00019,63,0.00063
-35,32,1,100000,34,0.00034,61,0.00061
-35,32,2,100000,37,0.00037,83,0.00083
-35,32,3,100000,30,0.0003,86,0.00086
-35,32,4,100000,30,0.0003,72,0.00072
-35,32,5,100000,48,0.00048,94,0.00094
-35,33,0,100000,24,0.00024,82,0.00082
-35,33,1,100000,22,0.00022,69,0.00069
-35,33,2,100000,30,0.0003,69,0.00069
-35,33,3,100000,40,0.0004,79,0.00079
-35,33,4,100000,30,0.0003,63,0.00063
-35,33,5,100000,45,0.00045,75,0.00075
-35,34,0,100000,21,0.00021,68,0.00068
-35,34,1,100000,43,0.00043,76,0.00076
-35,34,2,100000,46,0.00046,78,0.00078
-35,34,3,100000,35,0.00035,69,0.00069
-35,34,4,100000,28,0.00028,71,0.00071
-35,34,5,100000,27,0.00027,79,0.00079
-35,35,0,100000,37,0.00037,64,0.00064
-35,35,1,100000,37,0.00037,80,0.0008
-35,35,2,100000,28,0.00028,72,0.00072
-35,35,3,100000,38,0.00038,63,0.00063
-35,35,4,100000,27,0.00027,68,0.00068
-35,35,5,100000,34,0.00034,67,0.00067
-35,36,0,100000,21,0.00021,65,0.00065
-35,36,1,100000,15,0.00015,80,0.0008
-35,36,2,100000,29,0.00029,68,0.00068
-35,36,3,100000,30,0.0003,78,0.00078
-35,36,4,100000,21,0.00021,71,0.00071
-35,36,5,100000,29,0.00029,79,0.00079
-35,37,0,100000,35,0.00035,63,0.00063
-35,37,1,100000,43,0.00043,71,0.00071
-35,37,2,100000,14,0.00014,67,0.00067
-35,37,3,100000,25,0.00025,72,0.00072
-35,37,4,100000,31,0.00031,79,0.00079
-35,37,5,100000,28,0.00028,70,0.0007
-35,38,0,100000,34,0.00034,63,0.00063
-35,38,1,100000,16,0.00016,74,0.00074
-35,38,2,100000,46,0.00046,78,0.00078
-35,38,3,100000,32,0.00032,72,0.00072
-35,38,4,100000,22,0.00022,76,0.00076
-35,38,5,100000,31,0.00031,89,0.00089
-35,39,0,100000,48,0.00048,76,0.00076
-35,39,1,100000,21,0.00021,66,0.00066
-35,39,2,100000,23,0.00023,62,0.00062
-35,39,3,100000,20,0.0002,74,0.00074
-35,39,4,100000,16,0.00016,65,0.00065
-35,39,5,100000,25,0.00025,63,0.00063
-35,40,0,100000,29,0.00029,75,0.00075
-35,40,1,100000,46,0.00046,103,0.00103
-35,40,2,100000,15,0.00015,78,0.00078
-35,40,3,100000,36,0.00036,85,0.00085
-35,40,4,100000,41,0.00041,86,0.00086
-35,40,5,100000,32,0.00032,74,0.00074
-35,41,0,100000,29,0.00029,73,0.00073
-35,41,1,100000,31,0.00031,90,0.0009
-35,41,2,100000,28,0.00028,84,0.00084
-35,41,3,100000,25,0.00025,61,0.00061
-35,41,4,100000,30,0.0003,75,0.00075
-35,41,5,100000,35,0.00035,92,0.00092
-35,42,0,100000,38,0.00038,62,0.00062
-35,42,1,100000,32,0.00032,70,0.0007
-35,42,2,100000,45,0.00045,76,0.00076
-35,42,3,100000,20,0.0002,71,0.00071
-35,42,4,100000,25,0.00025,80,0.0008
-35,42,5,100000,20,0.0002,68,0.00068
-35,43,0,100000,51,0.00051,88,0.00088
-35,43,1,100000,29,0.00029,87,0.00087
-35,43,2,100000,23,0.00023,71,0.00071
-35,43,3,100000,34,0.00034,77,0.00077
-35,43,4,100000,24,0.00024,77,0.00077
-35,43,5,100000,43,0.00043,65,0.00065
-35,44,0,100000,14,0.00014,74,0.00074
-35,44,1,100000,43,0.00043,71,0.00071
-35,44,2,100000,36,0.00036,72,0.00072
-35,44,3,100000,18,0.00018,61,0.00061
-35,44,4,100000,30,0.0003,78,0.00078
-35,44,5,100000,34,0.00034,69,0.00069
-35,45,0,100000,35,0.00035,69,0.00069
-35,45,1,100000,31,0.00031,78,0.00078
-35,45,2,100000,25,0.00025,67,0.00067
-35,45,3,100000,22,0.00022,76,0.00076
-35,45,4,100000,42,0.00042,77,0.00077
-35,45,5,100000,31,0.00031,69,0.00069
-35,46,0,100000,22,0.00022,66,0.00066
-35,46,1,100000,41,0.00041,68,0.00068
-35,46,2,100000,19,0.00019,68,0.00068
-35,46,3,100000,32,0.00032,81,0.00081
-35,46,4,100000,26,0.00026,68,0.00068
-35,46,5,100000,39,0.00039,87,0.00087
-35,47,0,100000,25,0.00025,69,0.00069
-35,47,1,100000,44,0.00044,82,0.00082
-35,47,2,100000,14,0.00014,58,0.00058
-35,47,3,100000,28,0.00028,61,0.00061
-35,47,4,100000,43,0.00043,66,0.00066
-35,47,5,100000,42,0.00042,90,0.0009
-35,48,0,100000,33,0.00033,85,0.00085
-35,48,1,100000,19,0.00019,77,0.00077
-35,48,2,100000,22,0.00022,72,0.00072
-35,48,3,100000,27,0.00027,66,0.00066
-35,48,4,100000,27,0.00027,76,0.00076
-35,48,5,100000,27,0.00027,84,0.00084
-35,49,0,100000,16,0.00016,60,0.0006
-35,49,1,100000,31,0.00031,63,0.00063
-35,49,2,100000,23,0.00023,70,0.0007
-35,49,3,100000,37,0.00037,75,0.00075
-35,49,4,100000,24,0.00024,73,0.00073
-35,49,5,100000,34,0.00034,75,0.00075
-35,50,0,100000,37,0.00037,74,0.00074
-35,50,1,100000,26,0.00026,60,0.0006
-35,50,2,100000,54,0.00054,84,0.00084
-35,50,3,100000,35,0.00035,58,0.00058
-35,50,4,100000,41,0.00041,59,0.00059
-35,50,5,100000,32,0.00032,74,0.00074
-34,-50,0,100000,23,0.00023,68,0.00068
-34,-50,1,100000,33,0.00033,86,0.00086
-34,-50,2,100000,41,0.00041,71,0.00071
-34,-50,3,100000,41,0.00041,72,0.00072
-34,-50,4,100000,28,0.00028,87,0.00087
-34,-50,5,100000,19,0.00019,70,0.0007
-34,-49,0,100000,29,0.00029,65,0.00065
-34,-49,1,100000,24,0.00024,83,0.00083
-34,-49,2,100000,16,0.00016,87,0.00087
-34,-49,3,100000,37,0.00037,61,0.00061
-34,-49,4,100000,32,0.00032,79,0.00079
-34,-49,5,100000,49,0.00049,70,0.0007
-34,-48,0,100000,43,0.00043,77,0.00077
-34,-48,1,100000,32,0.00032,67,0.00067
-34,-48,2,100000,20,0.0002,82,0.00082
-34,-48,3,100000,44,0.00044,81,0.00081
-34,-48,4,100000,24,0.00024,64,0.00064
-34,-48,5,100000,43,0.00043,74,0.00074
-34,-47,0,100000,37,0.00037,87,0.00087
-34,-47,1,100000,49,0.00049,78,0.00078
-34,-47,2,100000,32,0.00032,78,0.00078
-34,-47,3,100000,40,0.0004,96,0.00096
-34,-47,4,100000,41,0.00041,85,0.00085
-34,-47,5,100000,44,0.00044,83,0.00083
-34,-46,0,100000,19,0.00019,65,0.00065
-34,-46,1,100000,26,0.00026,74,0.00074
-34,-46,2,100000,25,0.00025,82,0.00082
-34,-46,3,100000,41,0.00041,78,0.00078
-34,-46,4,100000,20,0.0002,68,0.00068
-34,-46,5,100000,14,0.00014,62,0.00062
-34,-45,0,100000,30,0.0003,52,0.00052
-34,-45,1,100000,16,0.00016,55,0.00055
-34,-45,2,100000,27,0.00027,73,0.00073
-34,-45,3,100000,28,0.00028,70,0.0007
-34,-45,4,100000,30,0.0003,85,0.00085
-34,-45,5,100000,46,0.00046,91,0.00091
-34,-44,0,100000,38,0.00038,68,0.00068
-34,-44,1,100000,33,0.00033,55,0.00055
-34,-44,2,100000,23,0.00023,63,0.00063
-34,-44,3,100000,30,0.0003,82,0.00082
-34,-44,4,100000,35,0.00035,86,0.00086
-34,-44,5,100000,28,0.00028,64,0.00064
-34,-43,0,100000,14,0.00014,66,0.00066
-34,-43,1,100000,32,0.00032,66,0.00066
-34,-43,2,100000,32,0.00032,67,0.00067
-34,-43,3,100000,22,0.00022,75,0.00075
-34,-43,4,100000,29,0.00029,74,0.00074
-34,-43,5,100000,26,0.00026,79,0.00079
-34,-42,0,100000,16,0.00016,65,0.00065
-34,-42,1,100000,34,0.00034,88,0.00088
-34,-42,2,100000,41,0.00041,73,0.00073
-34,-42,3,100000,25,0.00025,64,0.00064
-34,-42,4,100000,33,0.00033,81,0.00081
-34,-42,5,100000,33,0.00033,64,0.00064
-34,-41,0,100000,33,0.00033,73,0.00073
-34,-41,1,100000,28,0.00028,71,0.00071
-34,-41,2,100000,20,0.0002,66,0.00066
-34,-41,3,100000,26,0.00026,75,0.00075
-34,-41,4,100000,26,0.00026,71,0.00071
-34,-41,5,100000,45,0.00045,97,0.00097
-34,-40,0,100000,39,0.00039,93,0.00093
-34,-40,1,100000,27,0.00027,71,0.00071
-34,-40,2,100000,25,0.00025,75,0.00075
-34,-40,3,100000,38,0.00038,68,0.00068
-34,-40,4,100000,24,0.00024,59,0.00059
-34,-40,5,100000,30,0.0003,72,0.00072
-34,-39,0,100000,26,0.00026,79,0.00079
-34,-39,1,100000,18,0.00018,66,0.00066
-34,-39,2,100000,41,0.00041,78,0.00078
-34,-39,3,100000,33,0.00033,79,0.00079
-34,-39,4,100000,9,9e-05,62,0.00062
-34,-39,5,100000,25,0.00025,66,0.00066
-34,-38,0,100000,38,0.00038,76,0.00076
-34,-38,1,100000,37,0.00037,71,0.00071
-34,-38,2,100000,21,0.00021,57,0.00057
-34,-38,3,100000,23,0.00023,65,0.00065
-34,-38,4,100000,36,0.00036,80,0.0008
-34,-38,5,100000,31,0.00031,52,0.00052
-34,-37,0,100000,34,0.00034,70,0.0007
-34,-37,1,100000,28,0.00028,75,0.00075
-34,-37,2,100000,52,0.00052,81,0.00081
-34,-37,3,100000,40,0.0004,78,0.00078
-34,-37,4,100000,15,0.00015,65,0.00065
-34,-37,5,100000,39,0.00039,76,0.00076
-34,-36,0,100000,38,0.00038,68,0.00068
-34,-36,1,100000,37,0.00037,83,0.00083
-34,-36,2,100000,10,0.0001,65,0.00065
-34,-36,3,100000,31,0.00031,71,0.00071
-34,-36,4,100000,44,0.00044,77,0.00077
-34,-36,5,100000,40,0.0004,81,0.00081
-34,-35,0,100000,24,0.00024,68,0.00068
-34,-35,1,100000,37,0.00037,68,0.00068
-34,-35,2,100000,45,0.00045,70,0.0007
-34,-35,3,100000,31,0.00031,57,0.00057
-34,-35,4,100000,38,0.00038,73,0.00073
-34,-35,5,100000,34,0.00034,77,0.00077
-34,-34,0,100000,30,0.0003,78,0.00078
-34,-34,1,100000,41,0.00041,68,0.00068
-34,-34,2,100000,27,0.00027,79,0.00079
-34,-34,3,100000,36,0.00036,86,0.00086
-34,-34,4,100000,25,0.00025,71,0.00071
-34,-34,5,100000,31,0.00031,72,0.00072
-34,-33,0,100000,31,0.00031,69,0.00069
-34,-33,1,100000,27,0.00027,77,0.00077
-34,-33,2,100000,37,0.00037,84,0.00084
-34,-33,3,100000,26,0.00026,63,0.00063
-34,-33,4,100000,24,0.00024,69,0.00069
-34,-33,5,100000,17,0.00017,61,0.00061
-34,-32,0,100000,22,0.00022,67,0.00067
-34,-32,1,100000,39,0.00039,75,0.00075
-34,-32,2,100000,18,0.00018,74,0.00074
-34,-32,3,100000,14,0.00014,63,0.00063
-34,-32,4,100000,30,0.0003,72,0.00072
-34,-32,5,100000,32,0.00032,77,0.00077
-34,-31,0,100000,28,0.00028,102,0.00102
-34,-31,1,100000,36,0.00036,63,0.00063
-34,-31,2,100000,37,0.00037,92,0.00092
-34,-31,3,100000,35,0.00035,54,0.00054
-34,-31,4,100000,37,0.00037,63,0.00063
-34,-31,5,100000,35,0.00035,71,0.00071
-34,-30,0,100000,17,0.00017,67,0.00067
-34,-30,1,100000,35,0.00035,53,0.00053
-34,-30,2,100000,33,0.00033,71,0.00071
-34,-30,3,100000,31,0.00031,77,0.00077
-34,-30,4,100000,43,0.00043,84,0.00084
-34,-30,5,100000,18,0.00018,61,0.00061
-34,-29,0,100000,48,0.00048,90,0.0009
-34,-29,1,100000,38,0.00038,77,0.00077
-34,-29,2,100000,31,0.00031,73,0.00073
-34,-29,3,100000,18,0.00018,61,0.00061
-34,-29,4,100000,47,0.00047,86,0.00086
-34,-29,5,100000,26,0.00026,83,0.00083
-34,-28,0,100000,22,0.00022,74,0.00074
-34,-28,1,100000,20,0.0002,54,0.00054
-34,-28,2,100000,25,0.00025,65,0.00065
-34,-28,3,100000,14,0.00014,69,0.00069
-34,-28,4,100000,26,0.00026,71,0.00071
-34,-28,5,100000,27,0.00027,71,0.00071
-34,-27,0,100000,24,0.00024,80,0.0008
-34,-27,1,100000,15,0.00015,59,0.00059
-34,-27,2,100000,44,0.00044,69,0.00069
-34,-27,3,100000,18,0.00018,66,0.00066
-34,-27,4,100000,26,0.00026,75,0.00075
-34,-27,5,100000,28,0.00028,72,0.00072
-34,-26,0,100000,62,0.00062,90,0.0009
-34,-26,1,100000,31,0.00031,88,0.00088
-34,-26,2,100000,16,0.00016,67,0.00067
-34,-26,3,100000,20,0.0002,73,0.00073
-34,-26,4,100000,42,0.00042,79,0.00079
-34,-26,5,100000,27,0.00027,59,0.00059
-34,-25,0,100000,34,0.00034,75,0.00075
-34,-25,1,100000,40,0.0004,71,0.00071
-34,-25,2,100000,32,0.00032,73,0.00073
-34,-25,3,100000,45,0.00045,91,0.00091
-34,-25,4,100000,20,0.0002,66,0.00066
-34,-25,5,100000,14,0.00014,66,0.00066
-34,-24,0,100000,40,0.0004,86,0.00086
-34,-24,1,100000,33,0.00033,66,0.00066
-34,-24,2,100000,26,0.00026,71,0.00071
-34,-24,3,100000,38,0.00038,74,0.00074
-34,-24,4,100000,32,0.00032,60,0.0006
-34,-24,5,100000,16,0.00016,69,0.00069
-34,-23,0,100000,37,0.00037,81,0.00081
-34,-23,1,100000,35,0.00035,79,0.00079
-34,-23,2,100000,38,0.00038,75,0.00075
-34,-23,3,100000,31,0.00031,61,0.00061
-34,-23,4,100000,30,0.0003,75,0.00075
-34,-23,5,100000,32,0.00032,84,0.00084
-34,-22,0,100000,25,0.00025,74,0.00074
-34,-22,1,100000,40,0.0004,71,0.00071
-34,-22,2,100000,27,0.00027,60,0.0006
-34,-22,3,100000,34,0.00034,78,0.00078
-34,-22,4,100000,26,0.00026,84,0.00084
-34,-22,5,100000,26,0.00026,69,0.00069
-34,-21,0,100000,37,0.00037,81,0.00081
-34,-21,1,100000,38,0.00038,78,0.00078
-34,-21,2,100000,25,0.00025,84,0.00084
-34,-21,3,100000,38,0.00038,73,0.00073
-34,-21,4,100000,24,0.00024,66,0.00066
-34,-21,5,100000,30,0.0003,92,0.00092
-34,-20,0,100000,31,0.00031,76,0.00076
-34,-20,1,100000,10,0.0001,66,0.00066
-34,-20,2,100000,23,0.00023,49,0.00049
-34,-20,3,100000,36,0.00036,90,0.0009
-34,-20,4,100000,42,0.00042,91,0.00091
-34,-20,5,100000,34,0.00034,69,0.00069
-34,-19,0,100000,31,0.00031,91,0.00091
-34,-19,1,100000,30,0.0003,56,0.00056
-34,-19,2,100000,40,0.0004,61,0.00061
-34,-19,3,100000,50,0.0005,74,0.00074
-34,-19,4,100000,34,0.00034,75,0.00075
-34,-19,5,100000,37,0.00037,66,0.00066
-34,-18,0,100000,29,0.00029,64,0.00064
-34,-18,1,100000,38,0.00038,63,0.00063
-34,-18,2,100000,27,0.00027,78,0.00078
-34,-18,3,100000,26,0.00026,87,0.00087
-34,-18,4,100000,36,0.00036,76,0.00076
-34,-18,5,100000,27,0.00027,68,0.00068
-34,-17,0,100000,54,0.00054,85,0.00085
-34,-17,1,100000,41,0.00041,74,0.00074
-34,-17,2,100000,23,0.00023,69,0.00069
-34,-17,3,100000,30,0.0003,64,0.00064
-34,-17,4,100000,55,0.00055,76,0.00076
-34,-17,5,100000,42,0.00042,75,0.00075
-34,-16,0,100000,42,0.00042,82,0.00082
-34,-16,1,100000,36,0.00036,87,0.00087
-34,-16,2,100000,45,0.00045,98,0.00098
-34,-16,3,100000,24,0.00024,88,0.00088
-34,-16,4,100000,18,0.00018,56,0.00056
-34,-16,5,100000,25,0.00025,82,0.00082
-34,-15,0,100000,32,0.00032,70,0.0007
-34,-15,1,100000,51,0.00051,77,0.00077
-34,-15,2,100000,35,0.00035,79,0.00079
-34,-15,3,100000,37,0.00037,81,0.00081
-34,-15,4,100000,27,0.00027,75,0.00075
-34,-15,5,100000,26,0.00026,80,0.0008
-34,-14,0,100000,15,0.00015,68,0.00068
-34,-14,1,100000,47,0.00047,83,0.00083
-34,-14,2,100000,39,0.00039,70,0.0007
-34,-14,3,100000,53,0.00053,86,0.00086
-34,-14,4,100000,18,0.00018,67,0.00067
-34,-14,5,100000,39,0.00039,69,0.00069
-34,-13,0,100000,42,0.00042,61,0.00061
-34,-13,1,100000,28,0.00028,67,0.00067
-34,-13,2,100000,27,0.00027,80,0.0008
-34,-13,3,100000,41,0.00041,68,0.00068
-34,-13,4,100000,27,0.00027,63,0.00063
-34,-13,5,100000,36,0.00036,73,0.00073
-34,-12,0,100000,18,0.00018,66,0.00066
-34,-12,1,100000,27,0.00027,65,0.00065
-34,-12,2,100000,37,0.00037,79,0.00079
-34,-12,3,100000,17,0.00017,57,0.00057
-34,-12,4,100000,51,0.00051,81,0.00081
-34,-12,5,100000,28,0.00028,69,0.00069
-34,-11,0,100000,18,0.00018,63,0.00063
-34,-11,1,100000,13,0.00013,64,0.00064
-34,-11,2,100000,34,0.00034,90,0.0009
-34,-11,3,100000,24,0.00024,76,0.00076
-34,-11,4,100000,30,0.0003,100,0.001
-34,-11,5,100000,49,0.00049,66,0.00066
-34,-10,0,100000,20,0.0002,79,0.00079
-34,-10,1,100000,17,0.00017,63,0.00063
-34,-10,2,100000,28,0.00028,63,0.00063
-34,-10,3,100000,34,0.00034,66,0.00066
-34,-10,4,100000,36,0.00036,72,0.00072
-34,-10,5,100000,26,0.00026,66,0.00066
-34,-9,0,100000,39,0.00039,68,0.00068
-34,-9,1,100000,49,0.00049,82,0.00082
-34,-9,2,100000,17,0.00017,64,0.00064
-34,-9,3,100000,21,0.00021,69,0.00069
-34,-9,4,100000,34,0.00034,78,0.00078
-34,-9,5,100000,32,0.00032,75,0.00075
-34,-8,0,100000,35,0.00035,67,0.00067
-34,-8,1,100000,47,0.00047,62,0.00062
-34,-8,2,100000,26,0.00026,73,0.00073
-34,-8,3,100000,28,0.00028,85,0.00085
-34,-8,4,100000,36,0.00036,86,0.00086
-34,-8,5,100000,18,0.00018,83,0.00083
-34,-7,0,100000,61,0.00061,85,0.00085
-34,-7,1,100000,24,0.00024,48,0.00048
-34,-7,2,100000,30,0.0003,77,0.00077
-34,-7,3,100000,31,0.00031,72,0.00072
-34,-7,4,100000,29,0.00029,67,0.00067
-34,-7,5,100000,39,0.00039,64,0.00064
-34,-6,0,100000,33,0.00033,76,0.00076
-34,-6,1,100000,16,0.00016,85,0.00085
-34,-6,2,100000,30,0.0003,73,0.00073
-34,-6,3,100000,24,0.00024,66,0.00066
-34,-6,4,100000,32,0.00032,74,0.00074
-34,-6,5,100000,25,0.00025,73,0.00073
-34,-5,0,100000,15,0.00015,80,0.0008
-34,-5,1,100000,52,0.00052,85,0.00085
-34,-5,2,100000,61,0.00061,79,0.00079
-34,-5,3,100000,31,0.00031,73,0.00073
-34,-5,4,100000,58,0.00058,66,0.00066
-34,-5,5,100000,39,0.00039,69,0.00069
-34,-4,0,100000,52,0.00052,89,0.00089
-34,-4,1,100000,30,0.0003,70,0.0007
-34,-4,2,100000,29,0.00029,71,0.00071
-34,-4,3,100000,23,0.00023,49,0.00049
-34,-4,4,100000,26,0.00026,74,0.00074
-34,-4,5,100000,28,0.00028,67,0.00067
-34,-3,0,100000,32,0.00032,79,0.00079
-34,-3,1,100000,29,0.00029,73,0.00073
-34,-3,2,100000,36,0.00036,80,0.0008
-34,-3,3,100000,28,0.00028,85,0.00085
-34,-3,4,100000,42,0.00042,76,0.00076
-34,-3,5,100000,30,0.0003,69,0.00069
-34,-2,0,100000,21,0.00021,76,0.00076
-34,-2,1,100000,35,0.00035,80,0.0008
-34,-2,2,100000,15,0.00015,61,0.00061
-34,-2,3,100000,35,0.00035,59,0.00059
-34,-2,4,100000,24,0.00024,70,0.0007
-34,-2,5,100000,34,0.00034,65,0.00065
-34,-1,0,100000,31,0.00031,80,0.0008
-34,-1,1,100000,17,0.00017,62,0.00062
-34,-1,2,100000,26,0.00026,65,0.00065
-34,-1,3,100000,45,0.00045,83,0.00083
-34,-1,4,100000,36,0.00036,79,0.00079
-34,-1,5,100000,28,0.00028,66,0.00066
-34,0,0,100000,34,0.00034,58,0.00058
-34,0,1,100000,31,0.00031,78,0.00078
-34,0,2,100000,25,0.00025,78,0.00078
-34,0,3,100000,34,0.00034,94,0.00094
-34,0,4,100000,17,0.00017,72,0.00072
-34,0,5,100000,32,0.00032,74,0.00074
-34,1,0,100000,30,0.0003,76,0.00076
-34,1,1,100000,42,0.00042,69,0.00069
-34,1,2,100000,28,0.00028,78,0.00078
-34,1,3,100000,22,0.00022,73,0.00073
-34,1,4,100000,38,0.00038,75,0.00075
-34,1,5,100000,33,0.00033,79,0.00079
-34,2,0,100000,21,0.00021,66,0.00066
-34,2,1,100000,42,0.00042,92,0.00092
-34,2,2,100000,23,0.00023,78,0.00078
-34,2,3,100000,25,0.00025,80,0.0008
-34,2,4,100000,30,0.0003,66,0.00066
-34,2,5,100000,39,0.00039,84,0.00084
-34,3,0,100000,26,0.00026,68,0.00068
-34,3,1,100000,26,0.00026,61,0.00061
-34,3,2,100000,27,0.00027,68,0.00068
-34,3,3,100000,38,0.00038,72,0.00072
-34,3,4,100000,39,0.00039,71,0.00071
-34,3,5,100000,25,0.00025,65,0.00065
-34,4,0,100000,23,0.00023,86,0.00086
-34,4,1,100000,22,0.00022,75,0.00075
-34,4,2,100000,34,0.00034,71,0.00071
-34,4,3,100000,46,0.00046,84,0.00084
-34,4,4,100000,24,0.00024,74,0.00074
-34,4,5,100000,29,0.00029,68,0.00068
-34,5,0,100000,31,0.00031,70,0.0007
-34,5,1,100000,28,0.00028,76,0.00076
-34,5,2,100000,36,0.00036,63,0.00063
-34,5,3,100000,20,0.0002,70,0.0007
-34,5,4,100000,47,0.00047,85,0.00085
-34,5,5,100000,19,0.00019,78,0.00078
-34,6,0,100000,14,0.00014,69,0.00069
-34,6,1,100000,31,0.00031,77,0.00077
-34,6,2,100000,36,0.00036,73,0.00073
-34,6,3,100000,34,0.00034,71,0.00071
-34,6,4,100000,37,0.00037,75,0.00075
-34,6,5,100000,51,0.00051,73,0.00073
-34,7,0,100000,38,0.00038,75,0.00075
-34,7,1,100000,28,0.00028,69,0.00069
-34,7,2,100000,43,0.00043,77,0.00077
-34,7,3,100000,51,0.00051,73,0.00073
-34,7,4,100000,32,0.00032,62,0.00062
-34,7,5,100000,37,0.00037,78,0.00078
-34,8,0,100000,28,0.00028,80,0.0008
-34,8,1,100000,28,0.00028,67,0.00067
-34,8,2,100000,15,0.00015,65,0.00065
-34,8,3,100000,28,0.00028,69,0.00069
-34,8,4,100000,42,0.00042,70,0.0007
-34,8,5,100000,18,0.00018,57,0.00057
-34,9,0,100000,34,0.00034,77,0.00077
-34,9,1,100000,35,0.00035,77,0.00077
-34,9,2,100000,27,0.00027,65,0.00065
-34,9,3,100000,26,0.00026,61,0.00061
-34,9,4,100000,29,0.00029,79,0.00079
-34,9,5,100000,24,0.00024,65,0.00065
-34,10,0,100000,24,0.00024,72,0.00072
-34,10,1,100000,30,0.0003,75,0.00075
-34,10,2,100000,28,0.00028,66,0.00066
-34,10,3,100000,20,0.0002,71,0.00071
-34,10,4,100000,36,0.00036,56,0.00056
-34,10,5,100000,17,0.00017,63,0.00063
-34,11,0,100000,38,0.00038,67,0.00067
-34,11,1,100000,17,0.00017,76,0.00076
-34,11,2,100000,25,0.00025,61,0.00061
-34,11,3,100000,39,0.00039,87,0.00087
-34,11,4,100000,30,0.0003,68,0.00068
-34,11,5,100000,25,0.00025,61,0.00061
-34,12,0,100000,16,0.00016,65,0.00065
-34,12,1,100000,38,0.00038,78,0.00078
-34,12,2,100000,25,0.00025,79,0.00079
-34,12,3,100000,35,0.00035,79,0.00079
-34,12,4,100000,26,0.00026,75,0.00075
-34,12,5,100000,25,0.00025,67,0.00067
-34,13,0,100000,21,0.00021,60,0.0006
-34,13,1,100000,36,0.00036,64,0.00064
-34,13,2,100000,27,0.00027,69,0.00069
-34,13,3,100000,15,0.00015,75,0.00075
-34,13,4,100000,36,0.00036,77,0.00077
-34,13,5,100000,50,0.0005,83,0.00083
-34,14,0,100000,22,0.00022,78,0.00078
-34,14,1,100000,33,0.00033,88,0.00088
-34,14,2,100000,25,0.00025,66,0.00066
-34,14,3,100000,21,0.00021,60,0.0006
-34,14,4,100000,49,0.00049,84,0.00084
-34,14,5,100000,65,0.00065,76,0.00076
-34,15,0,100000,55,0.00055,92,0.00092
-34,15,1,100000,46,0.00046,57,0.00057
-34,15,2,100000,16,0.00016,65,0.00065
-34,15,3,100000,24,0.00024,68,0.00068
-34,15,4,100000,40,0.0004,69,0.00069
-34,15,5,100000,51,0.00051,78,0.00078
-34,16,0,100000,21,0.00021,61,0.00061
-34,16,1,100000,26,0.00026,72,0.00072
-34,16,2,100000,34,0.00034,95,0.00095
-34,16,3,100000,24,0.00024,67,0.00067
-34,16,4,100000,11,0.00011,55,0.00055
-34,16,5,100000,15,0.00015,61,0.00061
-34,17,0,100000,32,0.00032,73,0.00073
-34,17,1,100000,29,0.00029,80,0.0008
-34,17,2,100000,37,0.00037,69,0.00069
-34,17,3,100000,33,0.00033,64,0.00064
-34,17,4,100000,35,0.00035,69,0.00069
-34,17,5,100000,33,0.00033,85,0.00085
-34,18,0,100000,33,0.00033,62,0.00062
-34,18,1,100000,29,0.00029,77,0.00077
-34,18,2,100000,24,0.00024,73,0.00073
-34,18,3,100000,35,0.00035,85,0.00085
-34,18,4,100000,34,0.00034,70,0.0007
-34,18,5,100000,38,0.00038,73,0.00073
-34,19,0,100000,21,0.00021,81,0.00081
-34,19,1,100000,25,0.00025,58,0.00058
-34,19,2,100000,26,0.00026,69,0.00069
-34,19,3,100000,42,0.00042,90,0.0009
-34,19,4,100000,28,0.00028,78,0.00078
-34,19,5,100000,24,0.00024,71,0.00071
-34,20,0,100000,30,0.0003,73,0.00073
-34,20,1,100000,21,0.00021,87,0.00087
-34,20,2,100000,41,0.00041,71,0.00071
-34,20,3,100000,36,0.00036,76,0.00076
-34,20,4,100000,51,0.00051,80,0.0008
-34,20,5,100000,31,0.00031,74,0.00074
-34,21,0,100000,33,0.00033,83,0.00083
-34,21,1,100000,49,0.00049,85,0.00085
-34,21,2,100000,42,0.00042,72,0.00072
-34,21,3,100000,17,0.00017,60,0.0006
-34,21,4,100000,35,0.00035,72,0.00072
-34,21,5,100000,37,0.00037,74,0.00074
-34,22,0,100000,42,0.00042,82,0.00082
-34,22,1,100000,32,0.00032,70,0.0007
-34,22,2,100000,38,0.00038,79,0.00079
-34,22,3,100000,17,0.00017,69,0.00069
-34,22,4,100000,44,0.00044,61,0.00061
-34,22,5,100000,23,0.00023,69,0.00069
-34,23,0,100000,31,0.00031,75,0.00075
-34,23,1,100000,30,0.0003,72,0.00072
-34,23,2,100000,41,0.00041,63,0.00063
-34,23,3,100000,30,0.0003,85,0.00085
-34,23,4,100000,35,0.00035,75,0.00075
-34,23,5,100000,34,0.00034,75,0.00075
-34,24,0,100000,41,0.00041,80,0.0008
-34,24,1,100000,27,0.00027,77,0.00077
-34,24,2,100000,19,0.00019,69,0.00069
-34,24,3,100000,27,0.00027,70,0.0007
-34,24,4,100000,33,0.00033,76,0.00076
-34,24,5,100000,19,0.00019,73,0.00073
-34,25,0,100000,59,0.00059,102,0.00102
-34,25,1,100000,33,0.00033,67,0.00067
-34,25,2,100000,34,0.00034,63,0.00063
-34,25,3,100000,26,0.00026,68,0.00068
-34,25,4,100000,45,0.00045,78,0.00078
-34,25,5,100000,32,0.00032,81,0.00081
-34,26,0,100000,16,0.00016,73,0.00073
-34,26,1,100000,34,0.00034,80,0.0008
-34,26,2,100000,28,0.00028,61,0.00061
-34,26,3,100000,34,0.00034,72,0.00072
-34,26,4,100000,54,0.00054,67,0.00067
-34,26,5,100000,21,0.00021,77,0.00077
-34,27,0,100000,37,0.00037,76,0.00076
-34,27,1,100000,27,0.00027,73,0.00073
-34,27,2,100000,40,0.0004,81,0.00081
-34,27,3,100000,29,0.00029,86,0.00086
-34,27,4,100000,30,0.0003,61,0.00061
-34,27,5,100000,26,0.00026,75,0.00075
-34,28,0,100000,20,0.0002,57,0.00057
-34,28,1,100000,35,0.00035,69,0.00069
-34,28,2,100000,28,0.00028,85,0.00085
-34,28,3,100000,20,0.0002,63,0.00063
-34,28,4,100000,25,0.00025,79,0.00079
-34,28,5,100000,24,0.00024,74,0.00074
-34,29,0,100000,17,0.00017,73,0.00073
-34,29,1,100000,20,0.0002,68,0.00068
-34,29,2,100000,44,0.00044,84,0.00084
-34,29,3,100000,19,0.00019,67,0.00067
-34,29,4,100000,37,0.00037,87,0.00087
-34,29,5,100000,21,0.00021,65,0.00065
-34,30,0,100000,21,0.00021,65,0.00065
-34,30,1,100000,37,0.00037,84,0.00084
-34,30,2,100000,34,0.00034,65,0.00065
-34,30,3,100000,26,0.00026,71,0.00071
-34,30,4,100000,27,0.00027,78,0.00078
-34,30,5,100000,37,0.00037,70,0.0007
-34,31,0,100000,38,0.00038,64,0.00064
-34,31,1,100000,25,0.00025,71,0.00071
-34,31,2,100000,22,0.00022,65,0.00065
-34,31,3,100000,43,0.00043,69,0.00069
-34,31,4,100000,30,0.0003,70,0.0007
-34,31,5,100000,21,0.00021,70,0.0007
-34,32,0,100000,42,0.00042,72,0.00072
-34,32,1,100000,38,0.00038,67,0.00067
-34,32,2,100000,41,0.00041,91,0.00091
-34,32,3,100000,30,0.0003,65,0.00065
-34,32,4,100000,30,0.0003,65,0.00065
-34,32,5,100000,30,0.0003,85,0.00085
-34,33,0,100000,34,0.00034,89,0.00089
-34,33,1,100000,38,0.00038,66,0.00066
-34,33,2,100000,31,0.00031,84,0.00084
-34,33,3,100000,26,0.00026,58,0.00058
-34,33,4,100000,38,0.00038,79,0.00079
-34,33,5,100000,27,0.00027,83,0.00083
-34,34,0,100000,46,0.00046,94,0.00094
-34,34,1,100000,30,0.0003,87,0.00087
-34,34,2,100000,41,0.00041,80,0.0008
-34,34,3,100000,35,0.00035,77,0.00077
-34,34,4,100000,27,0.00027,70,0.0007
-34,34,5,100000,55,0.00055,78,0.00078
-34,35,0,100000,52,0.00052,79,0.00079
-34,35,1,100000,26,0.00026,69,0.00069
-34,35,2,100000,26,0.00026,85,0.00085
-34,35,3,100000,51,0.00051,78,0.00078
-34,35,4,100000,26,0.00026,72,0.00072
-34,35,5,100000,37,0.00037,72,0.00072
-34,36,0,100000,35,0.00035,73,0.00073
-34,36,1,100000,10,0.0001,52,0.00052
-34,36,2,100000,31,0.00031,62,0.00062
-34,36,3,100000,31,0.00031,77,0.00077
-34,36,4,100000,21,0.00021,69,0.00069
-34,36,5,100000,22,0.00022,60,0.0006
-34,37,0,100000,29,0.00029,81,0.00081
-34,37,1,100000,27,0.00027,80,0.0008
-34,37,2,100000,27,0.00027,67,0.00067
-34,37,3,100000,26,0.00026,73,0.00073
-34,37,4,100000,49,0.00049,83,0.00083
-34,37,5,100000,36,0.00036,83,0.00083
-34,38,0,100000,22,0.00022,64,0.00064
-34,38,1,100000,33,0.00033,74,0.00074
-34,38,2,100000,34,0.00034,77,0.00077
-34,38,3,100000,30,0.0003,73,0.00073
-34,38,4,100000,18,0.00018,63,0.00063
-34,38,5,100000,47,0.00047,88,0.00088
-34,39,0,100000,26,0.00026,50,0.0005
-34,39,1,100000,20,0.0002,55,0.00055
-34,39,2,100000,35,0.00035,66,0.00066
-34,39,3,100000,26,0.00026,56,0.00056
-34,39,4,100000,45,0.00045,78,0.00078
-34,39,5,100000,20,0.0002,68,0.00068
-34,40,0,100000,38,0.00038,73,0.00073
-34,40,1,100000,14,0.00014,78,0.00078
-34,40,2,100000,15,0.00015,72,0.00072
-34,40,3,100000,19,0.00019,74,0.00074
-34,40,4,100000,17,0.00017,68,0.00068
-34,40,5,100000,52,0.00052,84,0.00084
-34,41,0,100000,19,0.00019,74,0.00074
-34,41,1,100000,19,0.00019,77,0.00077
-34,41,2,100000,14,0.00014,67,0.00067
-34,41,3,100000,23,0.00023,73,0.00073
-34,41,4,100000,29,0.00029,71,0.00071
-34,41,5,100000,39,0.00039,74,0.00074
-34,42,0,100000,29,0.00029,84,0.00084
-34,42,1,100000,60,0.0006,82,0.00082
-34,42,2,100000,16,0.00016,57,0.00057
-34,42,3,100000,20,0.0002,72,0.00072
-34,42,4,100000,28,0.00028,76,0.00076
-34,42,5,100000,33,0.00033,63,0.00063
-34,43,0,100000,49,0.00049,77,0.00077
-34,43,1,100000,32,0.00032,65,0.00065
-34,43,2,100000,32,0.00032,86,0.00086
-34,43,3,100000,34,0.00034,68,0.00068
-34,43,4,100000,48,0.00048,82,0.00082
-34,43,5,100000,35,0.00035,84,0.00084
-34,44,0,100000,45,0.00045,82,0.00082
-34,44,1,100000,34,0.00034,58,0.00058
-34,44,2,100000,24,0.00024,55,0.00055
-34,44,3,100000,32,0.00032,72,0.00072
-34,44,4,100000,31,0.00031,73,0.00073
-34,44,5,100000,32,0.00032,68,0.00068
-34,45,0,100000,38,0.00038,73,0.00073
-34,45,1,100000,35,0.00035,72,0.00072
-34,45,2,100000,24,0.00024,89,0.00089
-34,45,3,100000,41,0.00041,77,0.00077
-34,45,4,100000,54,0.00054,87,0.00087
-34,45,5,100000,31,0.00031,83,0.00083
-34,46,0,100000,51,0.00051,83,0.00083
-34,46,1,100000,26,0.00026,74,0.00074
-34,46,2,100000,20,0.0002,78,0.00078
-34,46,3,100000,31,0.00031,78,0.00078
-34,46,4,100000,18,0.00018,77,0.00077
-34,46,5,100000,54,0.00054,95,0.00095
-34,47,0,100000,28,0.00028,65,0.00065
-34,47,1,100000,29,0.00029,73,0.00073
-34,47,2,100000,45,0.00045,86,0.00086
-34,47,3,100000,23,0.00023,83,0.00083
-34,47,4,100000,29,0.00029,95,0.00095
-34,47,5,100000,11,0.00011,65,0.00065
-34,48,0,100000,31,0.00031,85,0.00085
-34,48,1,100000,24,0.00024,71,0.00071
-34,48,2,100000,30,0.0003,60,0.0006
-34,48,3,100000,38,0.00038,62,0.00062
-34,48,4,100000,20,0.0002,67,0.00067
-34,48,5,100000,35,0.00035,81,0.00081
-34,49,0,100000,21,0.00021,81,0.00081
-34,49,1,100000,21,0.00021,57,0.00057
-34,49,2,100000,24,0.00024,57,0.00057
-34,49,3,100000,34,0.00034,83,0.00083
-34,49,4,100000,32,0.00032,68,0.00068
-34,49,5,100000,55,0.00055,75,0.00075
-34,50,0,100000,34,0.00034,59,0.00059
-34,50,1,100000,28,0.00028,69,0.00069
-34,50,2,100000,58,0.00058,87,0.00087
-34,50,3,100000,40,0.0004,75,0.00075
-34,50,4,100000,21,0.00021,71,0.00071
-34,50,5,100000,26,0.00026,67,0.00067
-33,-50,0,100000,22,0.00022,74,0.00074
-33,-50,1,100000,22,0.00022,65,0.00065
-33,-50,2,100000,46,0.00046,83,0.00083
-33,-50,3,100000,34,0.00034,80,0.0008
-33,-50,4,100000,32,0.00032,74,0.00074
-33,-50,5,100000,41,0.00041,76,0.00076
-33,-49,0,100000,38,0.00038,80,0.0008
-33,-49,1,100000,31,0.00031,65,0.00065
-33,-49,2,100000,24,0.00024,80,0.0008
-33,-49,3,100000,29,0.00029,87,0.00087
-33,-49,4,100000,28,0.00028,75,0.00075
-33,-49,5,100000,33,0.00033,80,0.0008
-33,-48,0,100000,57,0.00057,78,0.00078
-33,-48,1,100000,70,0.0007,74,0.00074
-33,-48,2,100000,31,0.00031,83,0.00083
-33,-48,3,100000,23,0.00023,77,0.00077
-33,-48,4,100000,26,0.00026,78,0.00078
-33,-48,5,100000,16,0.00016,67,0.00067
-33,-47,0,100000,25,0.00025,75,0.00075
-33,-47,1,100000,28,0.00028,72,0.00072
-33,-47,2,100000,31,0.00031,81,0.00081
-33,-47,3,100000,31,0.00031,84,0.00084
-33,-47,4,100000,34,0.00034,75,0.00075
-33,-47,5,100000,19,0.00019,69,0.00069
-33,-46,0,100000,21,0.00021,69,0.00069
-33,-46,1,100000,15,0.00015,71,0.00071
-33,-46,2,100000,51,0.00051,75,0.00075
-33,-46,3,100000,32,0.00032,77,0.00077
-33,-46,4,100000,19,0.00019,69,0.00069
-33,-46,5,100000,34,0.00034,89,0.00089
-33,-45,0,100000,28,0.00028,82,0.00082
-33,-45,1,100000,26,0.00026,74,0.00074
-33,-45,2,100000,45,0.00045,76,0.00076
-33,-45,3,100000,50,0.0005,95,0.00095
-33,-45,4,100000,37,0.00037,74,0.00074
-33,-45,5,100000,12,0.00012,74,0.00074
-33,-44,0,100000,21,0.00021,70,0.0007
-33,-44,1,100000,16,0.00016,71,0.00071
-33,-44,2,100000,18,0.00018,68,0.00068
-33,-44,3,100000,26,0.00026,74,0.00074
-33,-44,4,100000,34,0.00034,74,0.00074
-33,-44,5,100000,47,0.00047,78,0.00078
-33,-43,0,100000,28,0.00028,84,0.00084
-33,-43,1,100000,21,0.00021,76,0.00076
-33,-43,2,100000,32,0.00032,62,0.00062
-33,-43,3,100000,20,0.0002,77,0.00077
-33,-43,4,100000,25,0.00025,65,0.00065
-33,-43,5,100000,29,0.00029,58,0.00058
-33,-42,0,100000,27,0.00027,76,0.00076
-33,-42,1,100000,23,0.00023,61,0.00061
-33,-42,2,100000,35,0.00035,87,0.00087
-33,-42,3,100000,20,0.0002,74,0.00074
-33,-42,4,100000,29,0.00029,58,0.00058
-33,-42,5,100000,25,0.00025,80,0.0008
-33,-41,0,100000,27,0.00027,67,0.00067
-33,-41,1,100000,25,0.00025,76,0.00076
-33,-41,2,100000,34,0.00034,60,0.0006
-33,-41,3,100000,54,0.00054,82,0.00082
-33,-41,4,100000,31,0.00031,65,0.00065
-33,-41,5,100000,26,0.00026,75,0.00075
-33,-40,0,100000,36,0.00036,75,0.00075
-33,-40,1,100000,36,0.00036,54,0.00054
-33,-40,2,100000,27,0.00027,91,0.00091
-33,-40,3,100000,24,0.00024,70,0.0007
-33,-40,4,100000,22,0.00022,60,0.0006
-33,-40,5,100000,35,0.00035,87,0.00087
-33,-39,0,100000,36,0.00036,65,0.00065
-33,-39,1,100000,36,0.00036,61,0.00061
-33,-39,2,100000,26,0.00026,64,0.00064
-33,-39,3,100000,62,0.00062,74,0.00074
-33,-39,4,100000,18,0.00018,67,0.00067
-33,-39,5,100000,14,0.00014,61,0.00061
-33,-38,0,100000,30,0.0003,66,0.00066
-33,-38,1,100000,12,0.00012,61,0.00061
-33,-38,2,100000,20,0.0002,72,0.00072
-33,-38,3,100000,30,0.0003,77,0.00077
-33,-38,4,100000,35,0.00035,69,0.00069
-33,-38,5,100000,23,0.00023,65,0.00065
-33,-37,0,100000,29,0.00029,100,0.001
-33,-37,1,100000,30,0.0003,71,0.00071
-33,-37,2,100000,33,0.00033,82,0.00082
-33,-37,3,100000,35,0.00035,73,0.00073
-33,-37,4,100000,38,0.00038,68,0.00068
-33,-37,5,100000,15,0.00015,74,0.00074
-33,-36,0,100000,38,0.00038,60,0.0006
-33,-36,1,100000,27,0.00027,73,0.00073
-33,-36,2,100000,48,0.00048,89,0.00089
-33,-36,3,100000,20,0.0002,74,0.00074
-33,-36,4,100000,34,0.00034,67,0.00067
-33,-36,5,100000,46,0.00046,74,0.00074
-33,-35,0,100000,38,0.00038,84,0.00084
-33,-35,1,100000,22,0.00022,57,0.00057
-33,-35,2,100000,28,0.00028,70,0.0007
-33,-35,3,100000,29,0.00029,62,0.00062
-33,-35,4,100000,43,0.00043,73,0.00073
-33,-35,5,100000,19,0.00019,67,0.00067
-33,-34,0,100000,41,0.00041,56,0.00056
-33,-34,1,100000,14,0.00014,66,0.00066
-33,-34,2,100000,25,0.00025,81,0.00081
-33,-34,3,100000,18,0.00018,66,0.00066
-33,-34,4,100000,24,0.00024,67,0.00067
-33,-34,5,100000,25,0.00025,84,0.00084
-33,-33,0,100000,26,0.00026,61,0.00061
-33,-33,1,100000,40,0.0004,84,0.00084
-33,-33,2,100000,16,0.00016,61,0.00061
-33,-33,3,100000,28,0.00028,68,0.00068
-33,-33,4,100000,9,9e-05,55,0.00055
-33,-33,5,100000,33,0.00033,84,0.00084
-33,-32,0,100000,33,0.00033,66,0.00066
-33,-32,1,100000,30,0.0003,72,0.00072
-33,-32,2,100000,26,0.00026,78,0.00078
-33,-32,3,100000,44,0.00044,79,0.00079
-33,-32,4,100000,41,0.00041,71,0.00071
-33,-32,5,100000,37,0.00037,74,0.00074
-33,-31,0,100000,37,0.00037,76,0.00076
-33,-31,1,100000,37,0.00037,81,0.00081
-33,-31,2,100000,18,0.00018,68,0.00068
-33,-31,3,100000,32,0.00032,64,0.00064
-33,-31,4,100000,19,0.00019,54,0.00054
-33,-31,5,100000,28,0.00028,73,0.00073
-33,-30,0,100000,34,0.00034,64,0.00064
-33,-30,1,100000,32,0.00032,70,0.0007
-33,-30,2,100000,25,0.00025,66,0.00066
-33,-30,3,100000,17,0.00017,73,0.00073
-33,-30,4,100000,42,0.00042,67,0.00067
-33,-30,5,100000,35,0.00035,80,0.0008
-33,-29,0,100000,32,0.00032,76,0.00076
-33,-29,1,100000,27,0.00027,67,0.00067
-33,-29,2,100000,45,0.00045,82,0.00082
-33,-29,3,100000,17,0.00017,69,0.00069
-33,-29,4,100000,31,0.00031,75,0.00075
-33,-29,5,100000,31,0.00031,60,0.0006
-33,-28,0,100000,27,0.00027,68,0.00068
-33,-28,1,100000,43,0.00043,81,0.00081
-33,-28,2,100000,49,0.00049,73,0.00073
-33,-28,3,100000,38,0.00038,84,0.00084
-33,-28,4,100000,43,0.00043,83,0.00083
-33,-28,5,100000,40,0.0004,76,0.00076
-33,-27,0,100000,23,0.00023,81,0.00081
-33,-27,1,100000,23,0.00023,78,0.00078
-33,-27,2,100000,38,0.00038,79,0.00079
-33,-27,3,100000,14,0.00014,54,0.00054
-33,-27,4,100000,30,0.0003,63,0.00063
-33,-27,5,100000,34,0.00034,63,0.00063
-33,-26,0,100000,17,0.00017,74,0.00074
-33,-26,1,100000,30,0.0003,61,0.00061
-33,-26,2,100000,27,0.00027,77,0.00077
-33,-26,3,100000,32,0.00032,81,0.00081
-33,-26,4,100000,28,0.00028,79,0.00079
-33,-26,5,100000,28,0.00028,79,0.00079
-33,-25,0,100000,31,0.00031,60,0.0006
-33,-25,1,100000,26,0.00026,69,0.00069
-33,-25,2,100000,31,0.00031,81,0.00081
-33,-25,3,100000,19,0.00019,57,0.00057
-33,-25,4,100000,8,8e-05,58,0.00058
-33,-25,5,100000,33,0.00033,72,0.00072
-33,-24,0,100000,48,0.00048,75,0.00075
-33,-24,1,100000,27,0.00027,71,0.00071
-33,-24,2,100000,45,0.00045,59,0.00059
-33,-24,3,100000,40,0.0004,83,0.00083
-33,-24,4,100000,17,0.00017,72,0.00072
-33,-24,5,100000,22,0.00022,69,0.00069
-33,-23,0,100000,25,0.00025,70,0.0007
-33,-23,1,100000,13,0.00013,74,0.00074
-33,-23,2,100000,33,0.00033,74,0.00074
-33,-23,3,100000,16,0.00016,66,0.00066
-33,-23,4,100000,14,0.00014,64,0.00064
-33,-23,5,100000,28,0.00028,54,0.00054
-33,-22,0,100000,28,0.00028,67,0.00067
-33,-22,1,100000,15,0.00015,55,0.00055
-33,-22,2,100000,31,0.00031,77,0.00077
-33,-22,3,100000,30,0.0003,75,0.00075
-33,-22,4,100000,28,0.00028,63,0.00063
-33,-22,5,100000,36,0.00036,81,0.00081
-33,-21,0,100000,42,0.00042,68,0.00068
-33,-21,1,100000,50,0.0005,72,0.00072
-33,-21,2,100000,30,0.0003,80,0.0008
-33,-21,3,100000,18,0.00018,67,0.00067
-33,-21,4,100000,21,0.00021,81,0.00081
-33,-21,5,100000,21,0.00021,54,0.00054
-33,-20,0,100000,28,0.00028,76,0.00076
-33,-20,1,100000,26,0.00026,66,0.00066
-33,-20,2,100000,35,0.00035,70,0.0007
-33,-20,3,100000,32,0.00032,64,0.00064
-33,-20,4,100000,30,0.0003,62,0.00062
-33,-20,5,100000,25,0.00025,67,0.00067
-33,-19,0,100000,30,0.0003,67,0.00067
-33,-19,1,100000,35,0.00035,59,0.00059
-33,-19,2,100000,36,0.00036,84,0.00084
-33,-19,3,100000,25,0.00025,71,0.00071
-33,-19,4,100000,24,0.00024,62,0.00062
-33,-19,5,100000,37,0.00037,72,0.00072
-33,-18,0,100000,57,0.00057,82,0.00082
-33,-18,1,100000,32,0.00032,77,0.00077
-33,-18,2,100000,29,0.00029,76,0.00076
-33,-18,3,100000,27,0.00027,88,0.00088
-33,-18,4,100000,29,0.00029,71,0.00071
-33,-18,5,100000,30,0.0003,78,0.00078
-33,-17,0,100000,28,0.00028,71,0.00071
-33,-17,1,100000,34,0.00034,80,0.0008
-33,-17,2,100000,24,0.00024,70,0.0007
-33,-17,3,100000,27,0.00027,70,0.0007
-33,-17,4,100000,29,0.00029,75,0.00075
-33,-17,5,100000,30,0.0003,51,0.00051
-33,-16,0,100000,24,0.00024,70,0.0007
-33,-16,1,100000,23,0.00023,62,0.00062
-33,-16,2,100000,35,0.00035,62,0.00062
-33,-16,3,100000,29,0.00029,64,0.00064
-33,-16,4,100000,32,0.00032,68,0.00068
-33,-16,5,100000,24,0.00024,64,0.00064
-33,-15,0,100000,32,0.00032,69,0.00069
-33,-15,1,100000,14,0.00014,65,0.00065
-33,-15,2,100000,34,0.00034,70,0.0007
-33,-15,3,100000,36,0.00036,76,0.00076
-33,-15,4,100000,24,0.00024,81,0.00081
-33,-15,5,100000,39,0.00039,69,0.00069
-33,-14,0,100000,30,0.0003,78,0.00078
-33,-14,1,100000,31,0.00031,62,0.00062
-33,-14,2,100000,29,0.00029,64,0.00064
-33,-14,3,100000,27,0.00027,84,0.00084
-33,-14,4,100000,20,0.0002,56,0.00056
-33,-14,5,100000,46,0.00046,77,0.00077
-33,-13,0,100000,20,0.0002,73,0.00073
-33,-13,1,100000,29,0.00029,71,0.00071
-33,-13,2,100000,48,0.00048,81,0.00081
-33,-13,3,100000,35,0.00035,76,0.00076
-33,-13,4,100000,33,0.00033,91,0.00091
-33,-13,5,100000,26,0.00026,56,0.00056
-33,-12,0,100000,43,0.00043,71,0.00071
-33,-12,1,100000,50,0.0005,80,0.0008
-33,-12,2,100000,29,0.00029,72,0.00072
-33,-12,3,100000,33,0.00033,81,0.00081
-33,-12,4,100000,18,0.00018,62,0.00062
-33,-12,5,100000,30,0.0003,82,0.00082
-33,-11,0,100000,28,0.00028,76,0.00076
-33,-11,1,100000,41,0.00041,84,0.00084
-33,-11,2,100000,33,0.00033,87,0.00087
-33,-11,3,100000,34,0.00034,82,0.00082
-33,-11,4,100000,29,0.00029,65,0.00065
-33,-11,5,100000,30,0.0003,81,0.00081
-33,-10,0,100000,32,0.00032,77,0.00077
-33,-10,1,100000,37,0.00037,64,0.00064
-33,-10,2,100000,29,0.00029,73,0.00073
-33,-10,3,100000,26,0.00026,58,0.00058
-33,-10,4,100000,35,0.00035,71,0.00071
-33,-10,5,100000,37,0.00037,72,0.00072
-33,-9,0,100000,40,0.0004,78,0.00078
-33,-9,1,100000,31,0.00031,92,0.00092
-33,-9,2,100000,12,0.00012,66,0.00066
-33,-9,3,100000,58,0.00058,72,0.00072
-33,-9,4,100000,35,0.00035,76,0.00076
-33,-9,5,100000,17,0.00017,61,0.00061
-33,-8,0,100000,21,0.00021,81,0.00081
-33,-8,1,100000,35,0.00035,62,0.00062
-33,-8,2,100000,21,0.00021,65,0.00065
-33,-8,3,100000,34,0.00034,79,0.00079
-33,-8,4,100000,25,0.00025,63,0.00063
-33,-8,5,100000,34,0.00034,61,0.00061
-33,-7,0,100000,19,0.00019,62,0.00062
-33,-7,1,100000,24,0.00024,68,0.00068
-33,-7,2,100000,24,0.00024,75,0.00075
-33,-7,3,100000,20,0.0002,69,0.00069
-33,-7,4,100000,32,0.00032,65,0.00065
-33,-7,5,100000,11,0.00011,69,0.00069
-33,-6,0,100000,34,0.00034,63,0.00063
-33,-6,1,100000,30,0.0003,66,0.00066
-33,-6,2,100000,23,0.00023,72,0.00072
-33,-6,3,100000,48,0.00048,66,0.00066
-33,-6,4,100000,23,0.00023,66,0.00066
-33,-6,5,100000,21,0.00021,66,0.00066
-33,-5,0,100000,36,0.00036,70,0.0007
-33,-5,1,100000,26,0.00026,76,0.00076
-33,-5,2,100000,60,0.0006,71,0.00071
-33,-5,3,100000,21,0.00021,69,0.00069
-33,-5,4,100000,20,0.0002,58,0.00058
-33,-5,5,100000,19,0.00019,69,0.00069
-33,-4,0,100000,26,0.00026,72,0.00072
-33,-4,1,100000,46,0.00046,90,0.0009
-33,-4,2,100000,38,0.00038,72,0.00072
-33,-4,3,100000,27,0.00027,65,0.00065
-33,-4,4,100000,27,0.00027,59,0.00059
-33,-4,5,100000,30,0.0003,80,0.0008
-33,-3,0,100000,28,0.00028,74,0.00074
-33,-3,1,100000,30,0.0003,62,0.00062
-33,-3,2,100000,15,0.00015,64,0.00064
-33,-3,3,100000,21,0.00021,70,0.0007
-33,-3,4,100000,30,0.0003,71,0.00071
-33,-3,5,100000,28,0.00028,48,0.00048
-33,-2,0,100000,25,0.00025,78,0.00078
-33,-2,1,100000,14,0.00014,66,0.00066
-33,-2,2,100000,44,0.00044,74,0.00074
-33,-2,3,100000,42,0.00042,85,0.00085
-33,-2,4,100000,37,0.00037,65,0.00065
-33,-2,5,100000,33,0.00033,78,0.00078
-33,-1,0,100000,44,0.00044,68,0.00068
-33,-1,1,100000,21,0.00021,78,0.00078
-33,-1,2,100000,30,0.0003,76,0.00076
-33,-1,3,100000,23,0.00023,75,0.00075
-33,-1,4,100000,15,0.00015,78,0.00078
-33,-1,5,100000,34,0.00034,68,0.00068
-33,0,0,100000,26,0.00026,79,0.00079
-33,0,1,100000,37,0.00037,62,0.00062
-33,0,2,100000,37,0.00037,68,0.00068
-33,0,3,100000,16,0.00016,66,0.00066
-33,0,4,100000,36,0.00036,61,0.00061
-33,0,5,100000,23,0.00023,71,0.00071
-33,1,0,100000,22,0.00022,60,0.0006
-33,1,1,100000,28,0.00028,76,0.00076
-33,1,2,100000,21,0.00021,72,0.00072
-33,1,3,100000,37,0.00037,72,0.00072
-33,1,4,100000,32,0.00032,80,0.0008
-33,1,5,100000,32,0.00032,76,0.00076
-33,2,0,100000,21,0.00021,72,0.00072
-33,2,1,100000,35,0.00035,68,0.00068
-33,2,2,100000,38,0.00038,67,0.00067
-33,2,3,100000,19,0.00019,58,0.00058
-33,2,4,100000,24,0.00024,56,0.00056
-33,2,5,100000,22,0.00022,71,0.00071
-33,3,0,100000,57,0.00057,76,0.00076
-33,3,1,100000,48,0.00048,72,0.00072
-33,3,2,100000,15,0.00015,63,0.00063
-33,3,3,100000,30,0.0003,62,0.00062
-33,3,4,100000,19,0.00019,71,0.00071
-33,3,5,100000,23,0.00023,67,0.00067
-33,4,0,100000,12,0.00012,65,0.00065
-33,4,1,100000,32,0.00032,68,0.00068
-33,4,2,100000,31,0.00031,67,0.00067
-33,4,3,100000,45,0.00045,81,0.00081
-33,4,4,100000,27,0.00027,80,0.0008
-33,4,5,100000,18,0.00018,63,0.00063
-33,5,0,100000,29,0.00029,85,0.00085
-33,5,1,100000,42,0.00042,74,0.00074
-33,5,2,100000,33,0.00033,68,0.00068
-33,5,3,100000,39,0.00039,65,0.00065
-33,5,4,100000,21,0.00021,66,0.00066
-33,5,5,100000,31,0.00031,80,0.0008
-33,6,0,100000,46,0.00046,85,0.00085
-33,6,1,100000,36,0.00036,82,0.00082
-33,6,2,100000,34,0.00034,67,0.00067
-33,6,3,100000,25,0.00025,61,0.00061
-33,6,4,100000,27,0.00027,68,0.00068
-33,6,5,100000,26,0.00026,72,0.00072
-33,7,0,100000,20,0.0002,72,0.00072
-33,7,1,100000,34,0.00034,62,0.00062
-33,7,2,100000,28,0.00028,69,0.00069
-33,7,3,100000,23,0.00023,83,0.00083
-33,7,4,100000,20,0.0002,67,0.00067
-33,7,5,100000,28,0.00028,71,0.00071
-33,8,0,100000,35,0.00035,69,0.00069
-33,8,1,100000,29,0.00029,79,0.00079
-33,8,2,100000,24,0.00024,60,0.0006
-33,8,3,100000,30,0.0003,74,0.00074
-33,8,4,100000,25,0.00025,62,0.00062
-33,8,5,100000,18,0.00018,67,0.00067
-33,9,0,100000,21,0.00021,70,0.0007
-33,9,1,100000,37,0.00037,79,0.00079
-33,9,2,100000,23,0.00023,69,0.00069
-33,9,3,100000,41,0.00041,70,0.0007
-33,9,4,100000,27,0.00027,80,0.0008
-33,9,5,100000,30,0.0003,76,0.00076
-33,10,0,100000,35,0.00035,85,0.00085
-33,10,1,100000,25,0.00025,75,0.00075
-33,10,2,100000,18,0.00018,65,0.00065
-33,10,3,100000,19,0.00019,58,0.00058
-33,10,4,100000,28,0.00028,73,0.00073
-33,10,5,100000,31,0.00031,71,0.00071
-33,11,0,100000,32,0.00032,71,0.00071
-33,11,1,100000,31,0.00031,80,0.0008
-33,11,2,100000,19,0.00019,63,0.00063
-33,11,3,100000,22,0.00022,59,0.00059
-33,11,4,100000,18,0.00018,74,0.00074
-33,11,5,100000,22,0.00022,65,0.00065
-33,12,0,100000,27,0.00027,77,0.00077
-33,12,1,100000,23,0.00023,73,0.00073
-33,12,2,100000,21,0.00021,69,0.00069
-33,12,3,100000,30,0.0003,70,0.0007
-33,12,4,100000,24,0.00024,62,0.00062
-33,12,5,100000,30,0.0003,69,0.00069
-33,13,0,100000,37,0.00037,73,0.00073
-33,13,1,100000,39,0.00039,93,0.00093
-33,13,2,100000,41,0.00041,90,0.0009
-33,13,3,100000,29,0.00029,72,0.00072
-33,13,4,100000,16,0.00016,65,0.00065
-33,13,5,100000,25,0.00025,78,0.00078
-33,14,0,100000,37,0.00037,78,0.00078
-33,14,1,100000,45,0.00045,78,0.00078
-33,14,2,100000,31,0.00031,59,0.00059
-33,14,3,100000,24,0.00024,71,0.00071
-33,14,4,100000,26,0.00026,73,0.00073
-33,14,5,100000,33,0.00033,76,0.00076
-33,15,0,100000,39,0.00039,65,0.00065
-33,15,1,100000,25,0.00025,76,0.00076
-33,15,2,100000,32,0.00032,67,0.00067
-33,15,3,100000,26,0.00026,91,0.00091
-33,15,4,100000,31,0.00031,68,0.00068
-33,15,5,100000,19,0.00019,73,0.00073
-33,16,0,100000,21,0.00021,75,0.00075
-33,16,1,100000,49,0.00049,86,0.00086
-33,16,2,100000,25,0.00025,76,0.00076
-33,16,3,100000,19,0.00019,63,0.00063
-33,16,4,100000,24,0.00024,61,0.00061
-33,16,5,100000,20,0.0002,64,0.00064
-33,17,0,100000,36,0.00036,70,0.0007
-33,17,1,100000,48,0.00048,80,0.0008
-33,17,2,100000,18,0.00018,65,0.00065
-33,17,3,100000,22,0.00022,73,0.00073
-33,17,4,100000,26,0.00026,66,0.00066
-33,17,5,100000,29,0.00029,65,0.00065
-33,18,0,100000,37,0.00037,81,0.00081
-33,18,1,100000,35,0.00035,66,0.00066
-33,18,2,100000,31,0.00031,75,0.00075
-33,18,3,100000,32,0.00032,76,0.00076
-33,18,4,100000,40,0.0004,72,0.00072
-33,18,5,100000,32,0.00032,69,0.00069
-33,19,0,100000,32,0.00032,76,0.00076
-33,19,1,100000,23,0.00023,57,0.00057
-33,19,2,100000,27,0.00027,63,0.00063
-33,19,3,100000,27,0.00027,64,0.00064
-33,19,4,100000,29,0.00029,66,0.00066
-33,19,5,100000,31,0.00031,80,0.0008
-33,20,0,100000,22,0.00022,62,0.00062
-33,20,1,100000,23,0.00023,74,0.00074
-33,20,2,100000,19,0.00019,70,0.0007
-33,20,3,100000,28,0.00028,79,0.00079
-33,20,4,100000,47,0.00047,69,0.00069
-33,20,5,100000,35,0.00035,73,0.00073
-33,21,0,100000,19,0.00019,60,0.0006
-33,21,1,100000,18,0.00018,67,0.00067
-33,21,2,100000,23,0.00023,67,0.00067
-33,21,3,100000,40,0.0004,83,0.00083
-33,21,4,100000,25,0.00025,59,0.00059
-33,21,5,100000,48,0.00048,84,0.00084
-33,22,0,100000,32,0.00032,75,0.00075
-33,22,1,100000,29,0.00029,78,0.00078
-33,22,2,100000,29,0.00029,71,0.00071
-33,22,3,100000,31,0.00031,87,0.00087
-33,22,4,100000,34,0.00034,64,0.00064
-33,22,5,100000,26,0.00026,70,0.0007
-33,23,0,100000,36,0.00036,85,0.00085
-33,23,1,100000,31,0.00031,77,0.00077
-33,23,2,100000,26,0.00026,65,0.00065
-33,23,3,100000,23,0.00023,76,0.00076
-33,23,4,100000,30,0.0003,76,0.00076
-33,23,5,100000,25,0.00025,82,0.00082
-33,24,0,100000,46,0.00046,84,0.00084
-33,24,1,100000,16,0.00016,72,0.00072
-33,24,2,100000,24,0.00024,73,0.00073
-33,24,3,100000,26,0.00026,71,0.00071
-33,24,4,100000,21,0.00021,59,0.00059
-33,24,5,100000,48,0.00048,94,0.00094
-33,25,0,100000,17,0.00017,61,0.00061
-33,25,1,100000,35,0.00035,83,0.00083
-33,25,2,100000,29,0.00029,63,0.00063
-33,25,3,100000,30,0.0003,84,0.00084
-33,25,4,100000,12,0.00012,54,0.00054
-33,25,5,100000,37,0.00037,81,0.00081
-33,26,0,100000,29,0.00029,74,0.00074
-33,26,1,100000,9,9e-05,65,0.00065
-33,26,2,100000,27,0.00027,73,0.00073
-33,26,3,100000,19,0.00019,76,0.00076
-33,26,4,100000,29,0.00029,64,0.00064
-33,26,5,100000,29,0.00029,78,0.00078
-33,27,0,100000,26,0.00026,61,0.00061
-33,27,1,100000,29,0.00029,81,0.00081
-33,27,2,100000,26,0.00026,78,0.00078
-33,27,3,100000,21,0.00021,66,0.00066
-33,27,4,100000,25,0.00025,87,0.00087
-33,27,5,100000,24,0.00024,69,0.00069
-33,28,0,100000,25,0.00025,75,0.00075
-33,28,1,100000,49,0.00049,84,0.00084
-33,28,2,100000,33,0.00033,76,0.00076
-33,28,3,100000,22,0.00022,81,0.00081
-33,28,4,100000,31,0.00031,82,0.00082
-33,28,5,100000,24,0.00024,72,0.00072
-33,29,0,100000,23,0.00023,65,0.00065
-33,29,1,100000,40,0.0004,92,0.00092
-33,29,2,100000,35,0.00035,83,0.00083
-33,29,3,100000,34,0.00034,68,0.00068
-33,29,4,100000,41,0.00041,92,0.00092
-33,29,5,100000,21,0.00021,63,0.00063
-33,30,0,100000,40,0.0004,68,0.00068
-33,30,1,100000,37,0.00037,74,0.00074
-33,30,2,100000,33,0.00033,73,0.00073
-33,30,3,100000,41,0.00041,86,0.00086
-33,30,4,100000,47,0.00047,83,0.00083
-33,30,5,100000,27,0.00027,71,0.00071
-33,31,0,100000,27,0.00027,57,0.00057
-33,31,1,100000,34,0.00034,77,0.00077
-33,31,2,100000,19,0.00019,63,0.00063
-33,31,3,100000,24,0.00024,69,0.00069
-33,31,4,100000,41,0.00041,81,0.00081
-33,31,5,100000,22,0.00022,62,0.00062
-33,32,0,100000,24,0.00024,77,0.00077
-33,32,1,100000,17,0.00017,77,0.00077
-33,32,2,100000,12,0.00012,66,0.00066
-33,32,3,100000,25,0.00025,64,0.00064
-33,32,4,100000,33,0.00033,82,0.00082
-33,32,5,100000,34,0.00034,89,0.00089
-33,33,0,100000,51,0.00051,76,0.00076
-33,33,1,100000,19,0.00019,83,0.00083
-33,33,2,100000,38,0.00038,67,0.00067
-33,33,3,100000,32,0.00032,61,0.00061
-33,33,4,100000,26,0.00026,67,0.00067
-33,33,5,100000,26,0.00026,83,0.00083
-33,34,0,100000,31,0.00031,73,0.00073
-33,34,1,100000,32,0.00032,82,0.00082
-33,34,2,100000,54,0.00054,85,0.00085
-33,34,3,100000,24,0.00024,76,0.00076
-33,34,4,100000,58,0.00058,87,0.00087
-33,34,5,100000,40,0.0004,61,0.00061
-33,35,0,100000,23,0.00023,62,0.00062
-33,35,1,100000,26,0.00026,72,0.00072
-33,35,2,100000,25,0.00025,50,0.0005
-33,35,3,100000,39,0.00039,73,0.00073
-33,35,4,100000,20,0.0002,75,0.00075
-33,35,5,100000,64,0.00064,87,0.00087
-33,36,0,100000,35,0.00035,75,0.00075
-33,36,1,100000,21,0.00021,70,0.0007
-33,36,2,100000,21,0.00021,63,0.00063
-33,36,3,100000,31,0.00031,74,0.00074
-33,36,4,100000,36,0.00036,80,0.0008
-33,36,5,100000,25,0.00025,68,0.00068
-33,37,0,100000,36,0.00036,69,0.00069
-33,37,1,100000,13,0.00013,59,0.00059
-33,37,2,100000,39,0.00039,80,0.0008
-33,37,3,100000,26,0.00026,71,0.00071
-33,37,4,100000,37,0.00037,82,0.00082
-33,37,5,100000,49,0.00049,77,0.00077
-33,38,0,100000,21,0.00021,75,0.00075
-33,38,1,100000,18,0.00018,70,0.0007
-33,38,2,100000,39,0.00039,87,0.00087
-33,38,3,100000,22,0.00022,72,0.00072
-33,38,4,100000,9,9e-05,60,0.0006
-33,38,5,100000,25,0.00025,73,0.00073
-33,39,0,100000,26,0.00026,62,0.00062
-33,39,1,100000,30,0.0003,79,0.00079
-33,39,2,100000,48,0.00048,82,0.00082
-33,39,3,100000,41,0.00041,75,0.00075
-33,39,4,100000,21,0.00021,66,0.00066
-33,39,5,100000,13,0.00013,62,0.00062
-33,40,0,100000,33,0.00033,71,0.00071
-33,40,1,100000,25,0.00025,66,0.00066
-33,40,2,100000,21,0.00021,62,0.00062
-33,40,3,100000,42,0.00042,90,0.0009
-33,40,4,100000,28,0.00028,87,0.00087
-33,40,5,100000,26,0.00026,67,0.00067
-33,41,0,100000,24,0.00024,63,0.00063
-33,41,1,100000,20,0.0002,74,0.00074
-33,41,2,100000,45,0.00045,67,0.00067
-33,41,3,100000,49,0.00049,86,0.00086
-33,41,4,100000,33,0.00033,83,0.00083
-33,41,5,100000,29,0.00029,75,0.00075
-33,42,0,100000,27,0.00027,71,0.00071
-33,42,1,100000,20,0.0002,67,0.00067
-33,42,2,100000,29,0.00029,77,0.00077
-33,42,3,100000,34,0.00034,77,0.00077
-33,42,4,100000,34,0.00034,67,0.00067
-33,42,5,100000,26,0.00026,63,0.00063
-33,43,0,100000,52,0.00052,87,0.00087
-33,43,1,100000,21,0.00021,71,0.00071
-33,43,2,100000,30,0.0003,65,0.00065
-33,43,3,100000,11,0.00011,55,0.00055
-33,43,4,100000,27,0.00027,66,0.00066
-33,43,5,100000,58,0.00058,68,0.00068
-33,44,0,100000,17,0.00017,75,0.00075
-33,44,1,100000,36,0.00036,73,0.00073
-33,44,2,100000,31,0.00031,72,0.00072
-33,44,3,100000,43,0.00043,64,0.00064
-33,44,4,100000,33,0.00033,78,0.00078
-33,44,5,100000,23,0.00023,61,0.00061
-33,45,0,100000,42,0.00042,81,0.00081
-33,45,1,100000,48,0.00048,87,0.00087
-33,45,2,100000,31,0.00031,76,0.00076
-33,45,3,100000,22,0.00022,83,0.00083
-33,45,4,100000,24,0.00024,73,0.00073
-33,45,5,100000,26,0.00026,75,0.00075
-33,46,0,100000,14,0.00014,71,0.00071
-33,46,1,100000,24,0.00024,67,0.00067
-33,46,2,100000,14,0.00014,73,0.00073
-33,46,3,100000,34,0.00034,75,0.00075
-33,46,4,100000,27,0.00027,74,0.00074
-33,46,5,100000,11,0.00011,59,0.00059
-33,47,0,100000,12,0.00012,66,0.00066
-33,47,1,100000,24,0.00024,62,0.00062
-33,47,2,100000,37,0.00037,85,0.00085
-33,47,3,100000,33,0.00033,75,0.00075
-33,47,4,100000,36,0.00036,80,0.0008
-33,47,5,100000,10,0.0001,65,0.00065
-33,48,0,100000,29,0.00029,69,0.00069
-33,48,1,100000,29,0.00029,83,0.00083
-33,48,2,100000,22,0.00022,57,0.00057
-33,48,3,100000,25,0.00025,75,0.00075
-33,48,4,100000,23,0.00023,58,0.00058
-33,48,5,100000,29,0.00029,71,0.00071
-33,49,0,100000,25,0.00025,73,0.00073
-33,49,1,100000,20,0.0002,70,0.0007
-33,49,2,100000,30,0.0003,85,0.00085
-33,49,3,100000,31,0.00031,80,0.0008
-33,49,4,100000,30,0.0003,68,0.00068
-33,49,5,100000,23,0.00023,67,0.00067
-33,50,0,100000,26,0.00026,66,0.00066
-33,50,1,100000,13,0.00013,53,0.00053
-33,50,2,100000,27,0.00027,71,0.00071
-33,50,3,100000,37,0.00037,81,0.00081
-33,50,4,100000,43,0.00043,81,0.00081
-33,50,5,100000,23,0.00023,73,0.00073
-32,-50,0,100000,32,0.00032,65,0.00065
-32,-50,1,100000,22,0.00022,75,0.00075
-32,-50,2,100000,22,0.00022,69,0.00069
-32,-50,3,100000,46,0.00046,69,0.00069
-32,-50,4,100000,28,0.00028,67,0.00067
-32,-50,5,100000,25,0.00025,74,0.00074
-32,-49,0,100000,21,0.00021,62,0.00062
-32,-49,1,100000,42,0.00042,74,0.00074
-32,-49,2,100000,29,0.00029,80,0.0008
-32,-49,3,100000,32,0.00032,85,0.00085
-32,-49,4,100000,31,0.00031,75,0.00075
-32,-49,5,100000,20,0.0002,74,0.00074
-32,-48,0,100000,22,0.00022,63,0.00063
-32,-48,1,100000,30,0.0003,84,0.00084
-32,-48,2,100000,31,0.00031,70,0.0007
-32,-48,3,100000,16,0.00016,60,0.0006
-32,-48,4,100000,28,0.00028,62,0.00062
-32,-48,5,100000,25,0.00025,75,0.00075
-32,-47,0,100000,31,0.00031,78,0.00078
-32,-47,1,100000,15,0.00015,58,0.00058
-32,-47,2,100000,34,0.00034,94,0.00094
-32,-47,3,100000,22,0.00022,70,0.0007
-32,-47,4,100000,42,0.00042,87,0.00087
-32,-47,5,100000,39,0.00039,81,0.00081
-32,-46,0,100000,35,0.00035,78,0.00078
-32,-46,1,100000,21,0.00021,88,0.00088
-32,-46,2,100000,41,0.00041,90,0.0009
-32,-46,3,100000,36,0.00036,70,0.0007
-32,-46,4,100000,41,0.00041,88,0.00088
-32,-46,5,100000,32,0.00032,78,0.00078
-32,-45,0,100000,26,0.00026,60,0.0006
-32,-45,1,100000,38,0.00038,80,0.0008
-32,-45,2,100000,28,0.00028,75,0.00075
-32,-45,3,100000,58,0.00058,93,0.00093
-32,-45,4,100000,37,0.00037,82,0.00082
-32,-45,5,100000,30,0.0003,76,0.00076
-32,-44,0,100000,23,0.00023,72,0.00072
-32,-44,1,100000,29,0.00029,74,0.00074
-32,-44,2,100000,28,0.00028,73,0.00073
-32,-44,3,100000,25,0.00025,69,0.00069
-32,-44,4,100000,35,0.00035,81,0.00081
-32,-44,5,100000,21,0.00021,72,0.00072
-32,-43,0,100000,23,0.00023,76,0.00076
-32,-43,1,100000,33,0.00033,73,0.00073
-32,-43,2,100000,34,0.00034,93,0.00093
-32,-43,3,100000,31,0.00031,64,0.00064
-32,-43,4,100000,29,0.00029,78,0.00078
-32,-43,5,100000,36,0.00036,64,0.00064
-32,-42,0,100000,46,0.00046,60,0.0006
-32,-42,1,100000,38,0.00038,80,0.0008
-32,-42,2,100000,32,0.00032,82,0.00082
-32,-42,3,100000,26,0.00026,57,0.00057
-32,-42,4,100000,31,0.00031,63,0.00063
-32,-42,5,100000,20,0.0002,72,0.00072
-32,-41,0,100000,39,0.00039,69,0.00069
-32,-41,1,100000,36,0.00036,61,0.00061
-32,-41,2,100000,40,0.0004,83,0.00083
-32,-41,3,100000,29,0.00029,62,0.00062
-32,-41,4,100000,38,0.00038,73,0.00073
-32,-41,5,100000,47,0.00047,92,0.00092
-32,-40,0,100000,46,0.00046,71,0.00071
-32,-40,1,100000,26,0.00026,90,0.0009
-32,-40,2,100000,30,0.0003,70,0.0007
-32,-40,3,100000,39,0.00039,83,0.00083
-32,-40,4,100000,37,0.00037,74,0.00074
-32,-40,5,100000,57,0.00057,74,0.00074
-32,-39,0,100000,22,0.00022,60,0.0006
-32,-39,1,100000,29,0.00029,86,0.00086
-32,-39,2,100000,25,0.00025,71,0.00071
-32,-39,3,100000,44,0.00044,79,0.00079
-32,-39,4,100000,29,0.00029,67,0.00067
-32,-39,5,100000,13,0.00013,89,0.00089
-32,-38,0,100000,35,0.00035,69,0.00069
-32,-38,1,100000,38,0.00038,76,0.00076
-32,-38,2,100000,32,0.00032,73,0.00073
-32,-38,3,100000,19,0.00019,69,0.00069
-32,-38,4,100000,15,0.00015,54,0.00054
-32,-38,5,100000,28,0.00028,82,0.00082
-32,-37,0,100000,25,0.00025,69,0.00069
-32,-37,1,100000,20,0.0002,70,0.0007
-32,-37,2,100000,19,0.00019,59,0.00059
-32,-37,3,100000,15,0.00015,55,0.00055
-32,-37,4,100000,21,0.00021,59,0.00059
-32,-37,5,100000,18,0.00018,55,0.00055
-32,-36,0,100000,49,0.00049,77,0.00077
-32,-36,1,100000,43,0.00043,87,0.00087
-32,-36,2,100000,51,0.00051,81,0.00081
-32,-36,3,100000,39,0.00039,79,0.00079
-32,-36,4,100000,33,0.00033,67,0.00067
-32,-36,5,100000,16,0.00016,62,0.00062
-32,-35,0,100000,32,0.00032,83,0.00083
-32,-35,1,100000,17,0.00017,63,0.00063
-32,-35,2,100000,37,0.00037,76,0.00076
-32,-35,3,100000,21,0.00021,75,0.00075
-32,-35,4,100000,35,0.00035,66,0.00066
-32,-35,5,100000,24,0.00024,66,0.00066
-32,-34,0,100000,39,0.00039,87,0.00087
-32,-34,1,100000,26,0.00026,73,0.00073
-32,-34,2,100000,27,0.00027,67,0.00067
-32,-34,3,100000,15,0.00015,59,0.00059
-32,-34,4,100000,26,0.00026,85,0.00085
-32,-34,5,100000,40,0.0004,98,0.00098
-32,-33,0,100000,21,0.00021,77,0.00077
-32,-33,1,100000,22,0.00022,71,0.00071
-32,-33,2,100000,27,0.00027,86,0.00086
-32,-33,3,100000,28,0.00028,66,0.00066
-32,-33,4,100000,20,0.0002,70,0.0007
-32,-33,5,100000,24,0.00024,68,0.00068
-32,-32,0,100000,23,0.00023,64,0.00064
-32,-32,1,100000,25,0.00025,68,0.00068
-32,-32,2,100000,50,0.0005,65,0.00065
-32,-32,3,100000,38,0.00038,79,0.00079
-32,-32,4,100000,36,0.00036,73,0.00073
-32,-32,5,100000,41,0.00041,79,0.00079
-32,-31,0,100000,28,0.00028,68,0.00068
-32,-31,1,100000,47,0.00047,87,0.00087
-32,-31,2,100000,37,0.00037,80,0.0008
-32,-31,3,100000,39,0.00039,86,0.00086
-32,-31,4,100000,24,0.00024,65,0.00065
-32,-31,5,100000,24,0.00024,61,0.00061
-32,-30,0,100000,20,0.0002,84,0.00084
-32,-30,1,100000,28,0.00028,68,0.00068
-32,-30,2,100000,41,0.00041,80,0.0008
-32,-30,3,100000,36,0.00036,64,0.00064
-32,-30,4,100000,35,0.00035,73,0.00073
-32,-30,5,100000,40,0.0004,68,0.00068
-32,-29,0,100000,42,0.00042,83,0.00083
-32,-29,1,100000,11,0.00011,45,0.00045
-32,-29,2,100000,28,0.00028,62,0.00062
-32,-29,3,100000,40,0.0004,77,0.00077
-32,-29,4,100000,26,0.00026,65,0.00065
-32,-29,5,100000,39,0.00039,88,0.00088
-32,-28,0,100000,28,0.00028,80,0.0008
-32,-28,1,100000,32,0.00032,75,0.00075
-32,-28,2,100000,44,0.00044,88,0.00088
-32,-28,3,100000,38,0.00038,108,0.00108
-32,-28,4,100000,37,0.00037,85,0.00085
-32,-28,5,100000,32,0.00032,78,0.00078
-32,-27,0,100000,32,0.00032,67,0.00067
-32,-27,1,100000,55,0.00055,88,0.00088
-32,-27,2,100000,52,0.00052,66,0.00066
-32,-27,3,100000,28,0.00028,66,0.00066
-32,-27,4,100000,21,0.00021,60,0.0006
-32,-27,5,100000,27,0.00027,66,0.00066
-32,-26,0,100000,29,0.00029,92,0.00092
-32,-26,1,100000,38,0.00038,79,0.00079
-32,-26,2,100000,41,0.00041,65,0.00065
-32,-26,3,100000,16,0.00016,75,0.00075
-32,-26,4,100000,31,0.00031,58,0.00058
-32,-26,5,100000,24,0.00024,62,0.00062
-32,-25,0,100000,36,0.00036,81,0.00081
-32,-25,1,100000,18,0.00018,71,0.00071
-32,-25,2,100000,36,0.00036,90,0.0009
-32,-25,3,100000,23,0.00023,76,0.00076
-32,-25,4,100000,35,0.00035,70,0.0007
-32,-25,5,100000,21,0.00021,66,0.00066
-32,-24,0,100000,29,0.00029,68,0.00068
-32,-24,1,100000,26,0.00026,70,0.0007
-32,-24,2,100000,33,0.00033,75,0.00075
-32,-24,3,100000,51,0.00051,101,0.00101
-32,-24,4,100000,29,0.00029,68,0.00068
-32,-24,5,100000,31,0.00031,67,0.00067
-32,-23,0,100000,37,0.00037,81,0.00081
-32,-23,1,100000,34,0.00034,74,0.00074
-32,-23,2,100000,37,0.00037,75,0.00075
-32,-23,3,100000,30,0.0003,67,0.00067
-32,-23,4,100000,29,0.00029,82,0.00082
-32,-23,5,100000,35,0.00035,91,0.00091
-32,-22,0,100000,19,0.00019,71,0.00071
-32,-22,1,100000,30,0.0003,83,0.00083
-32,-22,2,100000,43,0.00043,56,0.00056
-32,-22,3,100000,18,0.00018,65,0.00065
-32,-22,4,100000,43,0.00043,83,0.00083
-32,-22,5,100000,31,0.00031,69,0.00069
-32,-21,0,100000,32,0.00032,72,0.00072
-32,-21,1,100000,39,0.00039,86,0.00086
-32,-21,2,100000,19,0.00019,67,0.00067
-32,-21,3,100000,26,0.00026,80,0.0008
-32,-21,4,100000,47,0.00047,84,0.00084
-32,-21,5,100000,25,0.00025,80,0.0008
-32,-20,0,100000,28,0.00028,65,0.00065
-32,-20,1,100000,43,0.00043,78,0.00078
-32,-20,2,100000,42,0.00042,74,0.00074
-32,-20,3,100000,24,0.00024,78,0.00078
-32,-20,4,100000,14,0.00014,61,0.00061
-32,-20,5,100000,28,0.00028,62,0.00062
-32,-19,0,100000,27,0.00027,82,0.00082
-32,-19,1,100000,38,0.00038,96,0.00096
-32,-19,2,100000,33,0.00033,72,0.00072
-32,-19,3,100000,29,0.00029,74,0.00074
-32,-19,4,100000,35,0.00035,65,0.00065
-32,-19,5,100000,38,0.00038,82,0.00082
-32,-18,0,100000,26,0.00026,75,0.00075
-32,-18,1,100000,43,0.00043,82,0.00082
-32,-18,2,100000,22,0.00022,65,0.00065
-32,-18,3,100000,34,0.00034,83,0.00083
-32,-18,4,100000,43,0.00043,70,0.0007
-32,-18,5,100000,33,0.00033,58,0.00058
-32,-17,0,100000,30,0.0003,87,0.00087
-32,-17,1,100000,24,0.00024,63,0.00063
-32,-17,2,100000,33,0.00033,68,0.00068
-32,-17,3,100000,33,0.00033,76,0.00076
-32,-17,4,100000,18,0.00018,72,0.00072
-32,-17,5,100000,31,0.00031,85,0.00085
-32,-16,0,100000,33,0.00033,73,0.00073
-32,-16,1,100000,33,0.00033,64,0.00064
-32,-16,2,100000,45,0.00045,71,0.00071
-32,-16,3,100000,39,0.00039,83,0.00083
-32,-16,4,100000,44,0.00044,83,0.00083
-32,-16,5,100000,19,0.00019,69,0.00069
-32,-15,0,100000,22,0.00022,65,0.00065
-32,-15,1,100000,26,0.00026,71,0.00071
-32,-15,2,100000,34,0.00034,76,0.00076
-32,-15,3,100000,45,0.00045,89,0.00089
-32,-15,4,100000,41,0.00041,64,0.00064
-32,-15,5,100000,16,0.00016,86,0.00086
-32,-14,0,100000,17,0.00017,66,0.00066
-32,-14,1,100000,36,0.00036,85,0.00085
-32,-14,2,100000,46,0.00046,91,0.00091
-32,-14,3,100000,40,0.0004,65,0.00065
-32,-14,4,100000,40,0.0004,74,0.00074
-32,-14,5,100000,30,0.0003,98,0.00098
-32,-13,0,100000,26,0.00026,80,0.0008
-32,-13,1,100000,24,0.00024,62,0.00062
-32,-13,2,100000,27,0.00027,62,0.00062
-32,-13,3,100000,36,0.00036,67,0.00067
-32,-13,4,100000,18,0.00018,66,0.00066
-32,-13,5,100000,22,0.00022,82,0.00082
-32,-12,0,100000,32,0.00032,91,0.00091
-32,-12,1,100000,27,0.00027,76,0.00076
-32,-12,2,100000,43,0.00043,84,0.00084
-32,-12,3,100000,16,0.00016,70,0.0007
-32,-12,4,100000,43,0.00043,73,0.00073
-32,-12,5,100000,18,0.00018,74,0.00074
-32,-11,0,100000,17,0.00017,76,0.00076
-32,-11,1,100000,26,0.00026,68,0.00068
-32,-11,2,100000,33,0.00033,60,0.0006
-32,-11,3,100000,23,0.00023,62,0.00062
-32,-11,4,100000,27,0.00027,75,0.00075
-32,-11,5,100000,25,0.00025,77,0.00077
-32,-10,0,100000,39,0.00039,76,0.00076
-32,-10,1,100000,45,0.00045,82,0.00082
-32,-10,2,100000,36,0.00036,71,0.00071
-32,-10,3,100000,54,0.00054,86,0.00086
-32,-10,4,100000,28,0.00028,67,0.00067
-32,-10,5,100000,27,0.00027,86,0.00086
-32,-9,0,100000,34,0.00034,74,0.00074
-32,-9,1,100000,29,0.00029,74,0.00074
-32,-9,2,100000,20,0.0002,63,0.00063
-32,-9,3,100000,34,0.00034,68,0.00068
-32,-9,4,100000,33,0.00033,92,0.00092
-32,-9,5,100000,35,0.00035,64,0.00064
-32,-8,0,100000,19,0.00019,58,0.00058
-32,-8,1,100000,20,0.0002,85,0.00085
-32,-8,2,100000,16,0.00016,63,0.00063
-32,-8,3,100000,27,0.00027,87,0.00087
-32,-8,4,100000,33,0.00033,69,0.00069
-32,-8,5,100000,20,0.0002,60,0.0006
-32,-7,0,100000,47,0.00047,84,0.00084
-32,-7,1,100000,24,0.00024,77,0.00077
-32,-7,2,100000,50,0.0005,72,0.00072
-32,-7,3,100000,35,0.00035,70,0.0007
-32,-7,4,100000,20,0.0002,48,0.00048
-32,-7,5,100000,24,0.00024,61,0.00061
-32,-6,0,100000,59,0.00059,82,0.00082
-32,-6,1,100000,15,0.00015,69,0.00069
-32,-6,2,100000,34,0.00034,78,0.00078
-32,-6,3,100000,27,0.00027,70,0.0007
-32,-6,4,100000,34,0.00034,80,0.0008
-32,-6,5,100000,24,0.00024,71,0.00071
-32,-5,0,100000,35,0.00035,78,0.00078
-32,-5,1,100000,40,0.0004,85,0.00085
-32,-5,2,100000,20,0.0002,60,0.0006
-32,-5,3,100000,32,0.00032,67,0.00067
-32,-5,4,100000,33,0.00033,68,0.00068
-32,-5,5,100000,31,0.00031,83,0.00083
-32,-4,0,100000,33,0.00033,78,0.00078
-32,-4,1,100000,52,0.00052,69,0.00069
-32,-4,2,100000,25,0.00025,84,0.00084
-32,-4,3,100000,25,0.00025,81,0.00081
-32,-4,4,100000,44,0.00044,75,0.00075
-32,-4,5,100000,51,0.00051,70,0.0007
-32,-3,0,100000,26,0.00026,79,0.00079
-32,-3,1,100000,37,0.00037,92,0.00092
-32,-3,2,100000,30,0.0003,79,0.00079
-32,-3,3,100000,35,0.00035,71,0.00071
-32,-3,4,100000,20,0.0002,71,0.00071
-32,-3,5,100000,27,0.00027,70,0.0007
-32,-2,0,100000,22,0.00022,74,0.00074
-32,-2,1,100000,42,0.00042,85,0.00085
-32,-2,2,100000,22,0.00022,67,0.00067
-32,-2,3,100000,45,0.00045,72,0.00072
-32,-2,4,100000,19,0.00019,60,0.0006
-32,-2,5,100000,32,0.00032,79,0.00079
-32,-1,0,100000,31,0.00031,74,0.00074
-32,-1,1,100000,32,0.00032,79,0.00079
-32,-1,2,100000,35,0.00035,65,0.00065
-32,-1,3,100000,39,0.00039,89,0.00089
-32,-1,4,100000,24,0.00024,67,0.00067
-32,-1,5,100000,36,0.00036,73,0.00073
-32,0,0,100000,39,0.00039,75,0.00075
-32,0,1,100000,24,0.00024,74,0.00074
-32,0,2,100000,43,0.00043,86,0.00086
-32,0,3,100000,23,0.00023,65,0.00065
-32,0,4,100000,18,0.00018,74,0.00074
-32,0,5,100000,40,0.0004,73,0.00073
-32,1,0,100000,20,0.0002,60,0.0006
-32,1,1,100000,24,0.00024,74,0.00074
-32,1,2,100000,36,0.00036,94,0.00094
-32,1,3,100000,39,0.00039,71,0.00071
-32,1,4,100000,41,0.00041,71,0.00071
-32,1,5,100000,31,0.00031,75,0.00075
-32,2,0,100000,23,0.00023,77,0.00077
-32,2,1,100000,44,0.00044,69,0.00069
-32,2,2,100000,32,0.00032,67,0.00067
-32,2,3,100000,26,0.00026,69,0.00069
-32,2,4,100000,39,0.00039,80,0.0008
-32,2,5,100000,23,0.00023,68,0.00068
-32,3,0,100000,38,0.00038,84,0.00084
-32,3,1,100000,19,0.00019,77,0.00077
-32,3,2,100000,29,0.00029,68,0.00068
-32,3,3,100000,24,0.00024,64,0.00064
-32,3,4,100000,21,0.00021,80,0.0008
-32,3,5,100000,27,0.00027,68,0.00068
-32,4,0,100000,23,0.00023,54,0.00054
-32,4,1,100000,34,0.00034,71,0.00071
-32,4,2,100000,38,0.00038,85,0.00085
-32,4,3,100000,35,0.00035,77,0.00077
-32,4,4,100000,24,0.00024,79,0.00079
-32,4,5,100000,25,0.00025,73,0.00073
-32,5,0,100000,23,0.00023,82,0.00082
-32,5,1,100000,24,0.00024,62,0.00062
-32,5,2,100000,17,0.00017,57,0.00057
-32,5,3,100000,18,0.00018,60,0.0006
-32,5,4,100000,16,0.00016,65,0.00065
-32,5,5,100000,16,0.00016,64,0.00064
-32,6,0,100000,33,0.00033,92,0.00092
-32,6,1,100000,43,0.00043,77,0.00077
-32,6,2,100000,36,0.00036,73,0.00073
-32,6,3,100000,16,0.00016,62,0.00062
-32,6,4,100000,25,0.00025,63,0.00063
-32,6,5,100000,44,0.00044,85,0.00085
-32,7,0,100000,24,0.00024,88,0.00088
-32,7,1,100000,15,0.00015,62,0.00062
-32,7,2,100000,36,0.00036,72,0.00072
-32,7,3,100000,21,0.00021,69,0.00069
-32,7,4,100000,26,0.00026,81,0.00081
-32,7,5,100000,14,0.00014,57,0.00057
-32,8,0,100000,39,0.00039,64,0.00064
-32,8,1,100000,54,0.00054,93,0.00093
-32,8,2,100000,41,0.00041,70,0.0007
-32,8,3,100000,32,0.00032,69,0.00069
-32,8,4,100000,42,0.00042,74,0.00074
-32,8,5,100000,39,0.00039,76,0.00076
-32,9,0,100000,40,0.0004,76,0.00076
-32,9,1,100000,22,0.00022,59,0.00059
-32,9,2,100000,49,0.00049,93,0.00093
-32,9,3,100000,31,0.00031,70,0.0007
-32,9,4,100000,38,0.00038,75,0.00075
-32,9,5,100000,45,0.00045,78,0.00078
-32,10,0,100000,26,0.00026,69,0.00069
-32,10,1,100000,31,0.00031,65,0.00065
-32,10,2,100000,18,0.00018,74,0.00074
-32,10,3,100000,32,0.00032,76,0.00076
-32,10,4,100000,46,0.00046,92,0.00092
-32,10,5,100000,44,0.00044,89,0.00089
-32,11,0,100000,25,0.00025,77,0.00077
-32,11,1,100000,21,0.00021,81,0.00081
-32,11,2,100000,20,0.0002,81,0.00081
-32,11,3,100000,59,0.00059,93,0.00093
-32,11,4,100000,28,0.00028,77,0.00077
-32,11,5,100000,31,0.00031,72,0.00072
-32,12,0,100000,32,0.00032,69,0.00069
-32,12,1,100000,16,0.00016,61,0.00061
-32,12,2,100000,30,0.0003,67,0.00067
-32,12,3,100000,30,0.0003,65,0.00065
-32,12,4,100000,25,0.00025,73,0.00073
-32,12,5,100000,33,0.00033,78,0.00078
-32,13,0,100000,35,0.00035,82,0.00082
-32,13,1,100000,23,0.00023,74,0.00074
-32,13,2,100000,18,0.00018,63,0.00063
-32,13,3,100000,37,0.00037,73,0.00073
-32,13,4,100000,18,0.00018,64,0.00064
-32,13,5,100000,30,0.0003,88,0.00088
-32,14,0,100000,14,0.00014,65,0.00065
-32,14,1,100000,30,0.0003,78,0.00078
-32,14,2,100000,39,0.00039,81,0.00081
-32,14,3,100000,24,0.00024,70,0.0007
-32,14,4,100000,29,0.00029,73,0.00073
-32,14,5,100000,55,0.00055,70,0.0007
-32,15,0,100000,31,0.00031,83,0.00083
-32,15,1,100000,27,0.00027,54,0.00054
-32,15,2,100000,55,0.00055,94,0.00094
-32,15,3,100000,41,0.00041,76,0.00076
-32,15,4,100000,23,0.00023,62,0.00062
-32,15,5,100000,27,0.00027,62,0.00062
-32,16,0,100000,30,0.0003,84,0.00084
-32,16,1,100000,30,0.0003,75,0.00075
-32,16,2,100000,35,0.00035,78,0.00078
-32,16,3,100000,25,0.00025,70,0.0007
-32,16,4,100000,24,0.00024,87,0.00087
-32,16,5,100000,28,0.00028,81,0.00081
-32,17,0,100000,23,0.00023,55,0.00055
-32,17,1,100000,25,0.00025,63,0.00063
-32,17,2,100000,14,0.00014,60,0.0006
-32,17,3,100000,28,0.00028,60,0.0006
-32,17,4,100000,19,0.00019,68,0.00068
-32,17,5,100000,36,0.00036,72,0.00072
-32,18,0,100000,29,0.00029,78,0.00078
-32,18,1,100000,20,0.0002,65,0.00065
-32,18,2,100000,21,0.00021,64,0.00064
-32,18,3,100000,35,0.00035,85,0.00085
-32,18,4,100000,29,0.00029,84,0.00084
-32,18,5,100000,32,0.00032,77,0.00077
-32,19,0,100000,30,0.0003,69,0.00069
-32,19,1,100000,32,0.00032,51,0.00051
-32,19,2,100000,11,0.00011,66,0.00066
-32,19,3,100000,41,0.00041,71,0.00071
-32,19,4,100000,23,0.00023,69,0.00069
-32,19,5,100000,25,0.00025,79,0.00079
-32,20,0,100000,30,0.0003,70,0.0007
-32,20,1,100000,22,0.00022,80,0.0008
-32,20,2,100000,42,0.00042,72,0.00072
-32,20,3,100000,20,0.0002,70,0.0007
-32,20,4,100000,26,0.00026,81,0.00081
-32,20,5,100000,22,0.00022,70,0.0007
-32,21,0,100000,29,0.00029,82,0.00082
-32,21,1,100000,32,0.00032,64,0.00064
-32,21,2,100000,45,0.00045,69,0.00069
-32,21,3,100000,26,0.00026,50,0.0005
-32,21,4,100000,26,0.00026,64,0.00064
-32,21,5,100000,48,0.00048,76,0.00076
-32,22,0,100000,26,0.00026,85,0.00085
-32,22,1,100000,16,0.00016,70,0.0007
-32,22,2,100000,33,0.00033,78,0.00078
-32,22,3,100000,35,0.00035,71,0.00071
-32,22,4,100000,20,0.0002,47,0.00047
-32,22,5,100000,30,0.0003,83,0.00083
-32,23,0,100000,19,0.00019,60,0.0006
-32,23,1,100000,24,0.00024,74,0.00074
-32,23,2,100000,45,0.00045,66,0.00066
-32,23,3,100000,31,0.00031,78,0.00078
-32,23,4,100000,24,0.00024,72,0.00072
-32,23,5,100000,47,0.00047,82,0.00082
-32,24,0,100000,27,0.00027,66,0.00066
-32,24,1,100000,56,0.00056,88,0.00088
-32,24,2,100000,25,0.00025,91,0.00091
-32,24,3,100000,29,0.00029,82,0.00082
-32,24,4,100000,34,0.00034,74,0.00074
-32,24,5,100000,42,0.00042,75,0.00075
-32,25,0,100000,17,0.00017,56,0.00056
-32,25,1,100000,22,0.00022,63,0.00063
-32,25,2,100000,31,0.00031,67,0.00067
-32,25,3,100000,24,0.00024,80,0.0008
-32,25,4,100000,38,0.00038,69,0.00069
-32,25,5,100000,25,0.00025,73,0.00073
-32,26,0,100000,20,0.0002,72,0.00072
-32,26,1,100000,51,0.00051,78,0.00078
-32,26,2,100000,19,0.00019,60,0.0006
-32,26,3,100000,33,0.00033,68,0.00068
-32,26,4,100000,32,0.00032,74,0.00074
-32,26,5,100000,32,0.00032,76,0.00076
-32,27,0,100000,30,0.0003,80,0.0008
-32,27,1,100000,20,0.0002,53,0.00053
-32,27,2,100000,18,0.00018,53,0.00053
-32,27,3,100000,37,0.00037,74,0.00074
-32,27,4,100000,19,0.00019,59,0.00059
-32,27,5,100000,26,0.00026,72,0.00072
-32,28,0,100000,40,0.0004,77,0.00077
-32,28,1,100000,31,0.00031,84,0.00084
-32,28,2,100000,24,0.00024,57,0.00057
-32,28,3,100000,34,0.00034,91,0.00091
-32,28,4,100000,27,0.00027,72,0.00072
-32,28,5,100000,22,0.00022,66,0.00066
-32,29,0,100000,35,0.00035,81,0.00081
-32,29,1,100000,36,0.00036,73,0.00073
-32,29,2,100000,19,0.00019,72,0.00072
-32,29,3,100000,13,0.00013,65,0.00065
-32,29,4,100000,34,0.00034,63,0.00063
-32,29,5,100000,33,0.00033,71,0.00071
-32,30,0,100000,38,0.00038,82,0.00082
-32,30,1,100000,39,0.00039,77,0.00077
-32,30,2,100000,31,0.00031,83,0.00083
-32,30,3,100000,26,0.00026,75,0.00075
-32,30,4,100000,19,0.00019,77,0.00077
-32,30,5,100000,46,0.00046,88,0.00088
-32,31,0,100000,31,0.00031,87,0.00087
-32,31,1,100000,32,0.00032,84,0.00084
-32,31,2,100000,30,0.0003,72,0.00072
-32,31,3,100000,48,0.00048,76,0.00076
-32,31,4,100000,31,0.00031,78,0.00078
-32,31,5,100000,45,0.00045,77,0.00077
-32,32,0,100000,21,0.00021,82,0.00082
-32,32,1,100000,38,0.00038,75,0.00075
-32,32,2,100000,48,0.00048,89,0.00089
-32,32,3,100000,52,0.00052,79,0.00079
-32,32,4,100000,28,0.00028,81,0.00081
-32,32,5,100000,38,0.00038,80,0.0008
-32,33,0,100000,26,0.00026,73,0.00073
-32,33,1,100000,34,0.00034,76,0.00076
-32,33,2,100000,27,0.00027,72,0.00072
-32,33,3,100000,44,0.00044,70,0.0007
-32,33,4,100000,28,0.00028,75,0.00075
-32,33,5,100000,29,0.00029,75,0.00075
-32,34,0,100000,28,0.00028,73,0.00073
-32,34,1,100000,30,0.0003,73,0.00073
-32,34,2,100000,28,0.00028,71,0.00071
-32,34,3,100000,32,0.00032,68,0.00068
-32,34,4,100000,55,0.00055,87,0.00087
-32,34,5,100000,29,0.00029,69,0.00069
-32,35,0,100000,28,0.00028,62,0.00062
-32,35,1,100000,27,0.00027,69,0.00069
-32,35,2,100000,24,0.00024,54,0.00054
-32,35,3,100000,33,0.00033,62,0.00062
-32,35,4,100000,26,0.00026,69,0.00069
-32,35,5,100000,27,0.00027,74,0.00074
-32,36,0,100000,22,0.00022,79,0.00079
-32,36,1,100000,31,0.00031,67,0.00067
-32,36,2,100000,11,0.00011,64,0.00064
-32,36,3,100000,21,0.00021,69,0.00069
-32,36,4,100000,28,0.00028,75,0.00075
-32,36,5,100000,19,0.00019,68,0.00068
-32,37,0,100000,28,0.00028,70,0.0007
-32,37,1,100000,25,0.00025,62,0.00062
-32,37,2,100000,22,0.00022,56,0.00056
-32,37,3,100000,26,0.00026,76,0.00076
-32,37,4,100000,26,0.00026,70,0.0007
-32,37,5,100000,47,0.00047,84,0.00084
-32,38,0,100000,23,0.00023,66,0.00066
-32,38,1,100000,34,0.00034,63,0.00063
-32,38,2,100000,14,0.00014,68,0.00068
-32,38,3,100000,26,0.00026,57,0.00057
-32,38,4,100000,40,0.0004,77,0.00077
-32,38,5,100000,17,0.00017,50,0.0005
-32,39,0,100000,36,0.00036,68,0.00068
-32,39,1,100000,32,0.00032,67,0.00067
-32,39,2,100000,27,0.00027,70,0.0007
-32,39,3,100000,26,0.00026,59,0.00059
-32,39,4,100000,22,0.00022,71,0.00071
-32,39,5,100000,32,0.00032,67,0.00067
-32,40,0,100000,38,0.00038,78,0.00078
-32,40,1,100000,35,0.00035,80,0.0008
-32,40,2,100000,34,0.00034,78,0.00078
-32,40,3,100000,37,0.00037,69,0.00069
-32,40,4,100000,32,0.00032,85,0.00085
-32,40,5,100000,25,0.00025,71,0.00071
-32,41,0,100000,30,0.0003,64,0.00064
-32,41,1,100000,28,0.00028,73,0.00073
-32,41,2,100000,17,0.00017,59,0.00059
-32,41,3,100000,19,0.00019,68,0.00068
-32,41,4,100000,27,0.00027,72,0.00072
-32,41,5,100000,31,0.00031,78,0.00078
-32,42,0,100000,28,0.00028,88,0.00088
-32,42,1,100000,28,0.00028,87,0.00087
-32,42,2,100000,35,0.00035,60,0.0006
-32,42,3,100000,33,0.00033,72,0.00072
-32,42,4,100000,18,0.00018,65,0.00065
-32,42,5,100000,27,0.00027,77,0.00077
-32,43,0,100000,36,0.00036,61,0.00061
-32,43,1,100000,19,0.00019,67,0.00067
-32,43,2,100000,32,0.00032,85,0.00085
-32,43,3,100000,32,0.00032,62,0.00062
-32,43,4,100000,16,0.00016,66,0.00066
-32,43,5,100000,28,0.00028,83,0.00083
-32,44,0,100000,16,0.00016,62,0.00062
-32,44,1,100000,38,0.00038,73,0.00073
-32,44,2,100000,33,0.00033,72,0.00072
-32,44,3,100000,46,0.00046,70,0.0007
-32,44,4,100000,26,0.00026,64,0.00064
-32,44,5,100000,34,0.00034,56,0.00056
-32,45,0,100000,62,0.00062,86,0.00086
-32,45,1,100000,16,0.00016,65,0.00065
-32,45,2,100000,29,0.00029,77,0.00077
-32,45,3,100000,38,0.00038,80,0.0008
-32,45,4,100000,30,0.0003,75,0.00075
-32,45,5,100000,35,0.00035,61,0.00061
-32,46,0,100000,34,0.00034,65,0.00065
-32,46,1,100000,30,0.0003,67,0.00067
-32,46,2,100000,32,0.00032,75,0.00075
-32,46,3,100000,32,0.00032,84,0.00084
-32,46,4,100000,19,0.00019,63,0.00063
-32,46,5,100000,23,0.00023,63,0.00063
-32,47,0,100000,40,0.0004,84,0.00084
-32,47,1,100000,28,0.00028,69,0.00069
-32,47,2,100000,23,0.00023,73,0.00073
-32,47,3,100000,21,0.00021,67,0.00067
-32,47,4,100000,46,0.00046,75,0.00075
-32,47,5,100000,48,0.00048,82,0.00082
-32,48,0,100000,22,0.00022,57,0.00057
-32,48,1,100000,26,0.00026,85,0.00085
-32,48,2,100000,18,0.00018,76,0.00076
-32,48,3,100000,29,0.00029,76,0.00076
-32,48,4,100000,26,0.00026,68,0.00068
-32,48,5,100000,16,0.00016,74,0.00074
-32,49,0,100000,54,0.00054,89,0.00089
-32,49,1,100000,27,0.00027,59,0.00059
-32,49,2,100000,25,0.00025,72,0.00072
-32,49,3,100000,31,0.00031,72,0.00072
-32,49,4,100000,26,0.00026,66,0.00066
-32,49,5,100000,24,0.00024,72,0.00072
-32,50,0,100000,31,0.00031,62,0.00062
-32,50,1,100000,16,0.00016,61,0.00061
-32,50,2,100000,22,0.00022,66,0.00066
-32,50,3,100000,46,0.00046,75,0.00075
-32,50,4,100000,23,0.00023,81,0.00081
-32,50,5,100000,36,0.00036,73,0.00073
-31,-50,0,100000,22,0.00022,79,0.00079
-31,-50,1,100000,12,0.00012,67,0.00067
-31,-50,2,100000,31,0.00031,73,0.00073
-31,-50,3,100000,21,0.00021,77,0.00077
-31,-50,4,100000,20,0.0002,62,0.00062
-31,-50,5,100000,23,0.00023,65,0.00065
-31,-49,0,100000,43,0.00043,64,0.00064
-31,-49,1,100000,17,0.00017,71,0.00071
-31,-49,2,100000,44,0.00044,67,0.00067
-31,-49,3,100000,31,0.00031,72,0.00072
-31,-49,4,100000,21,0.00021,75,0.00075
-31,-49,5,100000,28,0.00028,85,0.00085
-31,-48,0,100000,26,0.00026,79,0.00079
-31,-48,1,100000,39,0.00039,77,0.00077
-31,-48,2,100000,37,0.00037,62,0.00062
-31,-48,3,100000,33,0.00033,65,0.00065
-31,-48,4,100000,22,0.00022,59,0.00059
-31,-48,5,100000,26,0.00026,70,0.0007
-31,-47,0,100000,21,0.00021,61,0.00061
-31,-47,1,100000,38,0.00038,67,0.00067
-31,-47,2,100000,19,0.00019,73,0.00073
-31,-47,3,100000,25,0.00025,53,0.00053
-31,-47,4,100000,22,0.00022,69,0.00069
-31,-47,5,100000,22,0.00022,63,0.00063
-31,-46,0,100000,33,0.00033,72,0.00072
-31,-46,1,100000,28,0.00028,77,0.00077
-31,-46,2,100000,37,0.00037,64,0.00064
-31,-46,3,100000,19,0.00019,60,0.0006
-31,-46,4,100000,13,0.00013,53,0.00053
-31,-46,5,100000,24,0.00024,72,0.00072
-31,-45,0,100000,20,0.0002,70,0.0007
-31,-45,1,100000,36,0.00036,65,0.00065
-31,-45,2,100000,12,0.00012,58,0.00058
-31,-45,3,100000,18,0.00018,72,0.00072
-31,-45,4,100000,55,0.00055,79,0.00079
-31,-45,5,100000,11,0.00011,59,0.00059
-31,-44,0,100000,18,0.00018,72,0.00072
-31,-44,1,100000,42,0.00042,74,0.00074
-31,-44,2,100000,36,0.00036,86,0.00086
-31,-44,3,100000,18,0.00018,52,0.00052
-31,-44,4,100000,22,0.00022,66,0.00066
-31,-44,5,100000,15,0.00015,57,0.00057
-31,-43,0,100000,35,0.00035,71,0.00071
-31,-43,1,100000,39,0.00039,73,0.00073
-31,-43,2,100000,24,0.00024,77,0.00077
-31,-43,3,100000,50,0.0005,71,0.00071
-31,-43,4,100000,28,0.00028,65,0.00065
-31,-43,5,100000,29,0.00029,74,0.00074
-31,-42,0,100000,40,0.0004,69,0.00069
-31,-42,1,100000,31,0.00031,89,0.00089
-31,-42,2,100000,22,0.00022,69,0.00069
-31,-42,3,100000,13,0.00013,71,0.00071
-31,-42,4,100000,18,0.00018,59,0.00059
-31,-42,5,100000,36,0.00036,72,0.00072
-31,-41,0,100000,37,0.00037,71,0.00071
-31,-41,1,100000,26,0.00026,70,0.0007
-31,-41,2,100000,40,0.0004,74,0.00074
-31,-41,3,100000,14,0.00014,62,0.00062
-31,-41,4,100000,21,0.00021,60,0.0006
-31,-41,5,100000,51,0.00051,87,0.00087
-31,-40,0,100000,22,0.00022,72,0.00072
-31,-40,1,100000,26,0.00026,74,0.00074
-31,-40,2,100000,24,0.00024,61,0.00061
-31,-40,3,100000,27,0.00027,89,0.00089
-31,-40,4,100000,35,0.00035,67,0.00067
-31,-40,5,100000,37,0.00037,72,0.00072
-31,-39,0,100000,24,0.00024,68,0.00068
-31,-39,1,100000,21,0.00021,75,0.00075
-31,-39,2,100000,33,0.00033,75,0.00075
-31,-39,3,100000,21,0.00021,64,0.00064
-31,-39,4,100000,12,0.00012,65,0.00065
-31,-39,5,100000,31,0.00031,66,0.00066
-31,-38,0,100000,27,0.00027,74,0.00074
-31,-38,1,100000,30,0.0003,62,0.00062
-31,-38,2,100000,42,0.00042,81,0.00081
-31,-38,3,100000,18,0.00018,71,0.00071
-31,-38,4,100000,54,0.00054,83,0.00083
-31,-38,5,100000,35,0.00035,84,0.00084
-31,-37,0,100000,15,0.00015,65,0.00065
-31,-37,1,100000,33,0.00033,59,0.00059
-31,-37,2,100000,23,0.00023,74,0.00074
-31,-37,3,100000,36,0.00036,69,0.00069
-31,-37,4,100000,16,0.00016,70,0.0007
-31,-37,5,100000,26,0.00026,87,0.00087
-31,-36,0,100000,20,0.0002,81,0.00081
-31,-36,1,100000,33,0.00033,70,0.0007
-31,-36,2,100000,33,0.00033,79,0.00079
-31,-36,3,100000,22,0.00022,60,0.0006
-31,-36,4,100000,38,0.00038,86,0.00086
-31,-36,5,100000,27,0.00027,77,0.00077
-31,-35,0,100000,29,0.00029,60,0.0006
-31,-35,1,100000,16,0.00016,71,0.00071
-31,-35,2,100000,21,0.00021,65,0.00065
-31,-35,3,100000,35,0.00035,70,0.0007
-31,-35,4,100000,28,0.00028,78,0.00078
-31,-35,5,100000,44,0.00044,71,0.00071
-31,-34,0,100000,27,0.00027,77,0.00077
-31,-34,1,100000,30,0.0003,85,0.00085
-31,-34,2,100000,33,0.00033,68,0.00068
-31,-34,3,100000,30,0.0003,79,0.00079
-31,-34,4,100000,51,0.00051,72,0.00072
-31,-34,5,100000,30,0.0003,75,0.00075
-31,-33,0,100000,34,0.00034,76,0.00076
-31,-33,1,100000,20,0.0002,70,0.0007
-31,-33,2,100000,30,0.0003,70,0.0007
-31,-33,3,100000,20,0.0002,71,0.00071
-31,-33,4,100000,28,0.00028,72,0.00072
-31,-33,5,100000,30,0.0003,74,0.00074
-31,-32,0,100000,22,0.00022,81,0.00081
-31,-32,1,100000,29,0.00029,85,0.00085
-31,-32,2,100000,27,0.00027,76,0.00076
-31,-32,3,100000,40,0.0004,76,0.00076
-31,-32,4,100000,29,0.00029,79,0.00079
-31,-32,5,100000,28,0.00028,74,0.00074
-31,-31,0,100000,46,0.00046,75,0.00075
-31,-31,1,100000,29,0.00029,79,0.00079
-31,-31,2,100000,27,0.00027,75,0.00075
-31,-31,3,100000,33,0.00033,76,0.00076
-31,-31,4,100000,40,0.0004,68,0.00068
-31,-31,5,100000,24,0.00024,73,0.00073
-31,-30,0,100000,36,0.00036,82,0.00082
-31,-30,1,100000,35,0.00035,68,0.00068
-31,-30,2,100000,21,0.00021,78,0.00078
-31,-30,3,100000,34,0.00034,66,0.00066
-31,-30,4,100000,32,0.00032,79,0.00079
-31,-30,5,100000,34,0.00034,82,0.00082
-31,-29,0,100000,47,0.00047,72,0.00072
-31,-29,1,100000,36,0.00036,69,0.00069
-31,-29,2,100000,39,0.00039,81,0.00081
-31,-29,3,100000,26,0.00026,87,0.00087
-31,-29,4,100000,36,0.00036,78,0.00078
-31,-29,5,100000,29,0.00029,75,0.00075
-31,-28,0,100000,32,0.00032,76,0.00076
-31,-28,1,100000,31,0.00031,65,0.00065
-31,-28,2,100000,32,0.00032,73,0.00073
-31,-28,3,100000,57,0.00057,82,0.00082
-31,-28,4,100000,32,0.00032,66,0.00066
-31,-28,5,100000,46,0.00046,73,0.00073
-31,-27,0,100000,34,0.00034,50,0.0005
-31,-27,1,100000,30,0.0003,75,0.00075
-31,-27,2,100000,21,0.00021,67,0.00067
-31,-27,3,100000,17,0.00017,74,0.00074
-31,-27,4,100000,17,0.00017,75,0.00075
-31,-27,5,100000,28,0.00028,58,0.00058
-31,-26,0,100000,27,0.00027,90,0.0009
-31,-26,1,100000,38,0.00038,79,0.00079
-31,-26,2,100000,27,0.00027,62,0.00062
-31,-26,3,100000,25,0.00025,65,0.00065
-31,-26,4,100000,24,0.00024,72,0.00072
-31,-26,5,100000,34,0.00034,66,0.00066
-31,-25,0,100000,25,0.00025,56,0.00056
-31,-25,1,100000,34,0.00034,95,0.00095
-31,-25,2,100000,38,0.00038,76,0.00076
-31,-25,3,100000,25,0.00025,77,0.00077
-31,-25,4,100000,49,0.00049,84,0.00084
-31,-25,5,100000,25,0.00025,75,0.00075
-31,-24,0,100000,28,0.00028,72,0.00072
-31,-24,1,100000,29,0.00029,74,0.00074
-31,-24,2,100000,24,0.00024,68,0.00068
-31,-24,3,100000,24,0.00024,66,0.00066
-31,-24,4,100000,36,0.00036,68,0.00068
-31,-24,5,100000,45,0.00045,76,0.00076
-31,-23,0,100000,36,0.00036,75,0.00075
-31,-23,1,100000,19,0.00019,65,0.00065
-31,-23,2,100000,28,0.00028,72,0.00072
-31,-23,3,100000,30,0.0003,78,0.00078
-31,-23,4,100000,26,0.00026,77,0.00077
-31,-23,5,100000,38,0.00038,52,0.00052
-31,-22,0,100000,35,0.00035,98,0.00098
-31,-22,1,100000,23,0.00023,72,0.00072
-31,-22,2,100000,37,0.00037,76,0.00076
-31,-22,3,100000,31,0.00031,80,0.0008
-31,-22,4,100000,43,0.00043,77,0.00077
-31,-22,5,100000,30,0.0003,65,0.00065
-31,-21,0,100000,55,0.00055,92,0.00092
-31,-21,1,100000,51,0.00051,77,0.00077
-31,-21,2,100000,37,0.00037,82,0.00082
-31,-21,3,100000,28,0.00028,88,0.00088
-31,-21,4,100000,21,0.00021,71,0.00071
-31,-21,5,100000,38,0.00038,81,0.00081
-31,-20,0,100000,29,0.00029,75,0.00075
-31,-20,1,100000,26,0.00026,71,0.00071
-31,-20,2,100000,23,0.00023,67,0.00067
-31,-20,3,100000,26,0.00026,81,0.00081
-31,-20,4,100000,27,0.00027,63,0.00063
-31,-20,5,100000,37,0.00037,73,0.00073
-31,-19,0,100000,27,0.00027,67,0.00067
-31,-19,1,100000,16,0.00016,63,0.00063
-31,-19,2,100000,33,0.00033,67,0.00067
-31,-19,3,100000,28,0.00028,79,0.00079
-31,-19,4,100000,36,0.00036,85,0.00085
-31,-19,5,100000,45,0.00045,81,0.00081
-31,-18,0,100000,48,0.00048,76,0.00076
-31,-18,1,100000,20,0.0002,78,0.00078
-31,-18,2,100000,28,0.00028,73,0.00073
-31,-18,3,100000,28,0.00028,87,0.00087
-31,-18,4,100000,53,0.00053,78,0.00078
-31,-18,5,100000,30,0.0003,62,0.00062
-31,-17,0,100000,36,0.00036,73,0.00073
-31,-17,1,100000,41,0.00041,79,0.00079
-31,-17,2,100000,29,0.00029,79,0.00079
-31,-17,3,100000,57,0.00057,91,0.00091
-31,-17,4,100000,35,0.00035,66,0.00066
-31,-17,5,100000,20,0.0002,63,0.00063
-31,-16,0,100000,34,0.00034,94,0.00094
-31,-16,1,100000,41,0.00041,76,0.00076
-31,-16,2,100000,38,0.00038,82,0.00082
-31,-16,3,100000,41,0.00041,76,0.00076
-31,-16,4,100000,30,0.0003,71,0.00071
-31,-16,5,100000,29,0.00029,67,0.00067
-31,-15,0,100000,29,0.00029,79,0.00079
-31,-15,1,100000,48,0.00048,80,0.0008
-31,-15,2,100000,40,0.0004,74,0.00074
-31,-15,3,100000,37,0.00037,62,0.00062
-31,-15,4,100000,22,0.00022,72,0.00072
-31,-15,5,100000,31,0.00031,60,0.0006
-31,-14,0,100000,17,0.00017,71,0.00071
-31,-14,1,100000,31,0.00031,74,0.00074
-31,-14,2,100000,31,0.00031,80,0.0008
-31,-14,3,100000,32,0.00032,69,0.00069
-31,-14,4,100000,21,0.00021,57,0.00057
-31,-14,5,100000,28,0.00028,74,0.00074
-31,-13,0,100000,31,0.00031,65,0.00065
-31,-13,1,100000,33,0.00033,77,0.00077
-31,-13,2,100000,42,0.00042,79,0.00079
-31,-13,3,100000,27,0.00027,76,0.00076
-31,-13,4,100000,34,0.00034,84,0.00084
-31,-13,5,100000,36,0.00036,71,0.00071
-31,-12,0,100000,23,0.00023,61,0.00061
-31,-12,1,100000,28,0.00028,76,0.00076
-31,-12,2,100000,24,0.00024,79,0.00079
-31,-12,3,100000,40,0.0004,70,0.0007
-31,-12,4,100000,25,0.00025,57,0.00057
-31,-12,5,100000,52,0.00052,68,0.00068
-31,-11,0,100000,38,0.00038,65,0.00065
-31,-11,1,100000,13,0.00013,61,0.00061
-31,-11,2,100000,33,0.00033,66,0.00066
-31,-11,3,100000,38,0.00038,84,0.00084
-31,-11,4,100000,38,0.00038,91,0.00091
-31,-11,5,100000,20,0.0002,65,0.00065
-31,-10,0,100000,23,0.00023,79,0.00079
-31,-10,1,100000,21,0.00021,69,0.00069
-31,-10,2,100000,42,0.00042,79,0.00079
-31,-10,3,100000,29,0.00029,72,0.00072
-31,-10,4,100000,32,0.00032,71,0.00071
-31,-10,5,100000,19,0.00019,67,0.00067
-31,-9,0,100000,34,0.00034,90,0.0009
-31,-9,1,100000,23,0.00023,74,0.00074
-31,-9,2,100000,26,0.00026,71,0.00071
-31,-9,3,100000,37,0.00037,84,0.00084
-31,-9,4,100000,36,0.00036,78,0.00078
-31,-9,5,100000,35,0.00035,83,0.00083
-31,-8,0,100000,38,0.00038,88,0.00088
-31,-8,1,100000,36,0.00036,75,0.00075
-31,-8,2,100000,35,0.00035,73,0.00073
-31,-8,3,100000,27,0.00027,79,0.00079
-31,-8,4,100000,14,0.00014,64,0.00064
-31,-8,5,100000,26,0.00026,78,0.00078
-31,-7,0,100000,18,0.00018,63,0.00063
-31,-7,1,100000,34,0.00034,72,0.00072
-31,-7,2,100000,30,0.0003,65,0.00065
-31,-7,3,100000,43,0.00043,78,0.00078
-31,-7,4,100000,21,0.00021,76,0.00076
-31,-7,5,100000,16,0.00016,82,0.00082
-31,-6,0,100000,27,0.00027,82,0.00082
-31,-6,1,100000,33,0.00033,77,0.00077
-31,-6,2,100000,47,0.00047,85,0.00085
-31,-6,3,100000,21,0.00021,66,0.00066
-31,-6,4,100000,38,0.00038,78,0.00078
-31,-6,5,100000,23,0.00023,75,0.00075
-31,-5,0,100000,27,0.00027,74,0.00074
-31,-5,1,100000,33,0.00033,66,0.00066
-31,-5,2,100000,44,0.00044,85,0.00085
-31,-5,3,100000,16,0.00016,72,0.00072
-31,-5,4,100000,30,0.0003,83,0.00083
-31,-5,5,100000,44,0.00044,75,0.00075
-31,-4,0,100000,34,0.00034,78,0.00078
-31,-4,1,100000,38,0.00038,75,0.00075
-31,-4,2,100000,26,0.00026,63,0.00063
-31,-4,3,100000,39,0.00039,87,0.00087
-31,-4,4,100000,45,0.00045,95,0.00095
-31,-4,5,100000,18,0.00018,63,0.00063
-31,-3,0,100000,30,0.0003,77,0.00077
-31,-3,1,100000,30,0.0003,73,0.00073
-31,-3,2,100000,36,0.00036,70,0.0007
-31,-3,3,100000,28,0.00028,67,0.00067
-31,-3,4,100000,31,0.00031,81,0.00081
-31,-3,5,100000,34,0.00034,66,0.00066
-31,-2,0,100000,30,0.0003,80,0.0008
-31,-2,1,100000,33,0.00033,65,0.00065
-31,-2,2,100000,18,0.00018,94,0.00094
-31,-2,3,100000,31,0.00031,76,0.00076
-31,-2,4,100000,34,0.00034,80,0.0008
-31,-2,5,100000,25,0.00025,63,0.00063
-31,-1,0,100000,55,0.00055,75,0.00075
-31,-1,1,100000,35,0.00035,78,0.00078
-31,-1,2,100000,35,0.00035,85,0.00085
-31,-1,3,100000,31,0.00031,72,0.00072
-31,-1,4,100000,27,0.00027,74,0.00074
-31,-1,5,100000,39,0.00039,80,0.0008
-31,0,0,100000,37,0.00037,75,0.00075
-31,0,1,100000,50,0.0005,76,0.00076
-31,0,2,100000,39,0.00039,63,0.00063
-31,0,3,100000,23,0.00023,69,0.00069
-31,0,4,100000,28,0.00028,79,0.00079
-31,0,5,100000,16,0.00016,73,0.00073
-31,1,0,100000,36,0.00036,74,0.00074
-31,1,1,100000,25,0.00025,64,0.00064
-31,1,2,100000,38,0.00038,77,0.00077
-31,1,3,100000,38,0.00038,75,0.00075
-31,1,4,100000,39,0.00039,77,0.00077
-31,1,5,100000,36,0.00036,87,0.00087
-31,2,0,100000,21,0.00021,72,0.00072
-31,2,1,100000,31,0.00031,79,0.00079
-31,2,2,100000,29,0.00029,72,0.00072
-31,2,3,100000,44,0.00044,75,0.00075
-31,2,4,100000,28,0.00028,66,0.00066
-31,2,5,100000,25,0.00025,74,0.00074
-31,3,0,100000,32,0.00032,72,0.00072
-31,3,1,100000,18,0.00018,66,0.00066
-31,3,2,100000,39,0.00039,83,0.00083
-31,3,3,100000,54,0.00054,80,0.0008
-31,3,4,100000,37,0.00037,70,0.0007
-31,3,5,100000,20,0.0002,63,0.00063
-31,4,0,100000,41,0.00041,81,0.00081
-31,4,1,100000,47,0.00047,83,0.00083
-31,4,2,100000,31,0.00031,72,0.00072
-31,4,3,100000,24,0.00024,78,0.00078
-31,4,4,100000,35,0.00035,74,0.00074
-31,4,5,100000,44,0.00044,71,0.00071
-31,5,0,100000,40,0.0004,78,0.00078
-31,5,1,100000,24,0.00024,76,0.00076
-31,5,2,100000,23,0.00023,75,0.00075
-31,5,3,100000,24,0.00024,83,0.00083
-31,5,4,100000,23,0.00023,64,0.00064
-31,5,5,100000,22,0.00022,68,0.00068
-31,6,0,100000,44,0.00044,70,0.0007
-31,6,1,100000,42,0.00042,84,0.00084
-31,6,2,100000,23,0.00023,60,0.0006
-31,6,3,100000,29,0.00029,78,0.00078
-31,6,4,100000,35,0.00035,59,0.00059
-31,6,5,100000,32,0.00032,70,0.0007
-31,7,0,100000,37,0.00037,74,0.00074
-31,7,1,100000,25,0.00025,68,0.00068
-31,7,2,100000,21,0.00021,63,0.00063
-31,7,3,100000,34,0.00034,74,0.00074
-31,7,4,100000,42,0.00042,76,0.00076
-31,7,5,100000,28,0.00028,75,0.00075
-31,8,0,100000,37,0.00037,84,0.00084
-31,8,1,100000,18,0.00018,65,0.00065
-31,8,2,100000,22,0.00022,82,0.00082
-31,8,3,100000,46,0.00046,78,0.00078
-31,8,4,100000,19,0.00019,68,0.00068
-31,8,5,100000,48,0.00048,84,0.00084
-31,9,0,100000,42,0.00042,79,0.00079
-31,9,1,100000,23,0.00023,78,0.00078
-31,9,2,100000,21,0.00021,74,0.00074
-31,9,3,100000,21,0.00021,72,0.00072
-31,9,4,100000,35,0.00035,73,0.00073
-31,9,5,100000,33,0.00033,77,0.00077
-31,10,0,100000,33,0.00033,74,0.00074
-31,10,1,100000,13,0.00013,74,0.00074
-31,10,2,100000,23,0.00023,79,0.00079
-31,10,3,100000,32,0.00032,77,0.00077
-31,10,4,100000,35,0.00035,75,0.00075
-31,10,5,100000,44,0.00044,74,0.00074
-31,11,0,100000,19,0.00019,72,0.00072
-31,11,1,100000,29,0.00029,78,0.00078
-31,11,2,100000,49,0.00049,73,0.00073
-31,11,3,100000,37,0.00037,72,0.00072
-31,11,4,100000,38,0.00038,83,0.00083
-31,11,5,100000,24,0.00024,73,0.00073
-31,12,0,100000,33,0.00033,95,0.00095
-31,12,1,100000,40,0.0004,75,0.00075
-31,12,2,100000,24,0.00024,72,0.00072
-31,12,3,100000,49,0.00049,67,0.00067
-31,12,4,100000,28,0.00028,66,0.00066
-31,12,5,100000,43,0.00043,87,0.00087
-31,13,0,100000,44,0.00044,74,0.00074
-31,13,1,100000,29,0.00029,78,0.00078
-31,13,2,100000,33,0.00033,79,0.00079
-31,13,3,100000,33,0.00033,82,0.00082
-31,13,4,100000,17,0.00017,71,0.00071
-31,13,5,100000,48,0.00048,83,0.00083
-31,14,0,100000,48,0.00048,77,0.00077
-31,14,1,100000,24,0.00024,69,0.00069
-31,14,2,100000,38,0.00038,65,0.00065
-31,14,3,100000,21,0.00021,59,0.00059
-31,14,4,100000,55,0.00055,79,0.00079
-31,14,5,100000,26,0.00026,71,0.00071
-31,15,0,100000,19,0.00019,74,0.00074
-31,15,1,100000,34,0.00034,98,0.00098
-31,15,2,100000,30,0.0003,69,0.00069
-31,15,3,100000,36,0.00036,71,0.00071
-31,15,4,100000,33,0.00033,81,0.00081
-31,15,5,100000,30,0.0003,75,0.00075
-31,16,0,100000,42,0.00042,79,0.00079
-31,16,1,100000,31,0.00031,78,0.00078
-31,16,2,100000,34,0.00034,85,0.00085
-31,16,3,100000,29,0.00029,71,0.00071
-31,16,4,100000,45,0.00045,84,0.00084
-31,16,5,100000,24,0.00024,74,0.00074
-31,17,0,100000,33,0.00033,68,0.00068
-31,17,1,100000,24,0.00024,76,0.00076
-31,17,2,100000,38,0.00038,73,0.00073
-31,17,3,100000,23,0.00023,79,0.00079
-31,17,4,100000,54,0.00054,77,0.00077
-31,17,5,100000,32,0.00032,72,0.00072
-31,18,0,100000,33,0.00033,66,0.00066
-31,18,1,100000,29,0.00029,73,0.00073
-31,18,2,100000,20,0.0002,74,0.00074
-31,18,3,100000,29,0.00029,66,0.00066
-31,18,4,100000,43,0.00043,88,0.00088
-31,18,5,100000,38,0.00038,81,0.00081
-31,19,0,100000,24,0.00024,67,0.00067
-31,19,1,100000,20,0.0002,69,0.00069
-31,19,2,100000,19,0.00019,62,0.00062
-31,19,3,100000,38,0.00038,87,0.00087
-31,19,4,100000,28,0.00028,60,0.0006
-31,19,5,100000,41,0.00041,82,0.00082
-31,20,0,100000,22,0.00022,81,0.00081
-31,20,1,100000,25,0.00025,62,0.00062
-31,20,2,100000,38,0.00038,79,0.00079
-31,20,3,100000,30,0.0003,61,0.00061
-31,20,4,100000,20,0.0002,81,0.00081
-31,20,5,100000,25,0.00025,71,0.00071
-31,21,0,100000,40,0.0004,76,0.00076
-31,21,1,100000,23,0.00023,70,0.0007
-31,21,2,100000,33,0.00033,78,0.00078
-31,21,3,100000,37,0.00037,58,0.00058
-31,21,4,100000,28,0.00028,82,0.00082
-31,21,5,100000,22,0.00022,73,0.00073
-31,22,0,100000,29,0.00029,76,0.00076
-31,22,1,100000,23,0.00023,62,0.00062
-31,22,2,100000,28,0.00028,70,0.0007
-31,22,3,100000,17,0.00017,64,0.00064
-31,22,4,100000,43,0.00043,70,0.0007
-31,22,5,100000,20,0.0002,83,0.00083
-31,23,0,100000,26,0.00026,76,0.00076
-31,23,1,100000,31,0.00031,79,0.00079
-31,23,2,100000,40,0.0004,74,0.00074
-31,23,3,100000,37,0.00037,75,0.00075
-31,23,4,100000,29,0.00029,71,0.00071
-31,23,5,100000,29,0.00029,61,0.00061
-31,24,0,100000,11,0.00011,66,0.00066
-31,24,1,100000,34,0.00034,61,0.00061
-31,24,2,100000,44,0.00044,66,0.00066
-31,24,3,100000,24,0.00024,70,0.0007
-31,24,4,100000,20,0.0002,69,0.00069
-31,24,5,100000,34,0.00034,88,0.00088
-31,25,0,100000,35,0.00035,77,0.00077
-31,25,1,100000,40,0.0004,89,0.00089
-31,25,2,100000,31,0.00031,71,0.00071
-31,25,3,100000,36,0.00036,75,0.00075
-31,25,4,100000,23,0.00023,77,0.00077
-31,25,5,100000,16,0.00016,70,0.0007
-31,26,0,100000,37,0.00037,80,0.0008
-31,26,1,100000,27,0.00027,66,0.00066
-31,26,2,100000,24,0.00024,72,0.00072
-31,26,3,100000,23,0.00023,61,0.00061
-31,26,4,100000,24,0.00024,81,0.00081
-31,26,5,100000,36,0.00036,77,0.00077
-31,27,0,100000,32,0.00032,71,0.00071
-31,27,1,100000,42,0.00042,62,0.00062
-31,27,2,100000,30,0.0003,79,0.00079
-31,27,3,100000,19,0.00019,76,0.00076
-31,27,4,100000,33,0.00033,66,0.00066
-31,27,5,100000,30,0.0003,65,0.00065
-31,28,0,100000,21,0.00021,75,0.00075
-31,28,1,100000,24,0.00024,63,0.00063
-31,28,2,100000,27,0.00027,62,0.00062
-31,28,3,100000,52,0.00052,76,0.00076
-31,28,4,100000,25,0.00025,85,0.00085
-31,28,5,100000,11,0.00011,55,0.00055
-31,29,0,100000,36,0.00036,68,0.00068
-31,29,1,100000,33,0.00033,76,0.00076
-31,29,2,100000,42,0.00042,72,0.00072
-31,29,3,100000,34,0.00034,69,0.00069
-31,29,4,100000,36,0.00036,81,0.00081
-31,29,5,100000,23,0.00023,78,0.00078
-31,30,0,100000,18,0.00018,64,0.00064
-31,30,1,100000,18,0.00018,62,0.00062
-31,30,2,100000,24,0.00024,70,0.0007
-31,30,3,100000,53,0.00053,88,0.00088
-31,30,4,100000,47,0.00047,84,0.00084
-31,30,5,100000,20,0.0002,66,0.00066
-31,31,0,100000,23,0.00023,87,0.00087
-31,31,1,100000,31,0.00031,78,0.00078
-31,31,2,100000,29,0.00029,76,0.00076
-31,31,3,100000,36,0.00036,70,0.0007
-31,31,4,100000,25,0.00025,74,0.00074
-31,31,5,100000,28,0.00028,59,0.00059
-31,32,0,100000,36,0.00036,82,0.00082
-31,32,1,100000,27,0.00027,85,0.00085
-31,32,2,100000,38,0.00038,82,0.00082
-31,32,3,100000,36,0.00036,78,0.00078
-31,32,4,100000,19,0.00019,71,0.00071
-31,32,5,100000,32,0.00032,66,0.00066
-31,33,0,100000,23,0.00023,77,0.00077
-31,33,1,100000,14,0.00014,71,0.00071
-31,33,2,100000,25,0.00025,64,0.00064
-31,33,3,100000,30,0.0003,86,0.00086
-31,33,4,100000,37,0.00037,75,0.00075
-31,33,5,100000,16,0.00016,64,0.00064
-31,34,0,100000,21,0.00021,63,0.00063
-31,34,1,100000,38,0.00038,93,0.00093
-31,34,2,100000,31,0.00031,63,0.00063
-31,34,3,100000,35,0.00035,73,0.00073
-31,34,4,100000,32,0.00032,77,0.00077
-31,34,5,100000,15,0.00015,67,0.00067
-31,35,0,100000,24,0.00024,70,0.0007
-31,35,1,100000,40,0.0004,75,0.00075
-31,35,2,100000,23,0.00023,74,0.00074
-31,35,3,100000,36,0.00036,85,0.00085
-31,35,4,100000,26,0.00026,67,0.00067
-31,35,5,100000,40,0.0004,66,0.00066
-31,36,0,100000,29,0.00029,71,0.00071
-31,36,1,100000,25,0.00025,85,0.00085
-31,36,2,100000,50,0.0005,72,0.00072
-31,36,3,100000,21,0.00021,89,0.00089
-31,36,4,100000,33,0.00033,60,0.0006
-31,36,5,100000,19,0.00019,67,0.00067
-31,37,0,100000,29,0.00029,71,0.00071
-31,37,1,100000,26,0.00026,83,0.00083
-31,37,2,100000,24,0.00024,60,0.0006
-31,37,3,100000,40,0.0004,81,0.00081
-31,37,4,100000,32,0.00032,72,0.00072
-31,37,5,100000,41,0.00041,82,0.00082
-31,38,0,100000,31,0.00031,70,0.0007
-31,38,1,100000,48,0.00048,74,0.00074
-31,38,2,100000,41,0.00041,72,0.00072
-31,38,3,100000,26,0.00026,59,0.00059
-31,38,4,100000,35,0.00035,83,0.00083
-31,38,5,100000,24,0.00024,78,0.00078
-31,39,0,100000,32,0.00032,79,0.00079
-31,39,1,100000,31,0.00031,70,0.0007
-31,39,2,100000,27,0.00027,80,0.0008
-31,39,3,100000,30,0.0003,77,0.00077
-31,39,4,100000,26,0.00026,68,0.00068
-31,39,5,100000,34,0.00034,83,0.00083
-31,40,0,100000,18,0.00018,53,0.00053
-31,40,1,100000,45,0.00045,82,0.00082
-31,40,2,100000,10,0.0001,72,0.00072
-31,40,3,100000,41,0.00041,85,0.00085
-31,40,4,100000,40,0.0004,77,0.00077
-31,40,5,100000,20,0.0002,62,0.00062
-31,41,0,100000,44,0.00044,79,0.00079
-31,41,1,100000,22,0.00022,69,0.00069
-31,41,2,100000,22,0.00022,66,0.00066
-31,41,3,100000,34,0.00034,81,0.00081
-31,41,4,100000,16,0.00016,75,0.00075
-31,41,5,100000,16,0.00016,61,0.00061
-31,42,0,100000,43,0.00043,82,0.00082
-31,42,1,100000,20,0.0002,75,0.00075
-31,42,2,100000,41,0.00041,82,0.00082
-31,42,3,100000,49,0.00049,68,0.00068
-31,42,4,100000,58,0.00058,92,0.00092
-31,42,5,100000,38,0.00038,81,0.00081
-31,43,0,100000,44,0.00044,57,0.00057
-31,43,1,100000,30,0.0003,69,0.00069
-31,43,2,100000,17,0.00017,67,0.00067
-31,43,3,100000,39,0.00039,81,0.00081
-31,43,4,100000,35,0.00035,76,0.00076
-31,43,5,100000,25,0.00025,67,0.00067
-31,44,0,100000,16,0.00016,69,0.00069
-31,44,1,100000,37,0.00037,72,0.00072
-31,44,2,100000,16,0.00016,64,0.00064
-31,44,3,100000,24,0.00024,78,0.00078
-31,44,4,100000,44,0.00044,77,0.00077
-31,44,5,100000,25,0.00025,59,0.00059
-31,45,0,100000,42,0.00042,73,0.00073
-31,45,1,100000,24,0.00024,63,0.00063
-31,45,2,100000,47,0.00047,87,0.00087
-31,45,3,100000,16,0.00016,68,0.00068
-31,45,4,100000,27,0.00027,76,0.00076
-31,45,5,100000,23,0.00023,72,0.00072
-31,46,0,100000,27,0.00027,77,0.00077
-31,46,1,100000,43,0.00043,95,0.00095
-31,46,2,100000,36,0.00036,67,0.00067
-31,46,3,100000,47,0.00047,88,0.00088
-31,46,4,100000,19,0.00019,72,0.00072
-31,46,5,100000,35,0.00035,75,0.00075
-31,47,0,100000,26,0.00026,74,0.00074
-31,47,1,100000,19,0.00019,74,0.00074
-31,47,2,100000,23,0.00023,67,0.00067
-31,47,3,100000,26,0.00026,72,0.00072
-31,47,4,100000,52,0.00052,76,0.00076
-31,47,5,100000,25,0.00025,69,0.00069
-31,48,0,100000,48,0.00048,79,0.00079
-31,48,1,100000,32,0.00032,91,0.00091
-31,48,2,100000,22,0.00022,76,0.00076
-31,48,3,100000,34,0.00034,66,0.00066
-31,48,4,100000,19,0.00019,64,0.00064
-31,48,5,100000,28,0.00028,75,0.00075
-31,49,0,100000,27,0.00027,69,0.00069
-31,49,1,100000,39,0.00039,77,0.00077
-31,49,2,100000,28,0.00028,71,0.00071
-31,49,3,100000,15,0.00015,58,0.00058
-31,49,4,100000,30,0.0003,65,0.00065
-31,49,5,100000,37,0.00037,62,0.00062
-31,50,0,100000,32,0.00032,75,0.00075
-31,50,1,100000,31,0.00031,74,0.00074
-31,50,2,100000,45,0.00045,89,0.00089
-31,50,3,100000,35,0.00035,65,0.00065
-31,50,4,100000,21,0.00021,69,0.00069
-31,50,5,100000,17,0.00017,68,0.00068
-30,-50,0,100000,23,0.00023,72,0.00072
-30,-50,1,100000,31,0.00031,69,0.00069
-30,-50,2,100000,22,0.00022,69,0.00069
-30,-50,3,100000,52,0.00052,90,0.0009
-30,-50,4,100000,32,0.00032,65,0.00065
-30,-50,5,100000,25,0.00025,79,0.00079
-30,-49,0,100000,29,0.00029,69,0.00069
-30,-49,1,100000,13,0.00013,74,0.00074
-30,-49,2,100000,24,0.00024,72,0.00072
-30,-49,3,100000,29,0.00029,65,0.00065
-30,-49,4,100000,39,0.00039,61,0.00061
-30,-49,5,100000,23,0.00023,68,0.00068
-30,-48,0,100000,31,0.00031,80,0.0008
-30,-48,1,100000,28,0.00028,74,0.00074
-30,-48,2,100000,37,0.00037,68,0.00068
-30,-48,3,100000,29,0.00029,60,0.0006
-30,-48,4,100000,33,0.00033,63,0.00063
-30,-48,5,100000,32,0.00032,83,0.00083
-30,-47,0,100000,17,0.00017,71,0.00071
-30,-47,1,100000,37,0.00037,72,0.00072
-30,-47,2,100000,33,0.00033,61,0.00061
-30,-47,3,100000,24,0.00024,64,0.00064
-30,-47,4,100000,29,0.00029,69,0.00069
-30,-47,5,100000,23,0.00023,67,0.00067
-30,-46,0,100000,33,0.00033,76,0.00076
-30,-46,1,100000,21,0.00021,61,0.00061
-30,-46,2,100000,42,0.00042,65,0.00065
-30,-46,3,100000,40,0.0004,76,0.00076
-30,-46,4,100000,25,0.00025,78,0.00078
-30,-46,5,100000,25,0.00025,67,0.00067
-30,-45,0,100000,28,0.00028,78,0.00078
-30,-45,1,100000,25,0.00025,66,0.00066
-30,-45,2,100000,38,0.00038,77,0.00077
-30,-45,3,100000,33,0.00033,73,0.00073
-30,-45,4,100000,8,8e-05,63,0.00063
-30,-45,5,100000,24,0.00024,59,0.00059
-30,-44,0,100000,51,0.00051,93,0.00093
-30,-44,1,100000,36,0.00036,75,0.00075
-30,-44,2,100000,34,0.00034,73,0.00073
-30,-44,3,100000,19,0.00019,66,0.00066
-30,-44,4,100000,15,0.00015,68,0.00068
-30,-44,5,100000,21,0.00021,78,0.00078
-30,-43,0,100000,23,0.00023,65,0.00065
-30,-43,1,100000,29,0.00029,75,0.00075
-30,-43,2,100000,42,0.00042,74,0.00074
-30,-43,3,100000,32,0.00032,68,0.00068
-30,-43,4,100000,15,0.00015,77,0.00077
-30,-43,5,100000,29,0.00029,72,0.00072
-30,-42,0,100000,17,0.00017,61,0.00061
-30,-42,1,100000,36,0.00036,71,0.00071
-30,-42,2,100000,47,0.00047,99,0.00099
-30,-42,3,100000,39,0.00039,55,0.00055
-30,-42,4,100000,34,0.00034,72,0.00072
-30,-42,5,100000,27,0.00027,81,0.00081
-30,-41,0,100000,32,0.00032,60,0.0006
-30,-41,1,100000,16,0.00016,55,0.00055
-30,-41,2,100000,36,0.00036,60,0.0006
-30,-41,3,100000,33,0.00033,91,0.00091
-30,-41,4,100000,23,0.00023,69,0.00069
-30,-41,5,100000,41,0.00041,84,0.00084
-30,-40,0,100000,25,0.00025,78,0.00078
-30,-40,1,100000,18,0.00018,72,0.00072
-30,-40,2,100000,44,0.00044,68,0.00068
-30,-40,3,100000,22,0.00022,72,0.00072
-30,-40,4,100000,22,0.00022,77,0.00077
-30,-40,5,100000,25,0.00025,68,0.00068
-30,-39,0,100000,21,0.00021,80,0.0008
-30,-39,1,100000,19,0.00019,70,0.0007
-30,-39,2,100000,28,0.00028,76,0.00076
-30,-39,3,100000,54,0.00054,75,0.00075
-30,-39,4,100000,26,0.00026,74,0.00074
-30,-39,5,100000,27,0.00027,77,0.00077
-30,-38,0,100000,24,0.00024,69,0.00069
-30,-38,1,100000,28,0.00028,73,0.00073
-30,-38,2,100000,38,0.00038,70,0.0007
-30,-38,3,100000,45,0.00045,77,0.00077
-30,-38,4,100000,36,0.00036,73,0.00073
-30,-38,5,100000,16,0.00016,71,0.00071
-30,-37,0,100000,28,0.00028,81,0.00081
-30,-37,1,100000,14,0.00014,62,0.00062
-30,-37,2,100000,49,0.00049,75,0.00075
-30,-37,3,100000,46,0.00046,70,0.0007
-30,-37,4,100000,28,0.00028,78,0.00078
-30,-37,5,100000,45,0.00045,88,0.00088
-30,-36,0,100000,30,0.0003,62,0.00062
-30,-36,1,100000,25,0.00025,71,0.00071
-30,-36,2,100000,30,0.0003,73,0.00073
-30,-36,3,100000,32,0.00032,76,0.00076
-30,-36,4,100000,32,0.00032,85,0.00085
-30,-36,5,100000,31,0.00031,75,0.00075
-30,-35,0,100000,24,0.00024,68,0.00068
-30,-35,1,100000,24,0.00024,61,0.00061
-30,-35,2,100000,25,0.00025,81,0.00081
-30,-35,3,100000,30,0.0003,70,0.0007
-30,-35,4,100000,44,0.00044,80,0.0008
-30,-35,5,100000,38,0.00038,75,0.00075
-30,-34,0,100000,29,0.00029,60,0.0006
-30,-34,1,100000,23,0.00023,61,0.00061
-30,-34,2,100000,31,0.00031,78,0.00078
-30,-34,3,100000,31,0.00031,77,0.00077
-30,-34,4,100000,37,0.00037,68,0.00068
-30,-34,5,100000,35,0.00035,95,0.00095
-30,-33,0,100000,36,0.00036,64,0.00064
-30,-33,1,100000,33,0.00033,94,0.00094
-30,-33,2,100000,28,0.00028,70,0.0007
-30,-33,3,100000,41,0.00041,80,0.0008
-30,-33,4,100000,62,0.00062,99,0.00099
-30,-33,5,100000,23,0.00023,64,0.00064
-30,-32,0,100000,45,0.00045,84,0.00084
-30,-32,1,100000,27,0.00027,70,0.0007
-30,-32,2,100000,33,0.00033,71,0.00071
-30,-32,3,100000,36,0.00036,88,0.00088
-30,-32,4,100000,24,0.00024,67,0.00067
-30,-32,5,100000,23,0.00023,72,0.00072
-30,-31,0,100000,36,0.00036,76,0.00076
-30,-31,1,100000,24,0.00024,64,0.00064
-30,-31,2,100000,29,0.00029,79,0.00079
-30,-31,3,100000,48,0.00048,86,0.00086
-30,-31,4,100000,37,0.00037,82,0.00082
-30,-31,5,100000,35,0.00035,81,0.00081
-30,-30,0,100000,49,0.00049,83,0.00083
-30,-30,1,100000,17,0.00017,85,0.00085
-30,-30,2,100000,39,0.00039,81,0.00081
-30,-30,3,100000,30,0.0003,83,0.00083
-30,-30,4,100000,37,0.00037,67,0.00067
-30,-30,5,100000,37,0.00037,74,0.00074
-30,-29,0,100000,27,0.00027,73,0.00073
-30,-29,1,100000,26,0.00026,45,0.00045
-30,-29,2,100000,16,0.00016,71,0.00071
-30,-29,3,100000,44,0.00044,83,0.00083
-30,-29,4,100000,25,0.00025,70,0.0007
-30,-29,5,100000,21,0.00021,74,0.00074
-30,-28,0,100000,35,0.00035,83,0.00083
-30,-28,1,100000,23,0.00023,76,0.00076
-30,-28,2,100000,22,0.00022,75,0.00075
-30,-28,3,100000,43,0.00043,80,0.0008
-30,-28,4,100000,28,0.00028,80,0.0008
-30,-28,5,100000,49,0.00049,83,0.00083
-30,-27,0,100000,37,0.00037,90,0.0009
-30,-27,1,100000,30,0.0003,83,0.00083
-30,-27,2,100000,24,0.00024,79,0.00079
-30,-27,3,100000,18,0.00018,78,0.00078
-30,-27,4,100000,23,0.00023,70,0.0007
-30,-27,5,100000,20,0.0002,63,0.00063
-30,-26,0,100000,45,0.00045,76,0.00076
-30,-26,1,100000,25,0.00025,76,0.00076
-30,-26,2,100000,37,0.00037,91,0.00091
-30,-26,3,100000,30,0.0003,95,0.00095
-30,-26,4,100000,50,0.0005,87,0.00087
-30,-26,5,100000,29,0.00029,84,0.00084
-30,-25,0,100000,31,0.00031,78,0.00078
-30,-25,1,100000,53,0.00053,81,0.00081
-30,-25,2,100000,22,0.00022,79,0.00079
-30,-25,3,100000,30,0.0003,71,0.00071
-30,-25,4,100000,33,0.00033,85,0.00085
-30,-25,5,100000,43,0.00043,80,0.0008
-30,-24,0,100000,45,0.00045,83,0.00083
-30,-24,1,100000,37,0.00037,91,0.00091
-30,-24,2,100000,35,0.00035,85,0.00085
-30,-24,3,100000,24,0.00024,78,0.00078
-30,-24,4,100000,25,0.00025,77,0.00077
-30,-24,5,100000,33,0.00033,66,0.00066
-30,-23,0,100000,35,0.00035,83,0.00083
-30,-23,1,100000,34,0.00034,71,0.00071
-30,-23,2,100000,27,0.00027,81,0.00081
-30,-23,3,100000,37,0.00037,93,0.00093
-30,-23,4,100000,27,0.00027,73,0.00073
-30,-23,5,100000,39,0.00039,74,0.00074
-30,-22,0,100000,27,0.00027,78,0.00078
-30,-22,1,100000,18,0.00018,77,0.00077
-30,-22,2,100000,26,0.00026,74,0.00074
-30,-22,3,100000,45,0.00045,91,0.00091
-30,-22,4,100000,15,0.00015,65,0.00065
-30,-22,5,100000,24,0.00024,86,0.00086
-30,-21,0,100000,25,0.00025,65,0.00065
-30,-21,1,100000,37,0.00037,78,0.00078
-30,-21,2,100000,37,0.00037,67,0.00067
-30,-21,3,100000,45,0.00045,84,0.00084
-30,-21,4,100000,28,0.00028,79,0.00079
-30,-21,5,100000,27,0.00027,73,0.00073
-30,-20,0,100000,20,0.0002,83,0.00083
-30,-20,1,100000,50,0.0005,86,0.00086
-30,-20,2,100000,47,0.00047,85,0.00085
-30,-20,3,100000,31,0.00031,83,0.00083
-30,-20,4,100000,26,0.00026,80,0.0008
-30,-20,5,100000,21,0.00021,65,0.00065
-30,-19,0,100000,21,0.00021,66,0.00066
-30,-19,1,100000,44,0.00044,69,0.00069
-30,-19,2,100000,15,0.00015,61,0.00061
-30,-19,3,100000,14,0.00014,61,0.00061
-30,-19,4,100000,31,0.00031,71,0.00071
-30,-19,5,100000,21,0.00021,70,0.0007
-30,-18,0,100000,48,0.00048,83,0.00083
-30,-18,1,100000,31,0.00031,80,0.0008
-30,-18,2,100000,45,0.00045,110,0.0011
-30,-18,3,100000,28,0.00028,75,0.00075
-30,-18,4,100000,41,0.00041,75,0.00075
-30,-18,5,100000,30,0.0003,65,0.00065
-30,-17,0,100000,43,0.00043,84,0.00084
-30,-17,1,100000,43,0.00043,69,0.00069
-30,-17,2,100000,32,0.00032,78,0.00078
-30,-17,3,100000,35,0.00035,82,0.00082
-30,-17,4,100000,30,0.0003,76,0.00076
-30,-17,5,100000,37,0.00037,109,0.00109
-30,-16,0,100000,28,0.00028,74,0.00074
-30,-16,1,100000,28,0.00028,65,0.00065
-30,-16,2,100000,35,0.00035,75,0.00075
-30,-16,3,100000,21,0.00021,59,0.00059
-30,-16,4,100000,28,0.00028,91,0.00091
-30,-16,5,100000,30,0.0003,72,0.00072
-30,-15,0,100000,35,0.00035,82,0.00082
-30,-15,1,100000,50,0.0005,73,0.00073
-30,-15,2,100000,13,0.00013,86,0.00086
-30,-15,3,100000,31,0.00031,74,0.00074
-30,-15,4,100000,23,0.00023,88,0.00088
-30,-15,5,100000,33,0.00033,75,0.00075
-30,-14,0,100000,41,0.00041,73,0.00073
-30,-14,1,100000,51,0.00051,88,0.00088
-30,-14,2,100000,35,0.00035,77,0.00077
-30,-14,3,100000,30,0.0003,60,0.0006
-30,-14,4,100000,15,0.00015,68,0.00068
-30,-14,5,100000,36,0.00036,78,0.00078
-30,-13,0,100000,32,0.00032,70,0.0007
-30,-13,1,100000,31,0.00031,70,0.0007
-30,-13,2,100000,52,0.00052,93,0.00093
-30,-13,3,100000,21,0.00021,74,0.00074
-30,-13,4,100000,31,0.00031,76,0.00076
-30,-13,5,100000,16,0.00016,63,0.00063
-30,-12,0,100000,26,0.00026,67,0.00067
-30,-12,1,100000,35,0.00035,65,0.00065
-30,-12,2,100000,23,0.00023,79,0.00079
-30,-12,3,100000,24,0.00024,66,0.00066
-30,-12,4,100000,27,0.00027,78,0.00078
-30,-12,5,100000,31,0.00031,82,0.00082
-30,-11,0,100000,47,0.00047,77,0.00077
-30,-11,1,100000,27,0.00027,73,0.00073
-30,-11,2,100000,27,0.00027,69,0.00069
-30,-11,3,100000,19,0.00019,76,0.00076
-30,-11,4,100000,32,0.00032,78,0.00078
-30,-11,5,100000,33,0.00033,62,0.00062
-30,-10,0,100000,28,0.00028,64,0.00064
-30,-10,1,100000,38,0.00038,77,0.00077
-30,-10,2,100000,23,0.00023,76,0.00076
-30,-10,3,100000,46,0.00046,80,0.0008
-30,-10,4,100000,46,0.00046,86,0.00086
-30,-10,5,100000,29,0.00029,71,0.00071
-30,-9,0,100000,30,0.0003,72,0.00072
-30,-9,1,100000,18,0.00018,66,0.00066
-30,-9,2,100000,27,0.00027,73,0.00073
-30,-9,3,100000,20,0.0002,73,0.00073
-30,-9,4,100000,23,0.00023,70,0.0007
-30,-9,5,100000,40,0.0004,69,0.00069
-30,-8,0,100000,37,0.00037,77,0.00077
-30,-8,1,100000,44,0.00044,76,0.00076
-30,-8,2,100000,33,0.00033,79,0.00079
-30,-8,3,100000,34,0.00034,93,0.00093
-30,-8,4,100000,31,0.00031,72,0.00072
-30,-8,5,100000,26,0.00026,78,0.00078
-30,-7,0,100000,45,0.00045,70,0.0007
-30,-7,1,100000,29,0.00029,65,0.00065
-30,-7,2,100000,25,0.00025,81,0.00081
-30,-7,3,100000,33,0.00033,82,0.00082
-30,-7,4,100000,36,0.00036,73,0.00073
-30,-7,5,100000,31,0.00031,76,0.00076
-30,-6,0,100000,42,0.00042,81,0.00081
-30,-6,1,100000,27,0.00027,89,0.00089
-30,-6,2,100000,40,0.0004,82,0.00082
-30,-6,3,100000,34,0.00034,76,0.00076
-30,-6,4,100000,34,0.00034,72,0.00072
-30,-6,5,100000,31,0.00031,72,0.00072
-30,-5,0,100000,22,0.00022,68,0.00068
-30,-5,1,100000,44,0.00044,76,0.00076
-30,-5,2,100000,48,0.00048,84,0.00084
-30,-5,3,100000,27,0.00027,85,0.00085
-30,-5,4,100000,33,0.00033,76,0.00076
-30,-5,5,100000,42,0.00042,72,0.00072
-30,-4,0,100000,40,0.0004,61,0.00061
-30,-4,1,100000,22,0.00022,78,0.00078
-30,-4,2,100000,34,0.00034,81,0.00081
-30,-4,3,100000,35,0.00035,76,0.00076
-30,-4,4,100000,32,0.00032,69,0.00069
-30,-4,5,100000,41,0.00041,73,0.00073
-30,-3,0,100000,26,0.00026,70,0.0007
-30,-3,1,100000,32,0.00032,77,0.00077
-30,-3,2,100000,27,0.00027,86,0.00086
-30,-3,3,100000,31,0.00031,84,0.00084
-30,-3,4,100000,20,0.0002,81,0.00081
-30,-3,5,100000,43,0.00043,85,0.00085
-30,-2,0,100000,41,0.00041,94,0.00094
-30,-2,1,100000,35,0.00035,90,0.0009
-30,-2,2,100000,37,0.00037,92,0.00092
-30,-2,3,100000,37,0.00037,78,0.00078
-30,-2,4,100000,22,0.00022,70,0.0007
-30,-2,5,100000,36,0.00036,76,0.00076
-30,-1,0,100000,22,0.00022,70,0.0007
-30,-1,1,100000,46,0.00046,86,0.00086
-30,-1,2,100000,34,0.00034,82,0.00082
-30,-1,3,100000,41,0.00041,80,0.0008
-30,-1,4,100000,15,0.00015,59,0.00059
-30,-1,5,100000,26,0.00026,67,0.00067
-30,0,0,100000,18,0.00018,65,0.00065
-30,0,1,100000,35,0.00035,98,0.00098
-30,0,2,100000,37,0.00037,88,0.00088
-30,0,3,100000,23,0.00023,77,0.00077
-30,0,4,100000,43,0.00043,76,0.00076
-30,0,5,100000,36,0.00036,79,0.00079
-30,1,0,100000,30,0.0003,85,0.00085
-30,1,1,100000,41,0.00041,77,0.00077
-30,1,2,100000,54,0.00054,83,0.00083
-30,1,3,100000,36,0.00036,85,0.00085
-30,1,4,100000,24,0.00024,65,0.00065
-30,1,5,100000,38,0.00038,93,0.00093
-30,2,0,100000,24,0.00024,63,0.00063
-30,2,1,100000,40,0.0004,78,0.00078
-30,2,2,100000,44,0.00044,85,0.00085
-30,2,3,100000,26,0.00026,66,0.00066
-30,2,4,100000,14,0.00014,73,0.00073
-30,2,5,100000,41,0.00041,90,0.0009
-30,3,0,100000,20,0.0002,78,0.00078
-30,3,1,100000,24,0.00024,76,0.00076
-30,3,2,100000,57,0.00057,87,0.00087
-30,3,3,100000,41,0.00041,77,0.00077
-30,3,4,100000,21,0.00021,57,0.00057
-30,3,5,100000,47,0.00047,72,0.00072
-30,4,0,100000,39,0.00039,77,0.00077
-30,4,1,100000,24,0.00024,82,0.00082
-30,4,2,100000,48,0.00048,82,0.00082
-30,4,3,100000,26,0.00026,92,0.00092
-30,4,4,100000,23,0.00023,82,0.00082
-30,4,5,100000,53,0.00053,80,0.0008
-30,5,0,100000,23,0.00023,59,0.00059
-30,5,1,100000,30,0.0003,76,0.00076
-30,5,2,100000,14,0.00014,68,0.00068
-30,5,3,100000,22,0.00022,72,0.00072
-30,5,4,100000,31,0.00031,71,0.00071
-30,5,5,100000,32,0.00032,65,0.00065
-30,6,0,100000,34,0.00034,73,0.00073
-30,6,1,100000,37,0.00037,71,0.00071
-30,6,2,100000,33,0.00033,81,0.00081
-30,6,3,100000,39,0.00039,83,0.00083
-30,6,4,100000,23,0.00023,80,0.0008
-30,6,5,100000,39,0.00039,73,0.00073
-30,7,0,100000,25,0.00025,83,0.00083
-30,7,1,100000,30,0.0003,90,0.0009
-30,7,2,100000,26,0.00026,79,0.00079
-30,7,3,100000,36,0.00036,89,0.00089
-30,7,4,100000,39,0.00039,103,0.00103
-30,7,5,100000,34,0.00034,87,0.00087
-30,8,0,100000,32,0.00032,84,0.00084
-30,8,1,100000,25,0.00025,69,0.00069
-30,8,2,100000,31,0.00031,79,0.00079
-30,8,3,100000,29,0.00029,80,0.0008
-30,8,4,100000,45,0.00045,69,0.00069
-30,8,5,100000,33,0.00033,83,0.00083
-30,9,0,100000,24,0.00024,77,0.00077
-30,9,1,100000,43,0.00043,84,0.00084
-30,9,2,100000,39,0.00039,86,0.00086
-30,9,3,100000,33,0.00033,92,0.00092
-30,9,4,100000,12,0.00012,64,0.00064
-30,9,5,100000,28,0.00028,79,0.00079
-30,10,0,100000,28,0.00028,66,0.00066
-30,10,1,100000,31,0.00031,77,0.00077
-30,10,2,100000,21,0.00021,62,0.00062
-30,10,3,100000,33,0.00033,83,0.00083
-30,10,4,100000,23,0.00023,84,0.00084
-30,10,5,100000,35,0.00035,89,0.00089
-30,11,0,100000,36,0.00036,79,0.00079
-30,11,1,100000,17,0.00017,67,0.00067
-30,11,2,100000,44,0.00044,81,0.00081
-30,11,3,100000,31,0.00031,88,0.00088
-30,11,4,100000,41,0.00041,76,0.00076
-30,11,5,100000,29,0.00029,88,0.00088
-30,12,0,100000,33,0.00033,69,0.00069
-30,12,1,100000,25,0.00025,77,0.00077
-30,12,2,100000,34,0.00034,77,0.00077
-30,12,3,100000,45,0.00045,72,0.00072
-30,12,4,100000,16,0.00016,71,0.00071
-30,12,5,100000,33,0.00033,71,0.00071
-30,13,0,100000,29,0.00029,80,0.0008
-30,13,1,100000,31,0.00031,80,0.0008
-30,13,2,100000,29,0.00029,77,0.00077
-30,13,3,100000,36,0.00036,88,0.00088
-30,13,4,100000,30,0.0003,80,0.0008
-30,13,5,100000,44,0.00044,88,0.00088
-30,14,0,100000,34,0.00034,63,0.00063
-30,14,1,100000,17,0.00017,81,0.00081
-30,14,2,100000,39,0.00039,86,0.00086
-30,14,3,100000,37,0.00037,72,0.00072
-30,14,4,100000,44,0.00044,86,0.00086
-30,14,5,100000,33,0.00033,79,0.00079
-30,15,0,100000,45,0.00045,73,0.00073
-30,15,1,100000,31,0.00031,70,0.0007
-30,15,2,100000,28,0.00028,71,0.00071
-30,15,3,100000,34,0.00034,68,0.00068
-30,15,4,100000,25,0.00025,79,0.00079
-30,15,5,100000,24,0.00024,70,0.0007
-30,16,0,100000,30,0.0003,67,0.00067
-30,16,1,100000,27,0.00027,94,0.00094
-30,16,2,100000,24,0.00024,84,0.00084
-30,16,3,100000,28,0.00028,87,0.00087
-30,16,4,100000,31,0.00031,73,0.00073
-30,16,5,100000,13,0.00013,72,0.00072
-30,17,0,100000,37,0.00037,76,0.00076
-30,17,1,100000,23,0.00023,73,0.00073
-30,17,2,100000,33,0.00033,71,0.00071
-30,17,3,100000,25,0.00025,68,0.00068
-30,17,4,100000,33,0.00033,67,0.00067
-30,17,5,100000,24,0.00024,79,0.00079
-30,18,0,100000,30,0.0003,69,0.00069
-30,18,1,100000,50,0.0005,89,0.00089
-30,18,2,100000,16,0.00016,86,0.00086
-30,18,3,100000,23,0.00023,70,0.0007
-30,18,4,100000,48,0.00048,91,0.00091
-30,18,5,100000,32,0.00032,60,0.0006
-30,19,0,100000,29,0.00029,72,0.00072
-30,19,1,100000,30,0.0003,75,0.00075
-30,19,2,100000,40,0.0004,67,0.00067
-30,19,3,100000,24,0.00024,76,0.00076
-30,19,4,100000,28,0.00028,72,0.00072
-30,19,5,100000,23,0.00023,69,0.00069
-30,20,0,100000,32,0.00032,90,0.0009
-30,20,1,100000,33,0.00033,71,0.00071
-30,20,2,100000,47,0.00047,75,0.00075
-30,20,3,100000,35,0.00035,89,0.00089
-30,20,4,100000,33,0.00033,82,0.00082
-30,20,5,100000,44,0.00044,77,0.00077
-30,21,0,100000,41,0.00041,66,0.00066
-30,21,1,100000,23,0.00023,58,0.00058
-30,21,2,100000,32,0.00032,84,0.00084
-30,21,3,100000,41,0.00041,87,0.00087
-30,21,4,100000,31,0.00031,83,0.00083
-30,21,5,100000,34,0.00034,77,0.00077
-30,22,0,100000,33,0.00033,74,0.00074
-30,22,1,100000,21,0.00021,63,0.00063
-30,22,2,100000,35,0.00035,70,0.0007
-30,22,3,100000,23,0.00023,82,0.00082
-30,22,4,100000,48,0.00048,88,0.00088
-30,22,5,100000,25,0.00025,73,0.00073
-30,23,0,100000,36,0.00036,67,0.00067
-30,23,1,100000,28,0.00028,63,0.00063
-30,23,2,100000,31,0.00031,95,0.00095
-30,23,3,100000,40,0.0004,80,0.0008
-30,23,4,100000,42,0.00042,86,0.00086
-30,23,5,100000,45,0.00045,95,0.00095
-30,24,0,100000,25,0.00025,73,0.00073
-30,24,1,100000,25,0.00025,56,0.00056
-30,24,2,100000,44,0.00044,80,0.0008
-30,24,3,100000,21,0.00021,75,0.00075
-30,24,4,100000,19,0.00019,52,0.00052
-30,24,5,100000,28,0.00028,89,0.00089
-30,25,0,100000,36,0.00036,71,0.00071
-30,25,1,100000,28,0.00028,62,0.00062
-30,25,2,100000,19,0.00019,62,0.00062
-30,25,3,100000,22,0.00022,63,0.00063
-30,25,4,100000,32,0.00032,87,0.00087
-30,25,5,100000,35,0.00035,85,0.00085
-30,26,0,100000,29,0.00029,78,0.00078
-30,26,1,100000,35,0.00035,77,0.00077
-30,26,2,100000,21,0.00021,69,0.00069
-30,26,3,100000,34,0.00034,72,0.00072
-30,26,4,100000,36,0.00036,81,0.00081
-30,26,5,100000,28,0.00028,73,0.00073
-30,27,0,100000,24,0.00024,78,0.00078
-30,27,1,100000,33,0.00033,86,0.00086
-30,27,2,100000,34,0.00034,73,0.00073
-30,27,3,100000,49,0.00049,80,0.0008
-30,27,4,100000,18,0.00018,72,0.00072
-30,27,5,100000,34,0.00034,75,0.00075
-30,28,0,100000,34,0.00034,70,0.0007
-30,28,1,100000,35,0.00035,71,0.00071
-30,28,2,100000,42,0.00042,83,0.00083
-30,28,3,100000,30,0.0003,92,0.00092
-30,28,4,100000,33,0.00033,77,0.00077
-30,28,5,100000,56,0.00056,92,0.00092
-30,29,0,100000,27,0.00027,60,0.0006
-30,29,1,100000,51,0.00051,78,0.00078
-30,29,2,100000,20,0.0002,78,0.00078
-30,29,3,100000,36,0.00036,81,0.00081
-30,29,4,100000,35,0.00035,89,0.00089
-30,29,5,100000,32,0.00032,78,0.00078
-30,30,0,100000,27,0.00027,77,0.00077
-30,30,1,100000,36,0.00036,68,0.00068
-30,30,2,100000,35,0.00035,76,0.00076
-30,30,3,100000,44,0.00044,78,0.00078
-30,30,4,100000,30,0.0003,91,0.00091
-30,30,5,100000,31,0.00031,76,0.00076
-30,31,0,100000,53,0.00053,73,0.00073
-30,31,1,100000,18,0.00018,64,0.00064
-30,31,2,100000,38,0.00038,74,0.00074
-30,31,3,100000,31,0.00031,69,0.00069
-30,31,4,100000,36,0.00036,58,0.00058
-30,31,5,100000,32,0.00032,78,0.00078
-30,32,0,100000,37,0.00037,62,0.00062
-30,32,1,100000,37,0.00037,77,0.00077
-30,32,2,100000,48,0.00048,77,0.00077
-30,32,3,100000,21,0.00021,77,0.00077
-30,32,4,100000,25,0.00025,87,0.00087
-30,32,5,100000,46,0.00046,91,0.00091
-30,33,0,100000,40,0.0004,70,0.0007
-30,33,1,100000,27,0.00027,68,0.00068
-30,33,2,100000,18,0.00018,75,0.00075
-30,33,3,100000,31,0.00031,76,0.00076
-30,33,4,100000,23,0.00023,69,0.00069
-30,33,5,100000,36,0.00036,75,0.00075
-30,34,0,100000,22,0.00022,68,0.00068
-30,34,1,100000,29,0.00029,75,0.00075
-30,34,2,100000,37,0.00037,85,0.00085
-30,34,3,100000,53,0.00053,86,0.00086
-30,34,4,100000,31,0.00031,68,0.00068
-30,34,5,100000,24,0.00024,60,0.0006
-30,35,0,100000,34,0.00034,86,0.00086
-30,35,1,100000,38,0.00038,86,0.00086
-30,35,2,100000,36,0.00036,79,0.00079
-30,35,3,100000,38,0.00038,81,0.00081
-30,35,4,100000,25,0.00025,80,0.0008
-30,35,5,100000,24,0.00024,75,0.00075
-30,36,0,100000,40,0.0004,69,0.00069
-30,36,1,100000,18,0.00018,62,0.00062
-30,36,2,100000,37,0.00037,77,0.00077
-30,36,3,100000,55,0.00055,99,0.00099
-30,36,4,100000,39,0.00039,63,0.00063
-30,36,5,100000,55,0.00055,89,0.00089
-30,37,0,100000,16,0.00016,65,0.00065
-30,37,1,100000,21,0.00021,74,0.00074
-30,37,2,100000,31,0.00031,70,0.0007
-30,37,3,100000,31,0.00031,64,0.00064
-30,37,4,100000,30,0.0003,67,0.00067
-30,37,5,100000,19,0.00019,68,0.00068
-30,38,0,100000,30,0.0003,73,0.00073
-30,38,1,100000,28,0.00028,89,0.00089
-30,38,2,100000,24,0.00024,76,0.00076
-30,38,3,100000,14,0.00014,72,0.00072
-30,38,4,100000,42,0.00042,78,0.00078
-30,38,5,100000,40,0.0004,72,0.00072
-30,39,0,100000,37,0.00037,71,0.00071
-30,39,1,100000,26,0.00026,66,0.00066
-30,39,2,100000,40,0.0004,72,0.00072
-30,39,3,100000,23,0.00023,68,0.00068
-30,39,4,100000,20,0.0002,69,0.00069
-30,39,5,100000,27,0.00027,89,0.00089
-30,40,0,100000,23,0.00023,68,0.00068
-30,40,1,100000,56,0.00056,71,0.00071
-30,40,2,100000,32,0.00032,66,0.00066
-30,40,3,100000,33,0.00033,72,0.00072
-30,40,4,100000,37,0.00037,88,0.00088
-30,40,5,100000,28,0.00028,73,0.00073
-30,41,0,100000,28,0.00028,82,0.00082
-30,41,1,100000,23,0.00023,74,0.00074
-30,41,2,100000,29,0.00029,79,0.00079
-30,41,3,100000,17,0.00017,72,0.00072
-30,41,4,100000,51,0.00051,90,0.0009
-30,41,5,100000,16,0.00016,70,0.0007
-30,42,0,100000,33,0.00033,64,0.00064
-30,42,1,100000,23,0.00023,90,0.0009
-30,42,2,100000,24,0.00024,78,0.00078
-30,42,3,100000,35,0.00035,79,0.00079
-30,42,4,100000,33,0.00033,51,0.00051
-30,42,5,100000,23,0.00023,75,0.00075
-30,43,0,100000,40,0.0004,79,0.00079
-30,43,1,100000,19,0.00019,70,0.0007
-30,43,2,100000,22,0.00022,67,0.00067
-30,43,3,100000,51,0.00051,64,0.00064
-30,43,4,100000,35,0.00035,69,0.00069
-30,43,5,100000,25,0.00025,56,0.00056
-30,44,0,100000,64,0.00064,77,0.00077
-30,44,1,100000,56,0.00056,75,0.00075
-30,44,2,100000,43,0.00043,89,0.00089
-30,44,3,100000,47,0.00047,83,0.00083
-30,44,4,100000,23,0.00023,74,0.00074
-30,44,5,100000,53,0.00053,92,0.00092
-30,45,0,100000,27,0.00027,76,0.00076
-30,45,1,100000,23,0.00023,77,0.00077
-30,45,2,100000,32,0.00032,72,0.00072
-30,45,3,100000,31,0.00031,74,0.00074
-30,45,4,100000,12,0.00012,66,0.00066
-30,45,5,100000,18,0.00018,79,0.00079
-30,46,0,100000,11,0.00011,44,0.00044
-30,46,1,100000,16,0.00016,59,0.00059
-30,46,2,100000,18,0.00018,74,0.00074
-30,46,3,100000,23,0.00023,67,0.00067
-30,46,4,100000,24,0.00024,60,0.0006
-30,46,5,100000,31,0.00031,74,0.00074
-30,47,0,100000,38,0.00038,76,0.00076
-30,47,1,100000,34,0.00034,77,0.00077
-30,47,2,100000,37,0.00037,66,0.00066
-30,47,3,100000,29,0.00029,76,0.00076
-30,47,4,100000,31,0.00031,83,0.00083
-30,47,5,100000,45,0.00045,83,0.00083
-30,48,0,100000,27,0.00027,75,0.00075
-30,48,1,100000,30,0.0003,71,0.00071
-30,48,2,100000,40,0.0004,70,0.0007
-30,48,3,100000,22,0.00022,70,0.0007
-30,48,4,100000,21,0.00021,64,0.00064
-30,48,5,100000,32,0.00032,76,0.00076
-30,49,0,100000,37,0.00037,80,0.0008
-30,49,1,100000,18,0.00018,76,0.00076
-30,49,2,100000,30,0.0003,66,0.00066
-30,49,3,100000,47,0.00047,84,0.00084
-30,49,4,100000,26,0.00026,81,0.00081
-30,49,5,100000,27,0.00027,78,0.00078
-30,50,0,100000,31,0.00031,81,0.00081
-30,50,1,100000,24,0.00024,79,0.00079
-30,50,2,100000,33,0.00033,79,0.00079
-30,50,3,100000,18,0.00018,69,0.00069
-30,50,4,100000,28,0.00028,80,0.0008
-30,50,5,100000,49,0.00049,88,0.00088
-29,-50,0,100000,33,0.00033,80,0.0008
-29,-50,1,100000,25,0.00025,61,0.00061
-29,-50,2,100000,24,0.00024,78,0.00078
-29,-50,3,100000,48,0.00048,85,0.00085
-29,-50,4,100000,29,0.00029,69,0.00069
-29,-50,5,100000,8,8e-05,68,0.00068
-29,-49,0,100000,25,0.00025,87,0.00087
-29,-49,1,100000,15,0.00015,57,0.00057
-29,-49,2,100000,24,0.00024,73,0.00073
-29,-49,3,100000,38,0.00038,87,0.00087
-29,-49,4,100000,25,0.00025,67,0.00067
-29,-49,5,100000,28,0.00028,68,0.00068
-29,-48,0,100000,14,0.00014,66,0.00066
-29,-48,1,100000,31,0.00031,76,0.00076
-29,-48,2,100000,23,0.00023,68,0.00068
-29,-48,3,100000,31,0.00031,86,0.00086
-29,-48,4,100000,36,0.00036,71,0.00071
-29,-48,5,100000,36,0.00036,72,0.00072
-29,-47,0,100000,31,0.00031,64,0.00064
-29,-47,1,100000,30,0.0003,62,0.00062
-29,-47,2,100000,38,0.00038,71,0.00071
-29,-47,3,100000,26,0.00026,66,0.00066
-29,-47,4,100000,19,0.00019,65,0.00065
-29,-47,5,100000,31,0.00031,72,0.00072
-29,-46,0,100000,43,0.00043,76,0.00076
-29,-46,1,100000,30,0.0003,80,0.0008
-29,-46,2,100000,25,0.00025,75,0.00075
-29,-46,3,100000,35,0.00035,84,0.00084
-29,-46,4,100000,37,0.00037,69,0.00069
-29,-46,5,100000,34,0.00034,69,0.00069
-29,-45,0,100000,44,0.00044,87,0.00087
-29,-45,1,100000,23,0.00023,66,0.00066
-29,-45,2,100000,48,0.00048,83,0.00083
-29,-45,3,100000,17,0.00017,68,0.00068
-29,-45,4,100000,29,0.00029,52,0.00052
-29,-45,5,100000,25,0.00025,70,0.0007
-29,-44,0,100000,35,0.00035,93,0.00093
-29,-44,1,100000,32,0.00032,58,0.00058
-29,-44,2,100000,33,0.00033,83,0.00083
-29,-44,3,100000,29,0.00029,92,0.00092
-29,-44,4,100000,25,0.00025,68,0.00068
-29,-44,5,100000,35,0.00035,89,0.00089
-29,-43,0,100000,27,0.00027,79,0.00079
-29,-43,1,100000,23,0.00023,71,0.00071
-29,-43,2,100000,18,0.00018,65,0.00065
-29,-43,3,100000,22,0.00022,68,0.00068
-29,-43,4,100000,44,0.00044,73,0.00073
-29,-43,5,100000,36,0.00036,68,0.00068
-29,-42,0,100000,29,0.00029,83,0.00083
-29,-42,1,100000,55,0.00055,78,0.00078
-29,-42,2,100000,26,0.00026,72,0.00072
-29,-42,3,100000,47,0.00047,79,0.00079
-29,-42,4,100000,35,0.00035,80,0.0008
-29,-42,5,100000,37,0.00037,90,0.0009
-29,-41,0,100000,21,0.00021,73,0.00073
-29,-41,1,100000,25,0.00025,78,0.00078
-29,-41,2,100000,28,0.00028,68,0.00068
-29,-41,3,100000,29,0.00029,67,0.00067
-29,-41,4,100000,24,0.00024,69,0.00069
-29,-41,5,100000,15,0.00015,71,0.00071
-29,-40,0,100000,20,0.0002,75,0.00075
-29,-40,1,100000,43,0.00043,86,0.00086
-29,-40,2,100000,49,0.00049,60,0.0006
-29,-40,3,100000,39,0.00039,62,0.00062
-29,-40,4,100000,42,0.00042,76,0.00076
-29,-40,5,100000,19,0.00019,72,0.00072
-29,-39,0,100000,29,0.00029,72,0.00072
-29,-39,1,100000,37,0.00037,90,0.0009
-29,-39,2,100000,24,0.00024,79,0.00079
-29,-39,3,100000,40,0.0004,82,0.00082
-29,-39,4,100000,33,0.00033,85,0.00085
-29,-39,5,100000,37,0.00037,73,0.00073
-29,-38,0,100000,32,0.00032,71,0.00071
-29,-38,1,100000,41,0.00041,90,0.0009
-29,-38,2,100000,33,0.00033,74,0.00074
-29,-38,3,100000,39,0.00039,86,0.00086
-29,-38,4,100000,34,0.00034,89,0.00089
-29,-38,5,100000,17,0.00017,69,0.00069
-29,-37,0,100000,60,0.0006,82,0.00082
-29,-37,1,100000,47,0.00047,74,0.00074
-29,-37,2,100000,23,0.00023,73,0.00073
-29,-37,3,100000,20,0.0002,74,0.00074
-29,-37,4,100000,65,0.00065,96,0.00096
-29,-37,5,100000,37,0.00037,69,0.00069
-29,-36,0,100000,26,0.00026,79,0.00079
-29,-36,1,100000,27,0.00027,69,0.00069
-29,-36,2,100000,41,0.00041,104,0.00104
-29,-36,3,100000,38,0.00038,73,0.00073
-29,-36,4,100000,45,0.00045,92,0.00092
-29,-36,5,100000,40,0.0004,81,0.00081
-29,-35,0,100000,28,0.00028,55,0.00055
-29,-35,1,100000,53,0.00053,74,0.00074
-29,-35,2,100000,44,0.00044,72,0.00072
-29,-35,3,100000,41,0.00041,92,0.00092
-29,-35,4,100000,39,0.00039,85,0.00085
-29,-35,5,100000,28,0.00028,66,0.00066
-29,-34,0,100000,25,0.00025,74,0.00074
-29,-34,1,100000,18,0.00018,79,0.00079
-29,-34,2,100000,35,0.00035,82,0.00082
-29,-34,3,100000,45,0.00045,81,0.00081
-29,-34,4,100000,34,0.00034,85,0.00085
-29,-34,5,100000,24,0.00024,82,0.00082
-29,-33,0,100000,38,0.00038,69,0.00069
-29,-33,1,100000,34,0.00034,70,0.0007
-29,-33,2,100000,22,0.00022,76,0.00076
-29,-33,3,100000,39,0.00039,91,0.00091
-29,-33,4,100000,49,0.00049,93,0.00093
-29,-33,5,100000,30,0.0003,84,0.00084
-29,-32,0,100000,57,0.00057,97,0.00097
-29,-32,1,100000,64,0.00064,93,0.00093
-29,-32,2,100000,48,0.00048,90,0.0009
-29,-32,3,100000,44,0.00044,107,0.00107
-29,-32,4,100000,43,0.00043,86,0.00086
-29,-32,5,100000,49,0.00049,91,0.00091
-29,-31,0,100000,33,0.00033,90,0.0009
-29,-31,1,100000,35,0.00035,99,0.00099
-29,-31,2,100000,46,0.00046,86,0.00086
-29,-31,3,100000,44,0.00044,101,0.00101
-29,-31,4,100000,33,0.00033,88,0.00088
-29,-31,5,100000,28,0.00028,69,0.00069
-29,-30,0,100000,54,0.00054,84,0.00084
-29,-30,1,100000,30,0.0003,82,0.00082
-29,-30,2,100000,45,0.00045,82,0.00082
-29,-30,3,100000,30,0.0003,89,0.00089
-29,-30,4,100000,38,0.00038,77,0.00077
-29,-30,5,100000,41,0.00041,100,0.001
-29,-29,0,100000,33,0.00033,85,0.00085
-29,-29,1,100000,44,0.00044,78,0.00078
-29,-29,2,100000,34,0.00034,83,0.00083
-29,-29,3,100000,46,0.00046,97,0.00097
-29,-29,4,100000,26,0.00026,85,0.00085
-29,-29,5,100000,27,0.00027,79,0.00079
-29,-28,0,100000,31,0.00031,64,0.00064
-29,-28,1,100000,38,0.00038,76,0.00076
-29,-28,2,100000,32,0.00032,78,0.00078
-29,-28,3,100000,44,0.00044,91,0.00091
-29,-28,4,100000,39,0.00039,62,0.00062
-29,-28,5,100000,47,0.00047,81,0.00081
-29,-27,0,100000,52,0.00052,84,0.00084
-29,-27,1,100000,19,0.00019,83,0.00083
-29,-27,2,100000,33,0.00033,82,0.00082
-29,-27,3,100000,42,0.00042,102,0.00102
-29,-27,4,100000,29,0.00029,96,0.00096
-29,-27,5,100000,39,0.00039,79,0.00079
-29,-26,0,100000,28,0.00028,76,0.00076
-29,-26,1,100000,17,0.00017,78,0.00078
-29,-26,2,100000,37,0.00037,81,0.00081
-29,-26,3,100000,31,0.00031,92,0.00092
-29,-26,4,100000,43,0.00043,82,0.00082
-29,-26,5,100000,33,0.00033,82,0.00082
-29,-25,0,100000,31,0.00031,86,0.00086
-29,-25,1,100000,43,0.00043,87,0.00087
-29,-25,2,100000,32,0.00032,89,0.00089
-29,-25,3,100000,33,0.00033,74,0.00074
-29,-25,4,100000,37,0.00037,87,0.00087
-29,-25,5,100000,35,0.00035,63,0.00063
-29,-24,0,100000,20,0.0002,71,0.00071
-29,-24,1,100000,29,0.00029,68,0.00068
-29,-24,2,100000,29,0.00029,68,0.00068
-29,-24,3,100000,53,0.00053,87,0.00087
-29,-24,4,100000,31,0.00031,86,0.00086
-29,-24,5,100000,45,0.00045,75,0.00075
-29,-23,0,100000,29,0.00029,76,0.00076
-29,-23,1,100000,40,0.0004,63,0.00063
-29,-23,2,100000,25,0.00025,74,0.00074
-29,-23,3,100000,31,0.00031,82,0.00082
-29,-23,4,100000,38,0.00038,73,0.00073
-29,-23,5,100000,21,0.00021,91,0.00091
-29,-22,0,100000,20,0.0002,72,0.00072
-29,-22,1,100000,39,0.00039,97,0.00097
-29,-22,2,100000,35,0.00035,99,0.00099
-29,-22,3,100000,37,0.00037,87,0.00087
-29,-22,4,100000,25,0.00025,75,0.00075
-29,-22,5,100000,31,0.00031,81,0.00081
-29,-21,0,100000,38,0.00038,78,0.00078
-29,-21,1,100000,24,0.00024,66,0.00066
-29,-21,2,100000,43,0.00043,75,0.00075
-29,-21,3,100000,48,0.00048,83,0.00083
-29,-21,4,100000,28,0.00028,75,0.00075
-29,-21,5,100000,28,0.00028,73,0.00073
-29,-20,0,100000,40,0.0004,74,0.00074
-29,-20,1,100000,54,0.00054,85,0.00085
-29,-20,2,100000,35,0.00035,80,0.0008
-29,-20,3,100000,41,0.00041,89,0.00089
-29,-20,4,100000,33,0.00033,76,0.00076
-29,-20,5,100000,27,0.00027,78,0.00078
-29,-19,0,100000,22,0.00022,66,0.00066
-29,-19,1,100000,45,0.00045,81,0.00081
-29,-19,2,100000,46,0.00046,82,0.00082
-29,-19,3,100000,31,0.00031,79,0.00079
-29,-19,4,100000,28,0.00028,84,0.00084
-29,-19,5,100000,37,0.00037,70,0.0007
-29,-18,0,100000,37,0.00037,76,0.00076
-29,-18,1,100000,37,0.00037,80,0.0008
-29,-18,2,100000,27,0.00027,70,0.0007
-29,-18,3,100000,42,0.00042,84,0.00084
-29,-18,4,100000,35,0.00035,92,0.00092
-29,-18,5,100000,28,0.00028,70,0.0007
-29,-17,0,100000,43,0.00043,84,0.00084
-29,-17,1,100000,43,0.00043,90,0.0009
-29,-17,2,100000,35,0.00035,101,0.00101
-29,-17,3,100000,26,0.00026,99,0.00099
-29,-17,4,100000,41,0.00041,91,0.00091
-29,-17,5,100000,33,0.00033,73,0.00073
-29,-16,0,100000,46,0.00046,86,0.00086
-29,-16,1,100000,31,0.00031,73,0.00073
-29,-16,2,100000,30,0.0003,83,0.00083
-29,-16,3,100000,34,0.00034,77,0.00077
-29,-16,4,100000,24,0.00024,66,0.00066
-29,-16,5,100000,41,0.00041,92,0.00092
-29,-15,0,100000,21,0.00021,71,0.00071
-29,-15,1,100000,15,0.00015,75,0.00075
-29,-15,2,100000,44,0.00044,94,0.00094
-29,-15,3,100000,40,0.0004,76,0.00076
-29,-15,4,100000,36,0.00036,64,0.00064
-29,-15,5,100000,28,0.00028,69,0.00069
-29,-14,0,100000,16,0.00016,89,0.00089
-29,-14,1,100000,14,0.00014,78,0.00078
-29,-14,2,100000,16,0.00016,64,0.00064
-29,-14,3,100000,40,0.0004,71,0.00071
-29,-14,4,100000,44,0.00044,82,0.00082
-29,-14,5,100000,29,0.00029,75,0.00075
-29,-13,0,100000,22,0.00022,75,0.00075
-29,-13,1,100000,37,0.00037,81,0.00081
-29,-13,2,100000,36,0.00036,76,0.00076
-29,-13,3,100000,40,0.0004,81,0.00081
-29,-13,4,100000,33,0.00033,81,0.00081
-29,-13,5,100000,31,0.00031,70,0.0007
-29,-12,0,100000,26,0.00026,79,0.00079
-29,-12,1,100000,29,0.00029,62,0.00062
-29,-12,2,100000,37,0.00037,94,0.00094
-29,-12,3,100000,28,0.00028,70,0.0007
-29,-12,4,100000,56,0.00056,79,0.00079
-29,-12,5,100000,28,0.00028,77,0.00077
-29,-11,0,100000,43,0.00043,83,0.00083
-29,-11,1,100000,48,0.00048,97,0.00097
-29,-11,2,100000,38,0.00038,91,0.00091
-29,-11,3,100000,46,0.00046,97,0.00097
-29,-11,4,100000,23,0.00023,85,0.00085
-29,-11,5,100000,60,0.0006,80,0.0008
-29,-10,0,100000,22,0.00022,81,0.00081
-29,-10,1,100000,45,0.00045,79,0.00079
-29,-10,2,100000,38,0.00038,90,0.0009
-29,-10,3,100000,34,0.00034,72,0.00072
-29,-10,4,100000,40,0.0004,85,0.00085
-29,-10,5,100000,17,0.00017,68,0.00068
-29,-9,0,100000,31,0.00031,62,0.00062
-29,-9,1,100000,37,0.00037,64,0.00064
-29,-9,2,100000,39,0.00039,74,0.00074
-29,-9,3,100000,40,0.0004,91,0.00091
-29,-9,4,100000,26,0.00026,84,0.00084
-29,-9,5,100000,39,0.00039,93,0.00093
-29,-8,0,100000,31,0.00031,75,0.00075
-29,-8,1,100000,43,0.00043,82,0.00082
-29,-8,2,100000,27,0.00027,83,0.00083
-29,-8,3,100000,46,0.00046,108,0.00108
-29,-8,4,100000,22,0.00022,62,0.00062
-29,-8,5,100000,39,0.00039,79,0.00079
-29,-7,0,100000,46,0.00046,80,0.0008
-29,-7,1,100000,27,0.00027,70,0.0007
-29,-7,2,100000,50,0.0005,92,0.00092
-29,-7,3,100000,38,0.00038,84,0.00084
-29,-7,4,100000,41,0.00041,85,0.00085
-29,-7,5,100000,20,0.0002,75,0.00075
-29,-6,0,100000,46,0.00046,85,0.00085
-29,-6,1,100000,31,0.00031,77,0.00077
-29,-6,2,100000,35,0.00035,75,0.00075
-29,-6,3,100000,18,0.00018,75,0.00075
-29,-6,4,100000,29,0.00029,83,0.00083
-29,-6,5,100000,33,0.00033,73,0.00073
-29,-5,0,100000,44,0.00044,90,0.0009
-29,-5,1,100000,36,0.00036,87,0.00087
-29,-5,2,100000,29,0.00029,70,0.0007
-29,-5,3,100000,51,0.00051,96,0.00096
-29,-5,4,100000,29,0.00029,67,0.00067
-29,-5,5,100000,31,0.00031,91,0.00091
-29,-4,0,100000,28,0.00028,67,0.00067
-29,-4,1,100000,37,0.00037,82,0.00082
-29,-4,2,100000,40,0.0004,74,0.00074
-29,-4,3,100000,31,0.00031,80,0.0008
-29,-4,4,100000,43,0.00043,81,0.00081
-29,-4,5,100000,26,0.00026,92,0.00092
-29,-3,0,100000,48,0.00048,69,0.00069
-29,-3,1,100000,35,0.00035,76,0.00076
-29,-3,2,100000,40,0.0004,83,0.00083
-29,-3,3,100000,36,0.00036,87,0.00087
-29,-3,4,100000,35,0.00035,93,0.00093
-29,-3,5,100000,34,0.00034,83,0.00083
-29,-2,0,100000,46,0.00046,75,0.00075
-29,-2,1,100000,32,0.00032,77,0.00077
-29,-2,2,100000,31,0.00031,88,0.00088
-29,-2,3,100000,45,0.00045,96,0.00096
-29,-2,4,100000,45,0.00045,91,0.00091
-29,-2,5,100000,30,0.0003,97,0.00097
-29,-1,0,100000,41,0.00041,87,0.00087
-29,-1,1,100000,31,0.00031,66,0.00066
-29,-1,2,100000,44,0.00044,100,0.001
-29,-1,3,100000,59,0.00059,94,0.00094
-29,-1,4,100000,31,0.00031,75,0.00075
-29,-1,5,100000,52,0.00052,76,0.00076
-29,0,0,100000,37,0.00037,87,0.00087
-29,0,1,100000,16,0.00016,63,0.00063
-29,0,2,100000,54,0.00054,93,0.00093
-29,0,3,100000,38,0.00038,101,0.00101
-29,0,4,100000,47,0.00047,83,0.00083
-29,0,5,100000,30,0.0003,85,0.00085
-29,1,0,100000,44,0.00044,79,0.00079
-29,1,1,100000,17,0.00017,66,0.00066
-29,1,2,100000,34,0.00034,79,0.00079
-29,1,3,100000,40,0.0004,82,0.00082
-29,1,4,100000,15,0.00015,75,0.00075
-29,1,5,100000,39,0.00039,86,0.00086
-29,2,0,100000,38,0.00038,95,0.00095
-29,2,1,100000,42,0.00042,71,0.00071
-29,2,2,100000,47,0.00047,74,0.00074
-29,2,3,100000,41,0.00041,86,0.00086
-29,2,4,100000,27,0.00027,79,0.00079
-29,2,5,100000,41,0.00041,93,0.00093
-29,3,0,100000,29,0.00029,91,0.00091
-29,3,1,100000,50,0.0005,82,0.00082
-29,3,2,100000,49,0.00049,97,0.00097
-29,3,3,100000,37,0.00037,97,0.00097
-29,3,4,100000,32,0.00032,72,0.00072
-29,3,5,100000,36,0.00036,77,0.00077
-29,4,0,100000,17,0.00017,61,0.00061
-29,4,1,100000,32,0.00032,77,0.00077
-29,4,2,100000,32,0.00032,81,0.00081
-29,4,3,100000,35,0.00035,91,0.00091
-29,4,4,100000,29,0.00029,85,0.00085
-29,4,5,100000,45,0.00045,75,0.00075
-29,5,0,100000,38,0.00038,76,0.00076
-29,5,1,100000,28,0.00028,89,0.00089
-29,5,2,100000,23,0.00023,77,0.00077
-29,5,3,100000,31,0.00031,101,0.00101
-29,5,4,100000,35,0.00035,90,0.0009
-29,5,5,100000,39,0.00039,86,0.00086
-29,6,0,100000,39,0.00039,64,0.00064
-29,6,1,100000,47,0.00047,78,0.00078
-29,6,2,100000,38,0.00038,81,0.00081
-29,6,3,100000,75,0.00075,118,0.00118
-29,6,4,100000,25,0.00025,57,0.00057
-29,6,5,100000,29,0.00029,68,0.00068
-29,7,0,100000,33,0.00033,84,0.00084
-29,7,1,100000,35,0.00035,79,0.00079
-29,7,2,100000,31,0.00031,78,0.00078
-29,7,3,100000,35,0.00035,85,0.00085
-29,7,4,100000,63,0.00063,102,0.00102
-29,7,5,100000,40,0.0004,75,0.00075
-29,8,0,100000,40,0.0004,87,0.00087
-29,8,1,100000,28,0.00028,80,0.0008
-29,8,2,100000,37,0.00037,81,0.00081
-29,8,3,100000,32,0.00032,85,0.00085
-29,8,4,100000,49,0.00049,90,0.0009
-29,8,5,100000,29,0.00029,81,0.00081
-29,9,0,100000,25,0.00025,73,0.00073
-29,9,1,100000,38,0.00038,97,0.00097
-29,9,2,100000,23,0.00023,72,0.00072
-29,9,3,100000,29,0.00029,90,0.0009
-29,9,4,100000,26,0.00026,59,0.00059
-29,9,5,100000,41,0.00041,88,0.00088
-29,10,0,100000,33,0.00033,62,0.00062
-29,10,1,100000,32,0.00032,77,0.00077
-29,10,2,100000,41,0.00041,75,0.00075
-29,10,3,100000,23,0.00023,83,0.00083
-29,10,4,100000,42,0.00042,110,0.0011
-29,10,5,100000,22,0.00022,84,0.00084
-29,11,0,100000,39,0.00039,89,0.00089
-29,11,1,100000,33,0.00033,76,0.00076
-29,11,2,100000,33,0.00033,73,0.00073
-29,11,3,100000,49,0.00049,92,0.00092
-29,11,4,100000,31,0.00031,97,0.00097
-29,11,5,100000,33,0.00033,83,0.00083
-29,12,0,100000,27,0.00027,73,0.00073
-29,12,1,100000,46,0.00046,80,0.0008
-29,12,2,100000,40,0.0004,82,0.00082
-29,12,3,100000,66,0.00066,88,0.00088
-29,12,4,100000,25,0.00025,84,0.00084
-29,12,5,100000,46,0.00046,88,0.00088
-29,13,0,100000,38,0.00038,74,0.00074
-29,13,1,100000,41,0.00041,83,0.00083
-29,13,2,100000,36,0.00036,96,0.00096
-29,13,3,100000,34,0.00034,74,0.00074
-29,13,4,100000,20,0.0002,68,0.00068
-29,13,5,100000,36,0.00036,72,0.00072
-29,14,0,100000,24,0.00024,75,0.00075
-29,14,1,100000,19,0.00019,75,0.00075
-29,14,2,100000,29,0.00029,78,0.00078
-29,14,3,100000,45,0.00045,99,0.00099
-29,14,4,100000,30,0.0003,91,0.00091
-29,14,5,100000,30,0.0003,72,0.00072
-29,15,0,100000,23,0.00023,68,0.00068
-29,15,1,100000,33,0.00033,74,0.00074
-29,15,2,100000,34,0.00034,70,0.0007
-29,15,3,100000,45,0.00045,90,0.0009
-29,15,4,100000,42,0.00042,96,0.00096
-29,15,5,100000,27,0.00027,75,0.00075
-29,16,0,100000,38,0.00038,86,0.00086
-29,16,1,100000,40,0.0004,87,0.00087
-29,16,2,100000,27,0.00027,76,0.00076
-29,16,3,100000,39,0.00039,89,0.00089
-29,16,4,100000,27,0.00027,89,0.00089
-29,16,5,100000,39,0.00039,58,0.00058
-29,17,0,100000,43,0.00043,81,0.00081
-29,17,1,100000,50,0.0005,74,0.00074
-29,17,2,100000,64,0.00064,113,0.00113
-29,17,3,100000,35,0.00035,78,0.00078
-29,17,4,100000,33,0.00033,87,0.00087
-29,17,5,100000,26,0.00026,79,0.00079
-29,18,0,100000,20,0.0002,76,0.00076
-29,18,1,100000,35,0.00035,75,0.00075
-29,18,2,100000,29,0.00029,86,0.00086
-29,18,3,100000,48,0.00048,73,0.00073
-29,18,4,100000,47,0.00047,88,0.00088
-29,18,5,100000,45,0.00045,89,0.00089
-29,19,0,100000,35,0.00035,89,0.00089
-29,19,1,100000,37,0.00037,75,0.00075
-29,19,2,100000,39,0.00039,87,0.00087
-29,19,3,100000,36,0.00036,80,0.0008
-29,19,4,100000,24,0.00024,74,0.00074
-29,19,5,100000,34,0.00034,85,0.00085
-29,20,0,100000,38,0.00038,87,0.00087
-29,20,1,100000,46,0.00046,75,0.00075
-29,20,2,100000,52,0.00052,86,0.00086
-29,20,3,100000,35,0.00035,81,0.00081
-29,20,4,100000,29,0.00029,78,0.00078
-29,20,5,100000,19,0.00019,78,0.00078
-29,21,0,100000,42,0.00042,88,0.00088
-29,21,1,100000,24,0.00024,83,0.00083
-29,21,2,100000,32,0.00032,95,0.00095
-29,21,3,100000,43,0.00043,93,0.00093
-29,21,4,100000,56,0.00056,77,0.00077
-29,21,5,100000,45,0.00045,100,0.001
-29,22,0,100000,37,0.00037,96,0.00096
-29,22,1,100000,22,0.00022,70,0.0007
-29,22,2,100000,39,0.00039,75,0.00075
-29,22,3,100000,33,0.00033,77,0.00077
-29,22,4,100000,24,0.00024,75,0.00075
-29,22,5,100000,55,0.00055,78,0.00078
-29,23,0,100000,47,0.00047,83,0.00083
-29,23,1,100000,34,0.00034,75,0.00075
-29,23,2,100000,31,0.00031,95,0.00095
-29,23,3,100000,60,0.0006,78,0.00078
-29,23,4,100000,42,0.00042,81,0.00081
-29,23,5,100000,31,0.00031,70,0.0007
-29,24,0,100000,25,0.00025,73,0.00073
-29,24,1,100000,41,0.00041,88,0.00088
-29,24,2,100000,29,0.00029,72,0.00072
-29,24,3,100000,16,0.00016,78,0.00078
-29,24,4,100000,35,0.00035,74,0.00074
-29,24,5,100000,25,0.00025,68,0.00068
-29,25,0,100000,31,0.00031,71,0.00071
-29,25,1,100000,28,0.00028,82,0.00082
-29,25,2,100000,27,0.00027,79,0.00079
-29,25,3,100000,41,0.00041,92,0.00092
-29,25,4,100000,37,0.00037,79,0.00079
-29,25,5,100000,27,0.00027,73,0.00073
-29,26,0,100000,41,0.00041,80,0.0008
-29,26,1,100000,38,0.00038,71,0.00071
-29,26,2,100000,29,0.00029,76,0.00076
-29,26,3,100000,47,0.00047,76,0.00076
-29,26,4,100000,33,0.00033,71,0.00071
-29,26,5,100000,14,0.00014,62,0.00062
-29,27,0,100000,32,0.00032,72,0.00072
-29,27,1,100000,32,0.00032,84,0.00084
-29,27,2,100000,34,0.00034,79,0.00079
-29,27,3,100000,36,0.00036,74,0.00074
-29,27,4,100000,53,0.00053,86,0.00086
-29,27,5,100000,32,0.00032,73,0.00073
-29,28,0,100000,23,0.00023,70,0.0007
-29,28,1,100000,30,0.0003,79,0.00079
-29,28,2,100000,24,0.00024,83,0.00083
-29,28,3,100000,48,0.00048,67,0.00067
-29,28,4,100000,49,0.00049,90,0.0009
-29,28,5,100000,28,0.00028,74,0.00074
-29,29,0,100000,37,0.00037,78,0.00078
-29,29,1,100000,23,0.00023,82,0.00082
-29,29,2,100000,13,0.00013,70,0.0007
-29,29,3,100000,62,0.00062,79,0.00079
-29,29,4,100000,25,0.00025,84,0.00084
-29,29,5,100000,27,0.00027,87,0.00087
-29,30,0,100000,32,0.00032,84,0.00084
-29,30,1,100000,42,0.00042,82,0.00082
-29,30,2,100000,36,0.00036,99,0.00099
-29,30,3,100000,37,0.00037,80,0.0008
-29,30,4,100000,47,0.00047,102,0.00102
-29,30,5,100000,26,0.00026,61,0.00061
-29,31,0,100000,25,0.00025,60,0.0006
-29,31,1,100000,23,0.00023,78,0.00078
-29,31,2,100000,37,0.00037,76,0.00076
-29,31,3,100000,13,0.00013,84,0.00084
-29,31,4,100000,30,0.0003,70,0.0007
-29,31,5,100000,35,0.00035,68,0.00068
-29,32,0,100000,20,0.0002,71,0.00071
-29,32,1,100000,51,0.00051,84,0.00084
-29,32,2,100000,39,0.00039,99,0.00099
-29,32,3,100000,31,0.00031,87,0.00087
-29,32,4,100000,41,0.00041,83,0.00083
-29,32,5,100000,51,0.00051,75,0.00075
-29,33,0,100000,37,0.00037,82,0.00082
-29,33,1,100000,67,0.00067,87,0.00087
-29,33,2,100000,36,0.00036,95,0.00095
-29,33,3,100000,32,0.00032,79,0.00079
-29,33,4,100000,17,0.00017,73,0.00073
-29,33,5,100000,38,0.00038,76,0.00076
-29,34,0,100000,30,0.0003,86,0.00086
-29,34,1,100000,27,0.00027,75,0.00075
-29,34,2,100000,28,0.00028,74,0.00074
-29,34,3,100000,18,0.00018,72,0.00072
-29,34,4,100000,26,0.00026,71,0.00071
-29,34,5,100000,31,0.00031,69,0.00069
-29,35,0,100000,38,0.00038,68,0.00068
-29,35,1,100000,39,0.00039,94,0.00094
-29,35,2,100000,23,0.00023,73,0.00073
-29,35,3,100000,33,0.00033,65,0.00065
-29,35,4,100000,31,0.00031,86,0.00086
-29,35,5,100000,37,0.00037,89,0.00089
-29,36,0,100000,30,0.0003,77,0.00077
-29,36,1,100000,36,0.00036,78,0.00078
-29,36,2,100000,29,0.00029,74,0.00074
-29,36,3,100000,31,0.00031,71,0.00071
-29,36,4,100000,27,0.00027,69,0.00069
-29,36,5,100000,46,0.00046,79,0.00079
-29,37,0,100000,37,0.00037,69,0.00069
-29,37,1,100000,34,0.00034,86,0.00086
-29,37,2,100000,35,0.00035,91,0.00091
-29,37,3,100000,49,0.00049,81,0.00081
-29,37,4,100000,33,0.00033,93,0.00093
-29,37,5,100000,21,0.00021,79,0.00079
-29,38,0,100000,66,0.00066,86,0.00086
-29,38,1,100000,32,0.00032,87,0.00087
-29,38,2,100000,29,0.00029,76,0.00076
-29,38,3,100000,47,0.00047,82,0.00082
-29,38,4,100000,29,0.00029,68,0.00068
-29,38,5,100000,28,0.00028,78,0.00078
-29,39,0,100000,37,0.00037,88,0.00088
-29,39,1,100000,45,0.00045,91,0.00091
-29,39,2,100000,29,0.00029,66,0.00066
-29,39,3,100000,40,0.0004,87,0.00087
-29,39,4,100000,39,0.00039,80,0.0008
-29,39,5,100000,41,0.00041,75,0.00075
-29,40,0,100000,20,0.0002,66,0.00066
-29,40,1,100000,26,0.00026,77,0.00077
-29,40,2,100000,30,0.0003,68,0.00068
-29,40,3,100000,18,0.00018,72,0.00072
-29,40,4,100000,26,0.00026,75,0.00075
-29,40,5,100000,35,0.00035,87,0.00087
-29,41,0,100000,29,0.00029,95,0.00095
-29,41,1,100000,35,0.00035,77,0.00077
-29,41,2,100000,39,0.00039,83,0.00083
-29,41,3,100000,52,0.00052,86,0.00086
-29,41,4,100000,25,0.00025,74,0.00074
-29,41,5,100000,22,0.00022,74,0.00074
-29,42,0,100000,30,0.0003,73,0.00073
-29,42,1,100000,27,0.00027,84,0.00084
-29,42,2,100000,30,0.0003,82,0.00082
-29,42,3,100000,29,0.00029,81,0.00081
-29,42,4,100000,17,0.00017,73,0.00073
-29,42,5,100000,18,0.00018,71,0.00071
-29,43,0,100000,27,0.00027,61,0.00061
-29,43,1,100000,23,0.00023,69,0.00069
-29,43,2,100000,25,0.00025,69,0.00069
-29,43,3,100000,25,0.00025,85,0.00085
-29,43,4,100000,24,0.00024,70,0.0007
-29,43,5,100000,31,0.00031,75,0.00075
-29,44,0,100000,39,0.00039,76,0.00076
-29,44,1,100000,37,0.00037,74,0.00074
-29,44,2,100000,27,0.00027,61,0.00061
-29,44,3,100000,31,0.00031,51,0.00051
-29,44,4,100000,22,0.00022,63,0.00063
-29,44,5,100000,35,0.00035,60,0.0006
-29,45,0,100000,21,0.00021,70,0.0007
-29,45,1,100000,22,0.00022,77,0.00077
-29,45,2,100000,30,0.0003,66,0.00066
-29,45,3,100000,32,0.00032,63,0.00063
-29,45,4,100000,28,0.00028,72,0.00072
-29,45,5,100000,32,0.00032,72,0.00072
-29,46,0,100000,29,0.00029,74,0.00074
-29,46,1,100000,40,0.0004,68,0.00068
-29,46,2,100000,20,0.0002,71,0.00071
-29,46,3,100000,36,0.00036,66,0.00066
-29,46,4,100000,23,0.00023,64,0.00064
-29,46,5,100000,37,0.00037,71,0.00071
-29,47,0,100000,32,0.00032,63,0.00063
-29,47,1,100000,37,0.00037,65,0.00065
-29,47,2,100000,31,0.00031,78,0.00078
-29,47,3,100000,14,0.00014,70,0.0007
-29,47,4,100000,26,0.00026,60,0.0006
-29,47,5,100000,21,0.00021,79,0.00079
-29,48,0,100000,44,0.00044,82,0.00082
-29,48,1,100000,49,0.00049,77,0.00077
-29,48,2,100000,26,0.00026,68,0.00068
-29,48,3,100000,39,0.00039,77,0.00077
-29,48,4,100000,32,0.00032,73,0.00073
-29,48,5,100000,35,0.00035,73,0.00073
-29,49,0,100000,37,0.00037,64,0.00064
-29,49,1,100000,18,0.00018,67,0.00067
-29,49,2,100000,49,0.00049,78,0.00078
-29,49,3,100000,22,0.00022,69,0.00069
-29,49,4,100000,23,0.00023,68,0.00068
-29,49,5,100000,22,0.00022,67,0.00067
-29,50,0,100000,23,0.00023,72,0.00072
-29,50,1,100000,27,0.00027,79,0.00079
-29,50,2,100000,40,0.0004,68,0.00068
-29,50,3,100000,17,0.00017,63,0.00063
-29,50,4,100000,28,0.00028,56,0.00056
-29,50,5,100000,48,0.00048,71,0.00071
-28,-50,0,100000,30,0.0003,78,0.00078
-28,-50,1,100000,29,0.00029,76,0.00076
-28,-50,2,100000,25,0.00025,71,0.00071
-28,-50,3,100000,32,0.00032,60,0.0006
-28,-50,4,100000,36,0.00036,80,0.0008
-28,-50,5,100000,30,0.0003,77,0.00077
-28,-49,0,100000,33,0.00033,93,0.00093
-28,-49,1,100000,24,0.00024,80,0.0008
-28,-49,2,100000,33,0.00033,82,0.00082
-28,-49,3,100000,46,0.00046,78,0.00078
-28,-49,4,100000,34,0.00034,65,0.00065
-28,-49,5,100000,52,0.00052,96,0.00096
-28,-48,0,100000,20,0.0002,69,0.00069
-28,-48,1,100000,35,0.00035,76,0.00076
-28,-48,2,100000,28,0.00028,67,0.00067
-28,-48,3,100000,25,0.00025,66,0.00066
-28,-48,4,100000,32,0.00032,80,0.0008
-28,-48,5,100000,37,0.00037,78,0.00078
-28,-47,0,100000,34,0.00034,75,0.00075
-28,-47,1,100000,19,0.00019,62,0.00062
-28,-47,2,100000,45,0.00045,76,0.00076
-28,-47,3,100000,19,0.00019,60,0.0006
-28,-47,4,100000,23,0.00023,70,0.0007
-28,-47,5,100000,29,0.00029,76,0.00076
-28,-46,0,100000,33,0.00033,71,0.00071
-28,-46,1,100000,28,0.00028,65,0.00065
-28,-46,2,100000,28,0.00028,60,0.0006
-28,-46,3,100000,40,0.0004,91,0.00091
-28,-46,4,100000,29,0.00029,77,0.00077
-28,-46,5,100000,55,0.00055,91,0.00091
-28,-45,0,100000,23,0.00023,71,0.00071
-28,-45,1,100000,32,0.00032,79,0.00079
-28,-45,2,100000,46,0.00046,76,0.00076
-28,-45,3,100000,38,0.00038,94,0.00094
-28,-45,4,100000,23,0.00023,72,0.00072
-28,-45,5,100000,32,0.00032,73,0.00073
-28,-44,0,100000,20,0.0002,73,0.00073
-28,-44,1,100000,44,0.00044,76,0.00076
-28,-44,2,100000,29,0.00029,61,0.00061
-28,-44,3,100000,38,0.00038,70,0.0007
-28,-44,4,100000,16,0.00016,71,0.00071
-28,-44,5,100000,13,0.00013,58,0.00058
-28,-43,0,100000,46,0.00046,83,0.00083
-28,-43,1,100000,19,0.00019,72,0.00072
-28,-43,2,100000,49,0.00049,71,0.00071
-28,-43,3,100000,35,0.00035,69,0.00069
-28,-43,4,100000,23,0.00023,94,0.00094
-28,-43,5,100000,30,0.0003,57,0.00057
-28,-42,0,100000,32,0.00032,79,0.00079
-28,-42,1,100000,21,0.00021,64,0.00064
-28,-42,2,100000,33,0.00033,73,0.00073
-28,-42,3,100000,25,0.00025,71,0.00071
-28,-42,4,100000,41,0.00041,63,0.00063
-28,-42,5,100000,26,0.00026,79,0.00079
-28,-41,0,100000,29,0.00029,80,0.0008
-28,-41,1,100000,28,0.00028,79,0.00079
-28,-41,2,100000,47,0.00047,82,0.00082
-28,-41,3,100000,21,0.00021,65,0.00065
-28,-41,4,100000,24,0.00024,73,0.00073
-28,-41,5,100000,36,0.00036,78,0.00078
-28,-40,0,100000,36,0.00036,76,0.00076
-28,-40,1,100000,38,0.00038,72,0.00072
-28,-40,2,100000,48,0.00048,108,0.00108
-28,-40,3,100000,38,0.00038,81,0.00081
-28,-40,4,100000,47,0.00047,86,0.00086
-28,-40,5,100000,42,0.00042,90,0.0009
-28,-39,0,100000,24,0.00024,66,0.00066
-28,-39,1,100000,21,0.00021,72,0.00072
-28,-39,2,100000,37,0.00037,82,0.00082
-28,-39,3,100000,27,0.00027,75,0.00075
-28,-39,4,100000,34,0.00034,81,0.00081
-28,-39,5,100000,22,0.00022,65,0.00065
-28,-38,0,100000,32,0.00032,78,0.00078
-28,-38,1,100000,61,0.00061,100,0.001
-28,-38,2,100000,36,0.00036,80,0.0008
-28,-38,3,100000,44,0.00044,88,0.00088
-28,-38,4,100000,51,0.00051,91,0.00091
-28,-38,5,100000,26,0.00026,65,0.00065
-28,-37,0,100000,26,0.00026,93,0.00093
-28,-37,1,100000,41,0.00041,100,0.001
-28,-37,2,100000,40,0.0004,93,0.00093
-28,-37,3,100000,38,0.00038,101,0.00101
-28,-37,4,100000,55,0.00055,101,0.00101
-28,-37,5,100000,59,0.00059,89,0.00089
-28,-36,0,100000,64,0.00064,95,0.00095
-28,-36,1,100000,36,0.00036,82,0.00082
-28,-36,2,100000,24,0.00024,82,0.00082
-28,-36,3,100000,46,0.00046,108,0.00108
-28,-36,4,100000,28,0.00028,84,0.00084
-28,-36,5,100000,34,0.00034,83,0.00083
-28,-35,0,100000,50,0.0005,90,0.0009
-28,-35,1,100000,35,0.00035,83,0.00083
-28,-35,2,100000,32,0.00032,103,0.00103
-28,-35,3,100000,42,0.00042,93,0.00093
-28,-35,4,100000,50,0.0005,92,0.00092
-28,-35,5,100000,32,0.00032,95,0.00095
-28,-34,0,100000,30,0.0003,78,0.00078
-28,-34,1,100000,36,0.00036,91,0.00091
-28,-34,2,100000,39,0.00039,89,0.00089
-28,-34,3,100000,36,0.00036,105,0.00105
-28,-34,4,100000,44,0.00044,92,0.00092
-28,-34,5,100000,47,0.00047,96,0.00096
-28,-33,0,100000,21,0.00021,79,0.00079
-28,-33,1,100000,47,0.00047,91,0.00091
-28,-33,2,100000,53,0.00053,85,0.00085
-28,-33,3,100000,43,0.00043,96,0.00096
-28,-33,4,100000,48,0.00048,102,0.00102
-28,-33,5,100000,36,0.00036,86,0.00086
-28,-32,0,100000,40,0.0004,91,0.00091
-28,-32,1,100000,28,0.00028,79,0.00079
-28,-32,2,100000,34,0.00034,84,0.00084
-28,-32,3,100000,51,0.00051,95,0.00095
-28,-32,4,100000,38,0.00038,88,0.00088
-28,-32,5,100000,31,0.00031,78,0.00078
-28,-31,0,100000,36,0.00036,78,0.00078
-28,-31,1,100000,60,0.0006,87,0.00087
-28,-31,2,100000,31,0.00031,73,0.00073
-28,-31,3,100000,51,0.00051,92,0.00092
-28,-31,4,100000,35,0.00035,85,0.00085
-28,-31,5,100000,37,0.00037,85,0.00085
-28,-30,0,100000,34,0.00034,70,0.0007
-28,-30,1,100000,29,0.00029,87,0.00087
-28,-30,2,100000,30,0.0003,92,0.00092
-28,-30,3,100000,22,0.00022,94,0.00094
-28,-30,4,100000,35,0.00035,81,0.00081
-28,-30,5,100000,38,0.00038,90,0.0009
-28,-29,0,100000,48,0.00048,80,0.0008
-28,-29,1,100000,40,0.0004,95,0.00095
-28,-29,2,100000,29,0.00029,84,0.00084
-28,-29,3,100000,36,0.00036,88,0.00088
-28,-29,4,100000,35,0.00035,85,0.00085
-28,-29,5,100000,38,0.00038,90,0.0009
-28,-28,0,100000,22,0.00022,78,0.00078
-28,-28,1,100000,32,0.00032,75,0.00075
-28,-28,2,100000,18,0.00018,89,0.00089
-28,-28,3,100000,42,0.00042,93,0.00093
-28,-28,4,100000,18,0.00018,84,0.00084
-28,-28,5,100000,24,0.00024,80,0.0008
-28,-27,0,100000,35,0.00035,81,0.00081
-28,-27,1,100000,23,0.00023,88,0.00088
-28,-27,2,100000,31,0.00031,95,0.00095
-28,-27,3,100000,64,0.00064,94,0.00094
-28,-27,4,100000,45,0.00045,89,0.00089
-28,-27,5,100000,28,0.00028,77,0.00077
-28,-26,0,100000,44,0.00044,77,0.00077
-28,-26,1,100000,34,0.00034,99,0.00099
-28,-26,2,100000,49,0.00049,84,0.00084
-28,-26,3,100000,29,0.00029,81,0.00081
-28,-26,4,100000,44,0.00044,97,0.00097
-28,-26,5,100000,32,0.00032,93,0.00093
-28,-25,0,100000,51,0.00051,90,0.0009
-28,-25,1,100000,43,0.00043,88,0.00088
-28,-25,2,100000,37,0.00037,98,0.00098
-28,-25,3,100000,38,0.00038,100,0.001
-28,-25,4,100000,36,0.00036,91,0.00091
-28,-25,5,100000,44,0.00044,85,0.00085
-28,-24,0,100000,54,0.00054,101,0.00101
-28,-24,1,100000,33,0.00033,97,0.00097
-28,-24,2,100000,37,0.00037,81,0.00081
-28,-24,3,100000,29,0.00029,93,0.00093
-28,-24,4,100000,48,0.00048,100,0.001
-28,-24,5,100000,67,0.00067,97,0.00097
-28,-23,0,100000,26,0.00026,79,0.00079
-28,-23,1,100000,27,0.00027,81,0.00081
-28,-23,2,100000,33,0.00033,96,0.00096
-28,-23,3,100000,33,0.00033,99,0.00099
-28,-23,4,100000,36,0.00036,95,0.00095
-28,-23,5,100000,20,0.0002,76,0.00076
-28,-22,0,100000,30,0.0003,84,0.00084
-28,-22,1,100000,42,0.00042,94,0.00094
-28,-22,2,100000,32,0.00032,84,0.00084
-28,-22,3,100000,46,0.00046,103,0.00103
-28,-22,4,100000,53,0.00053,93,0.00093
-28,-22,5,100000,29,0.00029,91,0.00091
-28,-21,0,100000,25,0.00025,71,0.00071
-28,-21,1,100000,32,0.00032,73,0.00073
-28,-21,2,100000,38,0.00038,89,0.00089
-28,-21,3,100000,41,0.00041,92,0.00092
-28,-21,4,100000,49,0.00049,117,0.00117
-28,-21,5,100000,39,0.00039,90,0.0009
-28,-20,0,100000,50,0.0005,79,0.00079
-28,-20,1,100000,44,0.00044,99,0.00099
-28,-20,2,100000,31,0.00031,82,0.00082
-28,-20,3,100000,42,0.00042,92,0.00092
-28,-20,4,100000,31,0.00031,91,0.00091
-28,-20,5,100000,48,0.00048,82,0.00082
-28,-19,0,100000,41,0.00041,76,0.00076
-28,-19,1,100000,20,0.0002,77,0.00077
-28,-19,2,100000,30,0.0003,73,0.00073
-28,-19,3,100000,43,0.00043,88,0.00088
-28,-19,4,100000,48,0.00048,105,0.00105
-28,-19,5,100000,50,0.0005,95,0.00095
-28,-18,0,100000,31,0.00031,86,0.00086
-28,-18,1,100000,65,0.00065,100,0.001
-28,-18,2,100000,58,0.00058,93,0.00093
-28,-18,3,100000,47,0.00047,90,0.0009
-28,-18,4,100000,52,0.00052,108,0.00108
-28,-18,5,100000,20,0.0002,72,0.00072
-28,-17,0,100000,35,0.00035,98,0.00098
-28,-17,1,100000,32,0.00032,75,0.00075
-28,-17,2,100000,28,0.00028,90,0.0009
-28,-17,3,100000,43,0.00043,98,0.00098
-28,-17,4,100000,41,0.00041,82,0.00082
-28,-17,5,100000,20,0.0002,76,0.00076
-28,-16,0,100000,44,0.00044,80,0.0008
-28,-16,1,100000,42,0.00042,85,0.00085
-28,-16,2,100000,23,0.00023,93,0.00093
-28,-16,3,100000,52,0.00052,103,0.00103
-28,-16,4,100000,42,0.00042,102,0.00102
-28,-16,5,100000,38,0.00038,85,0.00085
-28,-15,0,100000,26,0.00026,77,0.00077
-28,-15,1,100000,35,0.00035,92,0.00092
-28,-15,2,100000,47,0.00047,106,0.00106
-28,-15,3,100000,58,0.00058,86,0.00086
-28,-15,4,100000,43,0.00043,104,0.00104
-28,-15,5,100000,30,0.0003,71,0.00071
-28,-14,0,100000,43,0.00043,78,0.00078
-28,-14,1,100000,49,0.00049,106,0.00106
-28,-14,2,100000,33,0.00033,97,0.00097
-28,-14,3,100000,57,0.00057,104,0.00104
-28,-14,4,100000,41,0.00041,90,0.0009
-28,-14,5,100000,39,0.00039,91,0.00091
-28,-13,0,100000,31,0.00031,71,0.00071
-28,-13,1,100000,47,0.00047,78,0.00078
-28,-13,2,100000,28,0.00028,81,0.00081
-28,-13,3,100000,60,0.0006,97,0.00097
-28,-13,4,100000,58,0.00058,103,0.00103
-28,-13,5,100000,31,0.00031,93,0.00093
-28,-12,0,100000,18,0.00018,69,0.00069
-28,-12,1,100000,42,0.00042,79,0.00079
-28,-12,2,100000,25,0.00025,73,0.00073
-28,-12,3,100000,45,0.00045,95,0.00095
-28,-12,4,100000,42,0.00042,84,0.00084
-28,-12,5,100000,37,0.00037,80,0.0008
-28,-11,0,100000,26,0.00026,78,0.00078
-28,-11,1,100000,34,0.00034,95,0.00095
-28,-11,2,100000,31,0.00031,82,0.00082
-28,-11,3,100000,54,0.00054,90,0.0009
-28,-11,4,100000,29,0.00029,83,0.00083
-28,-11,5,100000,48,0.00048,90,0.0009
-28,-10,0,100000,34,0.00034,71,0.00071
-28,-10,1,100000,32,0.00032,87,0.00087
-28,-10,2,100000,31,0.00031,77,0.00077
-28,-10,3,100000,49,0.00049,104,0.00104
-28,-10,4,100000,32,0.00032,95,0.00095
-28,-10,5,100000,49,0.00049,90,0.0009
-28,-9,0,100000,24,0.00024,70,0.0007
-28,-9,1,100000,19,0.00019,89,0.00089
-28,-9,2,100000,43,0.00043,104,0.00104
-28,-9,3,100000,26,0.00026,90,0.0009
-28,-9,4,100000,55,0.00055,113,0.00113
-28,-9,5,100000,19,0.00019,74,0.00074
-28,-8,0,100000,63,0.00063,101,0.00101
-28,-8,1,100000,44,0.00044,97,0.00097
-28,-8,2,100000,54,0.00054,92,0.00092
-28,-8,3,100000,53,0.00053,92,0.00092
-28,-8,4,100000,37,0.00037,79,0.00079
-28,-8,5,100000,42,0.00042,95,0.00095
-28,-7,0,100000,29,0.00029,73,0.00073
-28,-7,1,100000,38,0.00038,84,0.00084
-28,-7,2,100000,44,0.00044,86,0.00086
-28,-7,3,100000,44,0.00044,108,0.00108
-28,-7,4,100000,38,0.00038,101,0.00101
-28,-7,5,100000,30,0.0003,90,0.0009
-28,-6,0,100000,29,0.00029,86,0.00086
-28,-6,1,100000,26,0.00026,87,0.00087
-28,-6,2,100000,44,0.00044,84,0.00084
-28,-6,3,100000,56,0.00056,115,0.00115
-28,-6,4,100000,36,0.00036,82,0.00082
-28,-6,5,100000,41,0.00041,89,0.00089
-28,-5,0,100000,52,0.00052,76,0.00076
-28,-5,1,100000,33,0.00033,83,0.00083
-28,-5,2,100000,33,0.00033,101,0.00101
-28,-5,3,100000,51,0.00051,86,0.00086
-28,-5,4,100000,35,0.00035,100,0.001
-28,-5,5,100000,47,0.00047,77,0.00077
-28,-4,0,100000,45,0.00045,62,0.00062
-28,-4,1,100000,51,0.00051,88,0.00088
-28,-4,2,100000,58,0.00058,103,0.00103
-28,-4,3,100000,49,0.00049,88,0.00088
-28,-4,4,100000,41,0.00041,83,0.00083
-28,-4,5,100000,67,0.00067,95,0.00095
-28,-3,0,100000,40,0.0004,96,0.00096
-28,-3,1,100000,50,0.0005,80,0.0008
-28,-3,2,100000,37,0.00037,97,0.00097
-28,-3,3,100000,47,0.00047,99,0.00099
-28,-3,4,100000,41,0.00041,94,0.00094
-28,-3,5,100000,51,0.00051,101,0.00101
-28,-2,0,100000,39,0.00039,79,0.00079
-28,-2,1,100000,45,0.00045,103,0.00103
-28,-2,2,100000,32,0.00032,92,0.00092
-28,-2,3,100000,31,0.00031,83,0.00083
-28,-2,4,100000,37,0.00037,93,0.00093
-28,-2,5,100000,38,0.00038,79,0.00079
-28,-1,0,100000,24,0.00024,86,0.00086
-28,-1,1,100000,32,0.00032,78,0.00078
-28,-1,2,100000,35,0.00035,84,0.00084
-28,-1,3,100000,50,0.0005,93,0.00093
-28,-1,4,100000,27,0.00027,79,0.00079
-28,-1,5,100000,25,0.00025,59,0.00059
-28,0,0,100000,40,0.0004,78,0.00078
-28,0,1,100000,45,0.00045,84,0.00084
-28,0,2,100000,30,0.0003,77,0.00077
-28,0,3,100000,61,0.00061,108,0.00108
-28,0,4,100000,44,0.00044,89,0.00089
-28,0,5,100000,29,0.00029,94,0.00094
-28,1,0,100000,42,0.00042,77,0.00077
-28,1,1,100000,30,0.0003,76,0.00076
-28,1,2,100000,56,0.00056,98,0.00098
-28,1,3,100000,44,0.00044,107,0.00107
-28,1,4,100000,43,0.00043,102,0.00102
-28,1,5,100000,27,0.00027,74,0.00074
-28,2,0,100000,32,0.00032,96,0.00096
-28,2,1,100000,35,0.00035,81,0.00081
-28,2,2,100000,47,0.00047,84,0.00084
-28,2,3,100000,40,0.0004,82,0.00082
-28,2,4,100000,44,0.00044,88,0.00088
-28,2,5,100000,28,0.00028,80,0.0008
-28,3,0,100000,41,0.00041,83,0.00083
-28,3,1,100000,48,0.00048,89,0.00089
-28,3,2,100000,47,0.00047,99,0.00099
-28,3,3,100000,43,0.00043,86,0.00086
-28,3,4,100000,41,0.00041,80,0.0008
-28,3,5,100000,40,0.0004,82,0.00082
-28,4,0,100000,40,0.0004,92,0.00092
-28,4,1,100000,32,0.00032,77,0.00077
-28,4,2,100000,35,0.00035,84,0.00084
-28,4,3,100000,55,0.00055,115,0.00115
-28,4,4,100000,59,0.00059,109,0.00109
-28,4,5,100000,28,0.00028,90,0.0009
-28,5,0,100000,40,0.0004,90,0.0009
-28,5,1,100000,36,0.00036,60,0.0006
-28,5,2,100000,22,0.00022,87,0.00087
-28,5,3,100000,44,0.00044,98,0.00098
-28,5,4,100000,38,0.00038,98,0.00098
-28,5,5,100000,24,0.00024,73,0.00073
-28,6,0,100000,20,0.0002,81,0.00081
-28,6,1,100000,37,0.00037,70,0.0007
-28,6,2,100000,35,0.00035,90,0.0009
-28,6,3,100000,45,0.00045,92,0.00092
-28,6,4,100000,34,0.00034,81,0.00081
-28,6,5,100000,29,0.00029,89,0.00089
-28,7,0,100000,46,0.00046,97,0.00097
-28,7,1,100000,33,0.00033,82,0.00082
-28,7,2,100000,22,0.00022,89,0.00089
-28,7,3,100000,35,0.00035,79,0.00079
-28,7,4,100000,29,0.00029,70,0.0007
-28,7,5,100000,21,0.00021,71,0.00071
-28,8,0,100000,33,0.00033,77,0.00077
-28,8,1,100000,51,0.00051,85,0.00085
-28,8,2,100000,32,0.00032,95,0.00095
-28,8,3,100000,70,0.0007,106,0.00106
-28,8,4,100000,33,0.00033,102,0.00102
-28,8,5,100000,35,0.00035,92,0.00092
-28,9,0,100000,28,0.00028,81,0.00081
-28,9,1,100000,30,0.0003,90,0.0009
-28,9,2,100000,46,0.00046,75,0.00075
-28,9,3,100000,34,0.00034,90,0.0009
-28,9,4,100000,44,0.00044,98,0.00098
-28,9,5,100000,55,0.00055,99,0.00099
-28,10,0,100000,38,0.00038,75,0.00075
-28,10,1,100000,37,0.00037,103,0.00103
-28,10,2,100000,25,0.00025,80,0.0008
-28,10,3,100000,30,0.0003,85,0.00085
-28,10,4,100000,44,0.00044,87,0.00087
-28,10,5,100000,53,0.00053,85,0.00085
-28,11,0,100000,25,0.00025,84,0.00084
-28,11,1,100000,37,0.00037,78,0.00078
-28,11,2,100000,53,0.00053,110,0.0011
-28,11,3,100000,24,0.00024,85,0.00085
-28,11,4,100000,64,0.00064,81,0.00081
-28,11,5,100000,40,0.0004,78,0.00078
-28,12,0,100000,32,0.00032,76,0.00076
-28,12,1,100000,44,0.00044,96,0.00096
-28,12,2,100000,23,0.00023,81,0.00081
-28,12,3,100000,45,0.00045,89,0.00089
-28,12,4,100000,47,0.00047,85,0.00085
-28,12,5,100000,26,0.00026,77,0.00077
-28,13,0,100000,37,0.00037,67,0.00067
-28,13,1,100000,59,0.00059,98,0.00098
-28,13,2,100000,46,0.00046,105,0.00105
-28,13,3,100000,32,0.00032,92,0.00092
-28,13,4,100000,14,0.00014,66,0.00066
-28,13,5,100000,24,0.00024,74,0.00074
-28,14,0,100000,34,0.00034,75,0.00075
-28,14,1,100000,33,0.00033,78,0.00078
-28,14,2,100000,48,0.00048,103,0.00103
-28,14,3,100000,47,0.00047,90,0.0009
-28,14,4,100000,23,0.00023,73,0.00073
-28,14,5,100000,34,0.00034,79,0.00079
-28,15,0,100000,51,0.00051,97,0.00097
-28,15,1,100000,44,0.00044,96,0.00096
-28,15,2,100000,34,0.00034,76,0.00076
-28,15,3,100000,44,0.00044,76,0.00076
-28,15,4,100000,43,0.00043,110,0.0011
-28,15,5,100000,29,0.00029,92,0.00092
-28,16,0,100000,25,0.00025,77,0.00077
-28,16,1,100000,43,0.00043,94,0.00094
-28,16,2,100000,41,0.00041,99,0.00099
-28,16,3,100000,28,0.00028,90,0.0009
-28,16,4,100000,48,0.00048,83,0.00083
-28,16,5,100000,41,0.00041,111,0.00111
-28,17,0,100000,35,0.00035,85,0.00085
-28,17,1,100000,22,0.00022,92,0.00092
-28,17,2,100000,60,0.0006,100,0.001
-28,17,3,100000,45,0.00045,98,0.00098
-28,17,4,100000,26,0.00026,94,0.00094
-28,17,5,100000,38,0.00038,78,0.00078
-28,18,0,100000,46,0.00046,91,0.00091
-28,18,1,100000,39,0.00039,88,0.00088
-28,18,2,100000,46,0.00046,96,0.00096
-28,18,3,100000,46,0.00046,86,0.00086
-28,18,4,100000,62,0.00062,113,0.00113
-28,18,5,100000,39,0.00039,86,0.00086
-28,19,0,100000,40,0.0004,84,0.00084
-28,19,1,100000,40,0.0004,100,0.001
-28,19,2,100000,53,0.00053,99,0.00099
-28,19,3,100000,27,0.00027,96,0.00096
-28,19,4,100000,36,0.00036,83,0.00083
-28,19,5,100000,33,0.00033,81,0.00081
-28,20,0,100000,48,0.00048,78,0.00078
-28,20,1,100000,34,0.00034,109,0.00109
-28,20,2,100000,45,0.00045,103,0.00103
-28,20,3,100000,48,0.00048,96,0.00096
-28,20,4,100000,33,0.00033,99,0.00099
-28,20,5,100000,40,0.0004,80,0.0008
-28,21,0,100000,25,0.00025,81,0.00081
-28,21,1,100000,48,0.00048,95,0.00095
-28,21,2,100000,41,0.00041,99,0.00099
-28,21,3,100000,52,0.00052,100,0.001
-28,21,4,100000,45,0.00045,83,0.00083
-28,21,5,100000,28,0.00028,78,0.00078
-28,22,0,100000,31,0.00031,76,0.00076
-28,22,1,100000,32,0.00032,92,0.00092
-28,22,2,100000,43,0.00043,80,0.0008
-28,22,3,100000,40,0.0004,92,0.00092
-28,22,4,100000,38,0.00038,97,0.00097
-28,22,5,100000,36,0.00036,101,0.00101
-28,23,0,100000,26,0.00026,66,0.00066
-28,23,1,100000,32,0.00032,86,0.00086
-28,23,2,100000,40,0.0004,90,0.0009
-28,23,3,100000,45,0.00045,87,0.00087
-28,23,4,100000,35,0.00035,81,0.00081
-28,23,5,100000,34,0.00034,85,0.00085
-28,24,0,100000,50,0.0005,80,0.0008
-28,24,1,100000,50,0.0005,85,0.00085
-28,24,2,100000,48,0.00048,91,0.00091
-28,24,3,100000,49,0.00049,86,0.00086
-28,24,4,100000,38,0.00038,94,0.00094
-28,24,5,100000,26,0.00026,76,0.00076
-28,25,0,100000,33,0.00033,84,0.00084
-28,25,1,100000,49,0.00049,96,0.00096
-28,25,2,100000,55,0.00055,89,0.00089
-28,25,3,100000,39,0.00039,90,0.0009
-28,25,4,100000,42,0.00042,91,0.00091
-28,25,5,100000,24,0.00024,79,0.00079
-28,26,0,100000,35,0.00035,73,0.00073
-28,26,1,100000,31,0.00031,90,0.0009
-28,26,2,100000,50,0.0005,99,0.00099
-28,26,3,100000,57,0.00057,121,0.00121
-28,26,4,100000,25,0.00025,89,0.00089
-28,26,5,100000,32,0.00032,93,0.00093
-28,27,0,100000,31,0.00031,73,0.00073
-28,27,1,100000,36,0.00036,107,0.00107
-28,27,2,100000,33,0.00033,97,0.00097
-28,27,3,100000,35,0.00035,85,0.00085
-28,27,4,100000,47,0.00047,95,0.00095
-28,27,5,100000,27,0.00027,84,0.00084
-28,28,0,100000,39,0.00039,105,0.00105
-28,28,1,100000,24,0.00024,84,0.00084
-28,28,2,100000,32,0.00032,93,0.00093
-28,28,3,100000,50,0.0005,105,0.00105
-28,28,4,100000,66,0.00066,92,0.00092
-28,28,5,100000,50,0.0005,82,0.00082
-28,29,0,100000,39,0.00039,86,0.00086
-28,29,1,100000,58,0.00058,100,0.001
-28,29,2,100000,63,0.00063,114,0.00114
-28,29,3,100000,46,0.00046,102,0.00102
-28,29,4,100000,38,0.00038,99,0.00099
-28,29,5,100000,32,0.00032,83,0.00083
-28,30,0,100000,36,0.00036,75,0.00075
-28,30,1,100000,26,0.00026,82,0.00082
-28,30,2,100000,36,0.00036,89,0.00089
-28,30,3,100000,60,0.0006,88,0.00088
-28,30,4,100000,47,0.00047,94,0.00094
-28,30,5,100000,38,0.00038,73,0.00073
-28,31,0,100000,26,0.00026,79,0.00079
-28,31,1,100000,36,0.00036,76,0.00076
-28,31,2,100000,53,0.00053,92,0.00092
-28,31,3,100000,32,0.00032,84,0.00084
-28,31,4,100000,35,0.00035,76,0.00076
-28,31,5,100000,22,0.00022,72,0.00072
-28,32,0,100000,23,0.00023,67,0.00067
-28,32,1,100000,26,0.00026,70,0.0007
-28,32,2,100000,29,0.00029,88,0.00088
-28,32,3,100000,29,0.00029,95,0.00095
-28,32,4,100000,39,0.00039,83,0.00083
-28,32,5,100000,26,0.00026,92,0.00092
-28,33,0,100000,39,0.00039,88,0.00088
-28,33,1,100000,42,0.00042,99,0.00099
-28,33,2,100000,39,0.00039,82,0.00082
-28,33,3,100000,51,0.00051,94,0.00094
-28,33,4,100000,57,0.00057,109,0.00109
-28,33,5,100000,46,0.00046,82,0.00082
-28,34,0,100000,16,0.00016,70,0.0007
-28,34,1,100000,44,0.00044,87,0.00087
-28,34,2,100000,51,0.00051,84,0.00084
-28,34,3,100000,30,0.0003,86,0.00086
-28,34,4,100000,33,0.00033,85,0.00085
-28,34,5,100000,31,0.00031,83,0.00083
-28,35,0,100000,42,0.00042,89,0.00089
-28,35,1,100000,31,0.00031,91,0.00091
-28,35,2,100000,45,0.00045,104,0.00104
-28,35,3,100000,49,0.00049,91,0.00091
-28,35,4,100000,45,0.00045,110,0.0011
-28,35,5,100000,34,0.00034,92,0.00092
-28,36,0,100000,35,0.00035,87,0.00087
-28,36,1,100000,59,0.00059,104,0.00104
-28,36,2,100000,23,0.00023,84,0.00084
-28,36,3,100000,43,0.00043,101,0.00101
-28,36,4,100000,23,0.00023,67,0.00067
-28,36,5,100000,45,0.00045,81,0.00081
-28,37,0,100000,29,0.00029,70,0.0007
-28,37,1,100000,35,0.00035,86,0.00086
-28,37,2,100000,45,0.00045,80,0.0008
-28,37,3,100000,33,0.00033,98,0.00098
-28,37,4,100000,44,0.00044,95,0.00095
-28,37,5,100000,26,0.00026,77,0.00077
-28,38,0,100000,31,0.00031,87,0.00087
-28,38,1,100000,31,0.00031,89,0.00089
-28,38,2,100000,30,0.0003,72,0.00072
-28,38,3,100000,31,0.00031,88,0.00088
-28,38,4,100000,40,0.0004,89,0.00089
-28,38,5,100000,37,0.00037,80,0.0008
-28,39,0,100000,27,0.00027,76,0.00076
-28,39,1,100000,28,0.00028,89,0.00089
-28,39,2,100000,28,0.00028,76,0.00076
-28,39,3,100000,37,0.00037,84,0.00084
-28,39,4,100000,32,0.00032,93,0.00093
-28,39,5,100000,18,0.00018,78,0.00078
-28,40,0,100000,17,0.00017,71,0.00071
-28,40,1,100000,20,0.0002,82,0.00082
-28,40,2,100000,46,0.00046,90,0.0009
-28,40,3,100000,33,0.00033,100,0.001
-28,40,4,100000,46,0.00046,96,0.00096
-28,40,5,100000,32,0.00032,89,0.00089
-28,41,0,100000,21,0.00021,77,0.00077
-28,41,1,100000,37,0.00037,75,0.00075
-28,41,2,100000,35,0.00035,93,0.00093
-28,41,3,100000,41,0.00041,83,0.00083
-28,41,4,100000,42,0.00042,78,0.00078
-28,41,5,100000,37,0.00037,91,0.00091
-28,42,0,100000,39,0.00039,81,0.00081
-28,42,1,100000,29,0.00029,83,0.00083
-28,42,2,100000,36,0.00036,70,0.0007
-28,42,3,100000,42,0.00042,88,0.00088
-28,42,4,100000,26,0.00026,55,0.00055
-28,42,5,100000,19,0.00019,61,0.00061
-28,43,0,100000,21,0.00021,72,0.00072
-28,43,1,100000,28,0.00028,90,0.0009
-28,43,2,100000,30,0.0003,61,0.00061
-28,43,3,100000,67,0.00067,91,0.00091
-28,43,4,100000,17,0.00017,68,0.00068
-28,43,5,100000,34,0.00034,56,0.00056
-28,44,0,100000,36,0.00036,73,0.00073
-28,44,1,100000,33,0.00033,75,0.00075
-28,44,2,100000,30,0.0003,83,0.00083
-28,44,3,100000,45,0.00045,70,0.0007
-28,44,4,100000,35,0.00035,80,0.0008
-28,44,5,100000,36,0.00036,68,0.00068
-28,45,0,100000,51,0.00051,80,0.0008
-28,45,1,100000,33,0.00033,72,0.00072
-28,45,2,100000,33,0.00033,93,0.00093
-28,45,3,100000,47,0.00047,77,0.00077
-28,45,4,100000,35,0.00035,77,0.00077
-28,45,5,100000,44,0.00044,75,0.00075
-28,46,0,100000,25,0.00025,68,0.00068
-28,46,1,100000,27,0.00027,73,0.00073
-28,46,2,100000,29,0.00029,73,0.00073
-28,46,3,100000,25,0.00025,81,0.00081
-28,46,4,100000,16,0.00016,55,0.00055
-28,46,5,100000,35,0.00035,81,0.00081
-28,47,0,100000,23,0.00023,73,0.00073
-28,47,1,100000,18,0.00018,57,0.00057
-28,47,2,100000,23,0.00023,48,0.00048
-28,47,3,100000,40,0.0004,72,0.00072
-28,47,4,100000,40,0.0004,100,0.001
-28,47,5,100000,28,0.00028,53,0.00053
-28,48,0,100000,20,0.0002,62,0.00062
-28,48,1,100000,25,0.00025,65,0.00065
-28,48,2,100000,12,0.00012,62,0.00062
-28,48,3,100000,29,0.00029,77,0.00077
-28,48,4,100000,29,0.00029,66,0.00066
-28,48,5,100000,31,0.00031,80,0.0008
-28,49,0,100000,26,0.00026,65,0.00065
-28,49,1,100000,25,0.00025,77,0.00077
-28,49,2,100000,20,0.0002,61,0.00061
-28,49,3,100000,46,0.00046,74,0.00074
-28,49,4,100000,34,0.00034,70,0.0007
-28,49,5,100000,14,0.00014,65,0.00065
-28,50,0,100000,29,0.00029,87,0.00087
-28,50,1,100000,23,0.00023,67,0.00067
-28,50,2,100000,35,0.00035,65,0.00065
-28,50,3,100000,51,0.00051,76,0.00076
-28,50,4,100000,23,0.00023,64,0.00064
-28,50,5,100000,22,0.00022,59,0.00059
-27,-50,0,100000,24,0.00024,65,0.00065
-27,-50,1,100000,34,0.00034,74,0.00074
-27,-50,2,100000,22,0.00022,62,0.00062
-27,-50,3,100000,18,0.00018,56,0.00056
-27,-50,4,100000,16,0.00016,73,0.00073
-27,-50,5,100000,26,0.00026,71,0.00071
-27,-49,0,100000,27,0.00027,68,0.00068
-27,-49,1,100000,25,0.00025,76,0.00076
-27,-49,2,100000,30,0.0003,55,0.00055
-27,-49,3,100000,15,0.00015,69,0.00069
-27,-49,4,100000,22,0.00022,73,0.00073
-27,-49,5,100000,12,0.00012,69,0.00069
-27,-48,0,100000,20,0.0002,64,0.00064
-27,-48,1,100000,33,0.00033,68,0.00068
-27,-48,2,100000,34,0.00034,87,0.00087
-27,-48,3,100000,21,0.00021,59,0.00059
-27,-48,4,100000,44,0.00044,86,0.00086
-27,-48,5,100000,11,0.00011,59,0.00059
-27,-47,0,100000,28,0.00028,81,0.00081
-27,-47,1,100000,33,0.00033,78,0.00078
-27,-47,2,100000,23,0.00023,77,0.00077
-27,-47,3,100000,28,0.00028,56,0.00056
-27,-47,4,100000,20,0.0002,66,0.00066
-27,-47,5,100000,24,0.00024,69,0.00069
-27,-46,0,100000,27,0.00027,64,0.00064
-27,-46,1,100000,30,0.0003,75,0.00075
-27,-46,2,100000,24,0.00024,69,0.00069
-27,-46,3,100000,37,0.00037,78,0.00078
-27,-46,4,100000,36,0.00036,75,0.00075
-27,-46,5,100000,47,0.00047,81,0.00081
-27,-45,0,100000,36,0.00036,71,0.00071
-27,-45,1,100000,17,0.00017,67,0.00067
-27,-45,2,100000,25,0.00025,73,0.00073
-27,-45,3,100000,30,0.0003,92,0.00092
-27,-45,4,100000,22,0.00022,71,0.00071
-27,-45,5,100000,25,0.00025,95,0.00095
-27,-44,0,100000,33,0.00033,72,0.00072
-27,-44,1,100000,33,0.00033,76,0.00076
-27,-44,2,100000,29,0.00029,66,0.00066
-27,-44,3,100000,35,0.00035,74,0.00074
-27,-44,4,100000,44,0.00044,89,0.00089
-27,-44,5,100000,40,0.0004,86,0.00086
-27,-43,0,100000,19,0.00019,73,0.00073
-27,-43,1,100000,35,0.00035,94,0.00094
-27,-43,2,100000,32,0.00032,66,0.00066
-27,-43,3,100000,21,0.00021,88,0.00088
-27,-43,4,100000,39,0.00039,72,0.00072
-27,-43,5,100000,47,0.00047,77,0.00077
-27,-42,0,100000,24,0.00024,84,0.00084
-27,-42,1,100000,27,0.00027,88,0.00088
-27,-42,2,100000,38,0.00038,81,0.00081
-27,-42,3,100000,34,0.00034,78,0.00078
-27,-42,4,100000,44,0.00044,88,0.00088
-27,-42,5,100000,39,0.00039,80,0.0008
-27,-41,0,100000,24,0.00024,78,0.00078
-27,-41,1,100000,45,0.00045,81,0.00081
-27,-41,2,100000,42,0.00042,94,0.00094
-27,-41,3,100000,44,0.00044,83,0.00083
-27,-41,4,100000,16,0.00016,80,0.0008
-27,-41,5,100000,19,0.00019,69,0.00069
-27,-40,0,100000,19,0.00019,97,0.00097
-27,-40,1,100000,33,0.00033,77,0.00077
-27,-40,2,100000,38,0.00038,98,0.00098
-27,-40,3,100000,33,0.00033,96,0.00096
-27,-40,4,100000,47,0.00047,101,0.00101
-27,-40,5,100000,42,0.00042,74,0.00074
-27,-39,0,100000,38,0.00038,81,0.00081
-27,-39,1,100000,35,0.00035,81,0.00081
-27,-39,2,100000,59,0.00059,101,0.00101
-27,-39,3,100000,57,0.00057,102,0.00102
-27,-39,4,100000,39,0.00039,92,0.00092
-27,-39,5,100000,25,0.00025,74,0.00074
-27,-38,0,100000,27,0.00027,60,0.0006
-27,-38,1,100000,41,0.00041,78,0.00078
-27,-38,2,100000,37,0.00037,86,0.00086
-27,-38,3,100000,51,0.00051,114,0.00114
-27,-38,4,100000,29,0.00029,93,0.00093
-27,-38,5,100000,31,0.00031,71,0.00071
-27,-37,0,100000,36,0.00036,79,0.00079
-27,-37,1,100000,17,0.00017,85,0.00085
-27,-37,2,100000,33,0.00033,101,0.00101
-27,-37,3,100000,48,0.00048,94,0.00094
-27,-37,4,100000,57,0.00057,97,0.00097
-27,-37,5,100000,33,0.00033,97,0.00097
-27,-36,0,100000,29,0.00029,72,0.00072
-27,-36,1,100000,30,0.0003,85,0.00085
-27,-36,2,100000,30,0.0003,89,0.00089
-27,-36,3,100000,53,0.00053,103,0.00103
-27,-36,4,100000,39,0.00039,102,0.00102
-27,-36,5,100000,39,0.00039,82,0.00082
-27,-35,0,100000,42,0.00042,99,0.00099
-27,-35,1,100000,46,0.00046,87,0.00087
-27,-35,2,100000,36,0.00036,111,0.00111
-27,-35,3,100000,48,0.00048,107,0.00107
-27,-35,4,100000,45,0.00045,95,0.00095
-27,-35,5,100000,39,0.00039,90,0.0009
-27,-34,0,100000,30,0.0003,80,0.0008
-27,-34,1,100000,56,0.00056,100,0.001
-27,-34,2,100000,47,0.00047,103,0.00103
-27,-34,3,100000,39,0.00039,88,0.00088
-27,-34,4,100000,33,0.00033,94,0.00094
-27,-34,5,100000,51,0.00051,110,0.0011
-27,-33,0,100000,38,0.00038,84,0.00084
-27,-33,1,100000,43,0.00043,104,0.00104
-27,-33,2,100000,46,0.00046,92,0.00092
-27,-33,3,100000,66,0.00066,110,0.0011
-27,-33,4,100000,59,0.00059,96,0.00096
-27,-33,5,100000,44,0.00044,91,0.00091
-27,-32,0,100000,15,0.00015,82,0.00082
-27,-32,1,100000,33,0.00033,86,0.00086
-27,-32,2,100000,41,0.00041,100,0.001
-27,-32,3,100000,42,0.00042,98,0.00098
-27,-32,4,100000,42,0.00042,98,0.00098
-27,-32,5,100000,33,0.00033,94,0.00094
-27,-31,0,100000,32,0.00032,102,0.00102
-27,-31,1,100000,54,0.00054,101,0.00101
-27,-31,2,100000,48,0.00048,107,0.00107
-27,-31,3,100000,55,0.00055,111,0.00111
-27,-31,4,100000,30,0.0003,108,0.00108
-27,-31,5,100000,36,0.00036,109,0.00109
-27,-30,0,100000,67,0.00067,94,0.00094
-27,-30,1,100000,30,0.0003,80,0.0008
-27,-30,2,100000,42,0.00042,102,0.00102
-27,-30,3,100000,49,0.00049,116,0.00116
-27,-30,4,100000,43,0.00043,102,0.00102
-27,-30,5,100000,61,0.00061,93,0.00093
-27,-29,0,100000,31,0.00031,86,0.00086
-27,-29,1,100000,51,0.00051,85,0.00085
-27,-29,2,100000,63,0.00063,115,0.00115
-27,-29,3,100000,55,0.00055,125,0.00125
-27,-29,4,100000,51,0.00051,116,0.00116
-27,-29,5,100000,35,0.00035,89,0.00089
-27,-28,0,100000,23,0.00023,83,0.00083
-27,-28,1,100000,43,0.00043,103,0.00103
-27,-28,2,100000,54,0.00054,96,0.00096
-27,-28,3,100000,47,0.00047,95,0.00095
-27,-28,4,100000,61,0.00061,103,0.00103
-27,-28,5,100000,43,0.00043,79,0.00079
-27,-27,0,100000,44,0.00044,82,0.00082
-27,-27,1,100000,25,0.00025,93,0.00093
-27,-27,2,100000,41,0.00041,115,0.00115
-27,-27,3,100000,46,0.00046,121,0.00121
-27,-27,4,100000,45,0.00045,113,0.00113
-27,-27,5,100000,51,0.00051,88,0.00088
-27,-26,0,100000,26,0.00026,77,0.00077
-27,-26,1,100000,49,0.00049,100,0.001
-27,-26,2,100000,35,0.00035,95,0.00095
-27,-26,3,100000,40,0.0004,109,0.00109
-27,-26,4,100000,57,0.00057,113,0.00113
-27,-26,5,100000,25,0.00025,84,0.00084
-27,-25,0,100000,36,0.00036,101,0.00101
-27,-25,1,100000,41,0.00041,85,0.00085
-27,-25,2,100000,39,0.00039,87,0.00087
-27,-25,3,100000,51,0.00051,110,0.0011
-27,-25,4,100000,45,0.00045,119,0.00119
-27,-25,5,100000,51,0.00051,100,0.001
-27,-24,0,100000,30,0.0003,99,0.00099
-27,-24,1,100000,38,0.00038,74,0.00074
-27,-24,2,100000,34,0.00034,120,0.0012
-27,-24,3,100000,37,0.00037,132,0.00132
-27,-24,4,100000,39,0.00039,100,0.001
-27,-24,5,100000,38,0.00038,96,0.00096
-27,-23,0,100000,32,0.00032,70,0.0007
-27,-23,1,100000,36,0.00036,112,0.00112
-27,-23,2,100000,36,0.00036,92,0.00092
-27,-23,3,100000,56,0.00056,118,0.00118
-27,-23,4,100000,53,0.00053,117,0.00117
-27,-23,5,100000,32,0.00032,81,0.00081
-27,-22,0,100000,32,0.00032,76,0.00076
-27,-22,1,100000,35,0.00035,80,0.0008
-27,-22,2,100000,51,0.00051,91,0.00091
-27,-22,3,100000,50,0.0005,111,0.00111
-27,-22,4,100000,42,0.00042,102,0.00102
-27,-22,5,100000,41,0.00041,85,0.00085
-27,-21,0,100000,29,0.00029,76,0.00076
-27,-21,1,100000,48,0.00048,96,0.00096
-27,-21,2,100000,38,0.00038,117,0.00117
-27,-21,3,100000,38,0.00038,89,0.00089
-27,-21,4,100000,68,0.00068,121,0.00121
-27,-21,5,100000,29,0.00029,83,0.00083
-27,-20,0,100000,38,0.00038,77,0.00077
-27,-20,1,100000,25,0.00025,81,0.00081
-27,-20,2,100000,44,0.00044,103,0.00103
-27,-20,3,100000,62,0.00062,109,0.00109
-27,-20,4,100000,38,0.00038,91,0.00091
-27,-20,5,100000,38,0.00038,104,0.00104
-27,-19,0,100000,51,0.00051,93,0.00093
-27,-19,1,100000,41,0.00041,109,0.00109
-27,-19,2,100000,68,0.00068,108,0.00108
-27,-19,3,100000,43,0.00043,128,0.00128
-27,-19,4,100000,30,0.0003,92,0.00092
-27,-19,5,100000,52,0.00052,102,0.00102
-27,-18,0,100000,39,0.00039,82,0.00082
-27,-18,1,100000,37,0.00037,98,0.00098
-27,-18,2,100000,61,0.00061,116,0.00116
-27,-18,3,100000,40,0.0004,108,0.00108
-27,-18,4,100000,35,0.00035,95,0.00095
-27,-18,5,100000,41,0.00041,84,0.00084
-27,-17,0,100000,49,0.00049,81,0.00081
-27,-17,1,100000,51,0.00051,110,0.0011
-27,-17,2,100000,48,0.00048,90,0.0009
-27,-17,3,100000,63,0.00063,113,0.00113
-27,-17,4,100000,32,0.00032,108,0.00108
-27,-17,5,100000,45,0.00045,92,0.00092
-27,-16,0,100000,31,0.00031,98,0.00098
-27,-16,1,100000,36,0.00036,104,0.00104
-27,-16,2,100000,36,0.00036,90,0.0009
-27,-16,3,100000,46,0.00046,107,0.00107
-27,-16,4,100000,33,0.00033,83,0.00083
-27,-16,5,100000,40,0.0004,84,0.00084
-27,-15,0,100000,47,0.00047,80,0.0008
-27,-15,1,100000,37,0.00037,101,0.00101
-27,-15,2,100000,37,0.00037,97,0.00097
-27,-15,3,100000,41,0.00041,117,0.00117
-27,-15,4,100000,47,0.00047,96,0.00096
-27,-15,5,100000,43,0.00043,93,0.00093
-27,-14,0,100000,41,0.00041,85,0.00085
-27,-14,1,100000,45,0.00045,90,0.0009
-27,-14,2,100000,57,0.00057,106,0.00106
-27,-14,3,100000,49,0.00049,108,0.00108
-27,-14,4,100000,41,0.00041,111,0.00111
-27,-14,5,100000,32,0.00032,87,0.00087
-27,-13,0,100000,42,0.00042,99,0.00099
-27,-13,1,100000,32,0.00032,93,0.00093
-27,-13,2,100000,54,0.00054,116,0.00116
-27,-13,3,100000,28,0.00028,85,0.00085
-27,-13,4,100000,43,0.00043,96,0.00096
-27,-13,5,100000,52,0.00052,100,0.001
-27,-12,0,100000,28,0.00028,76,0.00076
-27,-12,1,100000,42,0.00042,100,0.001
-27,-12,2,100000,33,0.00033,89,0.00089
-27,-12,3,100000,59,0.00059,115,0.00115
-27,-12,4,100000,36,0.00036,107,0.00107
-27,-12,5,100000,32,0.00032,88,0.00088
-27,-11,0,100000,34,0.00034,82,0.00082
-27,-11,1,100000,47,0.00047,96,0.00096
-27,-11,2,100000,27,0.00027,94,0.00094
-27,-11,3,100000,52,0.00052,97,0.00097
-27,-11,4,100000,60,0.0006,103,0.00103
-27,-11,5,100000,26,0.00026,99,0.00099
-27,-10,0,100000,42,0.00042,101,0.00101
-27,-10,1,100000,39,0.00039,93,0.00093
-27,-10,2,100000,41,0.00041,104,0.00104
-27,-10,3,100000,49,0.00049,111,0.00111
-27,-10,4,100000,71,0.00071,116,0.00116
-27,-10,5,100000,45,0.00045,90,0.0009
-27,-9,0,100000,48,0.00048,80,0.0008
-27,-9,1,100000,39,0.00039,102,0.00102
-27,-9,2,100000,41,0.00041,108,0.00108
-27,-9,3,100000,34,0.00034,94,0.00094
-27,-9,4,100000,47,0.00047,99,0.00099
-27,-9,5,100000,35,0.00035,110,0.0011
-27,-8,0,100000,62,0.00062,104,0.00104
-27,-8,1,100000,36,0.00036,82,0.00082
-27,-8,2,100000,38,0.00038,99,0.00099
-27,-8,3,100000,56,0.00056,101,0.00101
-27,-8,4,100000,47,0.00047,105,0.00105
-27,-8,5,100000,53,0.00053,102,0.00102
-27,-7,0,100000,51,0.00051,83,0.00083
-27,-7,1,100000,51,0.00051,113,0.00113
-27,-7,2,100000,51,0.00051,87,0.00087
-27,-7,3,100000,34,0.00034,98,0.00098
-27,-7,4,100000,44,0.00044,110,0.0011
-27,-7,5,100000,62,0.00062,95,0.00095
-27,-6,0,100000,31,0.00031,77,0.00077
-27,-6,1,100000,39,0.00039,89,0.00089
-27,-6,2,100000,41,0.00041,107,0.00107
-27,-6,3,100000,51,0.00051,119,0.00119
-27,-6,4,100000,38,0.00038,110,0.0011
-27,-6,5,100000,54,0.00054,93,0.00093
-27,-5,0,100000,41,0.00041,82,0.00082
-27,-5,1,100000,45,0.00045,96,0.00096
-27,-5,2,100000,43,0.00043,81,0.00081
-27,-5,3,100000,43,0.00043,95,0.00095
-27,-5,4,100000,43,0.00043,115,0.00115
-27,-5,5,100000,41,0.00041,97,0.00097
-27,-4,0,100000,53,0.00053,92,0.00092
-27,-4,1,100000,39,0.00039,86,0.00086
-27,-4,2,100000,48,0.00048,107,0.00107
-27,-4,3,100000,55,0.00055,124,0.00124
-27,-4,4,100000,53,0.00053,108,0.00108
-27,-4,5,100000,49,0.00049,117,0.00117
-27,-3,0,100000,37,0.00037,86,0.00086
-27,-3,1,100000,61,0.00061,100,0.001
-27,-3,2,100000,35,0.00035,89,0.00089
-27,-3,3,100000,50,0.0005,101,0.00101
-27,-3,4,100000,56,0.00056,107,0.00107
-27,-3,5,100000,36,0.00036,110,0.0011
-27,-2,0,100000,38,0.00038,96,0.00096
-27,-2,1,100000,54,0.00054,96,0.00096
-27,-2,2,100000,36,0.00036,107,0.00107
-27,-2,3,100000,50,0.0005,117,0.00117
-27,-2,4,100000,44,0.00044,101,0.00101
-27,-2,5,100000,50,0.0005,114,0.00114
-27,-1,0,100000,42,0.00042,93,0.00093
-27,-1,1,100000,37,0.00037,89,0.00089
-27,-1,2,100000,58,0.00058,116,0.00116
-27,-1,3,100000,50,0.0005,114,0.00114
-27,-1,4,100000,53,0.00053,101,0.00101
-27,-1,5,100000,51,0.00051,72,0.00072
-27,0,0,100000,52,0.00052,89,0.00089
-27,0,1,100000,40,0.0004,90,0.0009
-27,0,2,100000,30,0.0003,96,0.00096
-27,0,3,100000,56,0.00056,113,0.00113
-27,0,4,100000,36,0.00036,99,0.00099
-27,0,5,100000,62,0.00062,115,0.00115
-27,1,0,100000,40,0.0004,88,0.00088
-27,1,1,100000,35,0.00035,78,0.00078
-27,1,2,100000,29,0.00029,85,0.00085
-27,1,3,100000,34,0.00034,89,0.00089
-27,1,4,100000,46,0.00046,120,0.0012
-27,1,5,100000,26,0.00026,74,0.00074
-27,2,0,100000,39,0.00039,86,0.00086
-27,2,1,100000,60,0.0006,93,0.00093
-27,2,2,100000,42,0.00042,98,0.00098
-27,2,3,100000,60,0.0006,110,0.0011
-27,2,4,100000,69,0.00069,112,0.00112
-27,2,5,100000,27,0.00027,81,0.00081
-27,3,0,100000,30,0.0003,85,0.00085
-27,3,1,100000,48,0.00048,110,0.0011
-27,3,2,100000,47,0.00047,97,0.00097
-27,3,3,100000,47,0.00047,118,0.00118
-27,3,4,100000,53,0.00053,113,0.00113
-27,3,5,100000,26,0.00026,87,0.00087
-27,4,0,100000,30,0.0003,81,0.00081
-27,4,1,100000,51,0.00051,91,0.00091
-27,4,2,100000,58,0.00058,104,0.00104
-27,4,3,100000,52,0.00052,114,0.00114
-27,4,4,100000,35,0.00035,109,0.00109
-27,4,5,100000,33,0.00033,96,0.00096
-27,5,0,100000,61,0.00061,83,0.00083
-27,5,1,100000,37,0.00037,103,0.00103
-27,5,2,100000,38,0.00038,105,0.00105
-27,5,3,100000,52,0.00052,105,0.00105
-27,5,4,100000,40,0.0004,95,0.00095
-27,5,5,100000,44,0.00044,84,0.00084
-27,6,0,100000,54,0.00054,107,0.00107
-27,6,1,100000,37,0.00037,93,0.00093
-27,6,2,100000,39,0.00039,115,0.00115
-27,6,3,100000,49,0.00049,106,0.00106
-27,6,4,100000,45,0.00045,125,0.00125
-27,6,5,100000,36,0.00036,93,0.00093
-27,7,0,100000,38,0.00038,81,0.00081
-27,7,1,100000,23,0.00023,78,0.00078
-27,7,2,100000,38,0.00038,107,0.00107
-27,7,3,100000,30,0.0003,89,0.00089
-27,7,4,100000,38,0.00038,98,0.00098
-27,7,5,100000,22,0.00022,83,0.00083
-27,8,0,100000,46,0.00046,93,0.00093
-27,8,1,100000,45,0.00045,103,0.00103
-27,8,2,100000,62,0.00062,105,0.00105
-27,8,3,100000,64,0.00064,112,0.00112
-27,8,4,100000,49,0.00049,96,0.00096
-27,8,5,100000,31,0.00031,95,0.00095
-27,9,0,100000,37,0.00037,102,0.00102
-27,9,1,100000,30,0.0003,69,0.00069
-27,9,2,100000,63,0.00063,103,0.00103
-27,9,3,100000,54,0.00054,123,0.00123
-27,9,4,100000,39,0.00039,96,0.00096
-27,9,5,100000,37,0.00037,98,0.00098
-27,10,0,100000,48,0.00048,85,0.00085
-27,10,1,100000,21,0.00021,75,0.00075
-27,10,2,100000,34,0.00034,102,0.00102
-27,10,3,100000,42,0.00042,119,0.00119
-27,10,4,100000,43,0.00043,96,0.00096
-27,10,5,100000,47,0.00047,92,0.00092
-27,11,0,100000,39,0.00039,96,0.00096
-27,11,1,100000,65,0.00065,119,0.00119
-27,11,2,100000,63,0.00063,115,0.00115
-27,11,3,100000,59,0.00059,108,0.00108
-27,11,4,100000,55,0.00055,98,0.00098
-27,11,5,100000,47,0.00047,103,0.00103
-27,12,0,100000,27,0.00027,80,0.0008
-27,12,1,100000,25,0.00025,103,0.00103
-27,12,2,100000,46,0.00046,116,0.00116
-27,12,3,100000,42,0.00042,86,0.00086
-27,12,4,100000,44,0.00044,109,0.00109
-27,12,5,100000,47,0.00047,89,0.00089
-27,13,0,100000,43,0.00043,97,0.00097
-27,13,1,100000,37,0.00037,79,0.00079
-27,13,2,100000,48,0.00048,118,0.00118
-27,13,3,100000,37,0.00037,112,0.00112
-27,13,4,100000,34,0.00034,103,0.00103
-27,13,5,100000,51,0.00051,83,0.00083
-27,14,0,100000,35,0.00035,90,0.0009
-27,14,1,100000,32,0.00032,95,0.00095
-27,14,2,100000,48,0.00048,103,0.00103
-27,14,3,100000,49,0.00049,108,0.00108
-27,14,4,100000,41,0.00041,106,0.00106
-27,14,5,100000,37,0.00037,80,0.0008
-27,15,0,100000,46,0.00046,105,0.00105
-27,15,1,100000,47,0.00047,104,0.00104
-27,15,2,100000,43,0.00043,91,0.00091
-27,15,3,100000,48,0.00048,108,0.00108
-27,15,4,100000,48,0.00048,92,0.00092
-27,15,5,100000,45,0.00045,92,0.00092
-27,16,0,100000,37,0.00037,82,0.00082
-27,16,1,100000,30,0.0003,81,0.00081
-27,16,2,100000,39,0.00039,107,0.00107
-27,16,3,100000,35,0.00035,93,0.00093
-27,16,4,100000,54,0.00054,119,0.00119
-27,16,5,100000,36,0.00036,93,0.00093
-27,17,0,100000,21,0.00021,77,0.00077
-27,17,1,100000,42,0.00042,93,0.00093
-27,17,2,100000,42,0.00042,103,0.00103
-27,17,3,100000,55,0.00055,118,0.00118
-27,17,4,100000,63,0.00063,99,0.00099
-27,17,5,100000,60,0.0006,90,0.0009
-27,18,0,100000,47,0.00047,84,0.00084
-27,18,1,100000,43,0.00043,94,0.00094
-27,18,2,100000,38,0.00038,103,0.00103
-27,18,3,100000,49,0.00049,110,0.0011
-27,18,4,100000,37,0.00037,85,0.00085
-27,18,5,100000,40,0.0004,89,0.00089
-27,19,0,100000,38,0.00038,94,0.00094
-27,19,1,100000,49,0.00049,95,0.00095
-27,19,2,100000,39,0.00039,91,0.00091
-27,19,3,100000,60,0.0006,126,0.00126
-27,19,4,100000,47,0.00047,99,0.00099
-27,19,5,100000,43,0.00043,74,0.00074
-27,20,0,100000,33,0.00033,82,0.00082
-27,20,1,100000,28,0.00028,84,0.00084
-27,20,2,100000,47,0.00047,117,0.00117
-27,20,3,100000,44,0.00044,111,0.00111
-27,20,4,100000,53,0.00053,119,0.00119
-27,20,5,100000,33,0.00033,85,0.00085
-27,21,0,100000,42,0.00042,85,0.00085
-27,21,1,100000,40,0.0004,89,0.00089
-27,21,2,100000,49,0.00049,107,0.00107
-27,21,3,100000,39,0.00039,92,0.00092
-27,21,4,100000,68,0.00068,118,0.00118
-27,21,5,100000,56,0.00056,104,0.00104
-27,22,0,100000,31,0.00031,83,0.00083
-27,22,1,100000,23,0.00023,79,0.00079
-27,22,2,100000,35,0.00035,95,0.00095
-27,22,3,100000,52,0.00052,117,0.00117
-27,22,4,100000,60,0.0006,97,0.00097
-27,22,5,100000,55,0.00055,86,0.00086
-27,23,0,100000,49,0.00049,85,0.00085
-27,23,1,100000,35,0.00035,85,0.00085
-27,23,2,100000,45,0.00045,107,0.00107
-27,23,3,100000,47,0.00047,108,0.00108
-27,23,4,100000,45,0.00045,92,0.00092
-27,23,5,100000,39,0.00039,100,0.001
-27,24,0,100000,34,0.00034,89,0.00089
-27,24,1,100000,37,0.00037,93,0.00093
-27,24,2,100000,50,0.0005,102,0.00102
-27,24,3,100000,51,0.00051,126,0.00126
-27,24,4,100000,41,0.00041,101,0.00101
-27,24,5,100000,44,0.00044,102,0.00102
-27,25,0,100000,43,0.00043,80,0.0008
-27,25,1,100000,63,0.00063,99,0.00099
-27,25,2,100000,48,0.00048,106,0.00106
-27,25,3,100000,55,0.00055,132,0.00132
-27,25,4,100000,41,0.00041,105,0.00105
-27,25,5,100000,40,0.0004,91,0.00091
-27,26,0,100000,25,0.00025,67,0.00067
-27,26,1,100000,47,0.00047,86,0.00086
-27,26,2,100000,33,0.00033,100,0.001
-27,26,3,100000,57,0.00057,123,0.00123
-27,26,4,100000,47,0.00047,87,0.00087
-27,26,5,100000,45,0.00045,90,0.0009
-27,27,0,100000,29,0.00029,86,0.00086
-27,27,1,100000,36,0.00036,80,0.0008
-27,27,2,100000,48,0.00048,107,0.00107
-27,27,3,100000,45,0.00045,105,0.00105
-27,27,4,100000,60,0.0006,109,0.00109
-27,27,5,100000,32,0.00032,74,0.00074
-27,28,0,100000,55,0.00055,93,0.00093
-27,28,1,100000,41,0.00041,95,0.00095
-27,28,2,100000,46,0.00046,96,0.00096
-27,28,3,100000,47,0.00047,125,0.00125
-27,28,4,100000,33,0.00033,101,0.00101
-27,28,5,100000,30,0.0003,89,0.00089
-27,29,0,100000,46,0.00046,100,0.001
-27,29,1,100000,23,0.00023,77,0.00077
-27,29,2,100000,44,0.00044,100,0.001
-27,29,3,100000,54,0.00054,137,0.00137
-27,29,4,100000,51,0.00051,100,0.001
-27,29,5,100000,37,0.00037,89,0.00089
-27,30,0,100000,36,0.00036,77,0.00077
-27,30,1,100000,35,0.00035,81,0.00081
-27,30,2,100000,54,0.00054,106,0.00106
-27,30,3,100000,53,0.00053,98,0.00098
-27,30,4,100000,60,0.0006,106,0.00106
-27,30,5,100000,43,0.00043,86,0.00086
-27,31,0,100000,50,0.0005,90,0.0009
-27,31,1,100000,28,0.00028,82,0.00082
-27,31,2,100000,62,0.00062,110,0.0011
-27,31,3,100000,47,0.00047,108,0.00108
-27,31,4,100000,42,0.00042,111,0.00111
-27,31,5,100000,65,0.00065,103,0.00103
-27,32,0,100000,21,0.00021,63,0.00063
-27,32,1,100000,34,0.00034,94,0.00094
-27,32,2,100000,48,0.00048,110,0.0011
-27,32,3,100000,56,0.00056,123,0.00123
-27,32,4,100000,54,0.00054,118,0.00118
-27,32,5,100000,45,0.00045,91,0.00091
-27,33,0,100000,32,0.00032,81,0.00081
-27,33,1,100000,35,0.00035,94,0.00094
-27,33,2,100000,45,0.00045,83,0.00083
-27,33,3,100000,38,0.00038,112,0.00112
-27,33,4,100000,55,0.00055,113,0.00113
-27,33,5,100000,76,0.00076,102,0.00102
-27,34,0,100000,49,0.00049,75,0.00075
-27,34,1,100000,58,0.00058,103,0.00103
-27,34,2,100000,67,0.00067,97,0.00097
-27,34,3,100000,50,0.0005,97,0.00097
-27,34,4,100000,59,0.00059,116,0.00116
-27,34,5,100000,27,0.00027,83,0.00083
-27,35,0,100000,31,0.00031,79,0.00079
-27,35,1,100000,43,0.00043,102,0.00102
-27,35,2,100000,47,0.00047,100,0.001
-27,35,3,100000,50,0.0005,101,0.00101
-27,35,4,100000,30,0.0003,91,0.00091
-27,35,5,100000,25,0.00025,96,0.00096
-27,36,0,100000,30,0.0003,83,0.00083
-27,36,1,100000,29,0.00029,82,0.00082
-27,36,2,100000,48,0.00048,96,0.00096
-27,36,3,100000,55,0.00055,106,0.00106
-27,36,4,100000,52,0.00052,124,0.00124
-27,36,5,100000,47,0.00047,77,0.00077
-27,37,0,100000,42,0.00042,90,0.0009
-27,37,1,100000,43,0.00043,85,0.00085
-27,37,2,100000,38,0.00038,90,0.0009
-27,37,3,100000,64,0.00064,97,0.00097
-27,37,4,100000,64,0.00064,105,0.00105
-27,37,5,100000,42,0.00042,99,0.00099
-27,38,0,100000,19,0.00019,83,0.00083
-27,38,1,100000,66,0.00066,108,0.00108
-27,38,2,100000,46,0.00046,103,0.00103
-27,38,3,100000,60,0.0006,111,0.00111
-27,38,4,100000,23,0.00023,69,0.00069
-27,38,5,100000,52,0.00052,89,0.00089
-27,39,0,100000,43,0.00043,101,0.00101
-27,39,1,100000,26,0.00026,85,0.00085
-27,39,2,100000,49,0.00049,88,0.00088
-27,39,3,100000,53,0.00053,114,0.00114
-27,39,4,100000,34,0.00034,84,0.00084
-27,39,5,100000,39,0.00039,78,0.00078
-27,40,0,100000,37,0.00037,82,0.00082
-27,40,1,100000,33,0.00033,90,0.0009
-27,40,2,100000,44,0.00044,99,0.00099
-27,40,3,100000,31,0.00031,82,0.00082
-27,40,4,100000,47,0.00047,96,0.00096
-27,40,5,100000,38,0.00038,86,0.00086
-27,41,0,100000,50,0.0005,81,0.00081
-27,41,1,100000,37,0.00037,77,0.00077
-27,41,2,100000,62,0.00062,100,0.001
-27,41,3,100000,47,0.00047,70,0.0007
-27,41,4,100000,41,0.00041,78,0.00078
-27,41,5,100000,27,0.00027,80,0.0008
-27,42,0,100000,41,0.00041,78,0.00078
-27,42,1,100000,33,0.00033,80,0.0008
-27,42,2,100000,41,0.00041,102,0.00102
-27,42,3,100000,30,0.0003,81,0.00081
-27,42,4,100000,38,0.00038,94,0.00094
-27,42,5,100000,42,0.00042,86,0.00086
-27,43,0,100000,26,0.00026,71,0.00071
-27,43,1,100000,33,0.00033,94,0.00094
-27,43,2,100000,34,0.00034,72,0.00072
-27,43,3,100000,30,0.0003,84,0.00084
-27,43,4,100000,32,0.00032,79,0.00079
-27,43,5,100000,33,0.00033,85,0.00085
-27,44,0,100000,29,0.00029,80,0.0008
-27,44,1,100000,26,0.00026,78,0.00078
-27,44,2,100000,27,0.00027,72,0.00072
-27,44,3,100000,46,0.00046,82,0.00082
-27,44,4,100000,37,0.00037,85,0.00085
-27,44,5,100000,22,0.00022,81,0.00081
-27,45,0,100000,45,0.00045,70,0.0007
-27,45,1,100000,35,0.00035,83,0.00083
-27,45,2,100000,26,0.00026,71,0.00071
-27,45,3,100000,28,0.00028,74,0.00074
-27,45,4,100000,26,0.00026,68,0.00068
-27,45,5,100000,23,0.00023,71,0.00071
-27,46,0,100000,28,0.00028,75,0.00075
-27,46,1,100000,32,0.00032,71,0.00071
-27,46,2,100000,21,0.00021,64,0.00064
-27,46,3,100000,25,0.00025,72,0.00072
-27,46,4,100000,40,0.0004,77,0.00077
-27,46,5,100000,40,0.0004,74,0.00074
-27,47,0,100000,10,0.0001,57,0.00057
-27,47,1,100000,21,0.00021,67,0.00067
-27,47,2,100000,30,0.0003,66,0.00066
-27,47,3,100000,35,0.00035,65,0.00065
-27,47,4,100000,28,0.00028,87,0.00087
-27,47,5,100000,35,0.00035,66,0.00066
-27,48,0,100000,26,0.00026,70,0.0007
-27,48,1,100000,33,0.00033,62,0.00062
-27,48,2,100000,19,0.00019,56,0.00056
-27,48,3,100000,28,0.00028,87,0.00087
-27,48,4,100000,18,0.00018,59,0.00059
-27,48,5,100000,13,0.00013,75,0.00075
-27,49,0,100000,23,0.00023,75,0.00075
-27,49,1,100000,32,0.00032,73,0.00073
-27,49,2,100000,27,0.00027,67,0.00067
-27,49,3,100000,27,0.00027,80,0.0008
-27,49,4,100000,46,0.00046,83,0.00083
-27,49,5,100000,33,0.00033,72,0.00072
-27,50,0,100000,29,0.00029,77,0.00077
-27,50,1,100000,21,0.00021,69,0.00069
-27,50,2,100000,36,0.00036,70,0.0007
-27,50,3,100000,30,0.0003,78,0.00078
-27,50,4,100000,35,0.00035,65,0.00065
-27,50,5,100000,34,0.00034,79,0.00079
-26,-50,0,100000,25,0.00025,67,0.00067
-26,-50,1,100000,24,0.00024,66,0.00066
-26,-50,2,100000,55,0.00055,69,0.00069
-26,-50,3,100000,52,0.00052,71,0.00071
-26,-50,4,100000,35,0.00035,64,0.00064
-26,-50,5,100000,51,0.00051,59,0.00059
-26,-49,0,100000,30,0.0003,69,0.00069
-26,-49,1,100000,30,0.0003,69,0.00069
-26,-49,2,100000,10,0.0001,71,0.00071
-26,-49,3,100000,22,0.00022,73,0.00073
-26,-49,4,100000,30,0.0003,71,0.00071
-26,-49,5,100000,23,0.00023,60,0.0006
-26,-48,0,100000,39,0.00039,72,0.00072
-26,-48,1,100000,34,0.00034,81,0.00081
-26,-48,2,100000,38,0.00038,72,0.00072
-26,-48,3,100000,64,0.00064,82,0.00082
-26,-48,4,100000,25,0.00025,72,0.00072
-26,-48,5,100000,31,0.00031,74,0.00074
-26,-47,0,100000,35,0.00035,75,0.00075
-26,-47,1,100000,28,0.00028,72,0.00072
-26,-47,2,100000,36,0.00036,88,0.00088
-26,-47,3,100000,29,0.00029,69,0.00069
-26,-47,4,100000,28,0.00028,69,0.00069
-26,-47,5,100000,44,0.00044,75,0.00075
-26,-46,0,100000,27,0.00027,75,0.00075
-26,-46,1,100000,20,0.0002,68,0.00068
-26,-46,2,100000,45,0.00045,70,0.0007
-26,-46,3,100000,23,0.00023,79,0.00079
-26,-46,4,100000,42,0.00042,80,0.0008
-26,-46,5,100000,38,0.00038,73,0.00073
-26,-45,0,100000,32,0.00032,65,0.00065
-26,-45,1,100000,18,0.00018,70,0.0007
-26,-45,2,100000,32,0.00032,60,0.0006
-26,-45,3,100000,35,0.00035,81,0.00081
-26,-45,4,100000,37,0.00037,81,0.00081
-26,-45,5,100000,44,0.00044,70,0.0007
-26,-44,0,100000,36,0.00036,82,0.00082
-26,-44,1,100000,41,0.00041,84,0.00084
-26,-44,2,100000,27,0.00027,80,0.0008
-26,-44,3,100000,25,0.00025,73,0.00073
-26,-44,4,100000,46,0.00046,72,0.00072
-26,-44,5,100000,31,0.00031,82,0.00082
-26,-43,0,100000,44,0.00044,79,0.00079
-26,-43,1,100000,34,0.00034,71,0.00071
-26,-43,2,100000,31,0.00031,74,0.00074
-26,-43,3,100000,55,0.00055,87,0.00087
-26,-43,4,100000,21,0.00021,63,0.00063
-26,-43,5,100000,29,0.00029,71,0.00071
-26,-42,0,100000,22,0.00022,71,0.00071
-26,-42,1,100000,44,0.00044,82,0.00082
-26,-42,2,100000,40,0.0004,71,0.00071
-26,-42,3,100000,55,0.00055,93,0.00093
-26,-42,4,100000,30,0.0003,92,0.00092
-26,-42,5,100000,42,0.00042,83,0.00083
-26,-41,0,100000,36,0.00036,68,0.00068
-26,-41,1,100000,49,0.00049,69,0.00069
-26,-41,2,100000,32,0.00032,89,0.00089
-26,-41,3,100000,50,0.0005,90,0.0009
-26,-41,4,100000,41,0.00041,79,0.00079
-26,-41,5,100000,40,0.0004,83,0.00083
-26,-40,0,100000,31,0.00031,83,0.00083
-26,-40,1,100000,37,0.00037,88,0.00088
-26,-40,2,100000,49,0.00049,88,0.00088
-26,-40,3,100000,51,0.00051,78,0.00078
-26,-40,4,100000,43,0.00043,111,0.00111
-26,-40,5,100000,51,0.00051,103,0.00103
-26,-39,0,100000,43,0.00043,82,0.00082
-26,-39,1,100000,44,0.00044,94,0.00094
-26,-39,2,100000,44,0.00044,97,0.00097
-26,-39,3,100000,53,0.00053,121,0.00121
-26,-39,4,100000,39,0.00039,91,0.00091
-26,-39,5,100000,38,0.00038,77,0.00077
-26,-38,0,100000,40,0.0004,87,0.00087
-26,-38,1,100000,39,0.00039,85,0.00085
-26,-38,2,100000,77,0.00077,120,0.0012
-26,-38,3,100000,39,0.00039,93,0.00093
-26,-38,4,100000,39,0.00039,113,0.00113
-26,-38,5,100000,44,0.00044,102,0.00102
-26,-37,0,100000,51,0.00051,85,0.00085
-26,-37,1,100000,40,0.0004,96,0.00096
-26,-37,2,100000,58,0.00058,117,0.00117
-26,-37,3,100000,39,0.00039,104,0.00104
-26,-37,4,100000,61,0.00061,118,0.00118
-26,-37,5,100000,54,0.00054,108,0.00108
-26,-36,0,100000,29,0.00029,79,0.00079
-26,-36,1,100000,44,0.00044,114,0.00114
-26,-36,2,100000,58,0.00058,127,0.00127
-26,-36,3,100000,77,0.00077,123,0.00123
-26,-36,4,100000,60,0.0006,118,0.00118
-26,-36,5,100000,50,0.0005,107,0.00107
-26,-35,0,100000,39,0.00039,82,0.00082
-26,-35,1,100000,36,0.00036,94,0.00094
-26,-35,2,100000,58,0.00058,116,0.00116
-26,-35,3,100000,42,0.00042,125,0.00125
-26,-35,4,100000,39,0.00039,111,0.00111
-26,-35,5,100000,47,0.00047,112,0.00112
-26,-34,0,100000,57,0.00057,93,0.00093
-26,-34,1,100000,53,0.00053,101,0.00101
-26,-34,2,100000,50,0.0005,112,0.00112
-26,-34,3,100000,50,0.0005,108,0.00108
-26,-34,4,100000,61,0.00061,124,0.00124
-26,-34,5,100000,58,0.00058,101,0.00101
-26,-33,0,100000,50,0.0005,105,0.00105
-26,-33,1,100000,40,0.0004,110,0.0011
-26,-33,2,100000,55,0.00055,116,0.00116
-26,-33,3,100000,58,0.00058,126,0.00126
-26,-33,4,100000,49,0.00049,119,0.00119
-26,-33,5,100000,59,0.00059,98,0.00098
-26,-32,0,100000,41,0.00041,86,0.00086
-26,-32,1,100000,35,0.00035,106,0.00106
-26,-32,2,100000,68,0.00068,133,0.00133
-26,-32,3,100000,54,0.00054,122,0.00122
-26,-32,4,100000,44,0.00044,111,0.00111
-26,-32,5,100000,53,0.00053,121,0.00121
-26,-31,0,100000,45,0.00045,76,0.00076
-26,-31,1,100000,39,0.00039,97,0.00097
-26,-31,2,100000,42,0.00042,122,0.00122
-26,-31,3,100000,62,0.00062,130,0.0013
-26,-31,4,100000,76,0.00076,112,0.00112
-26,-31,5,100000,29,0.00029,88,0.00088
-26,-30,0,100000,51,0.00051,90,0.0009
-26,-30,1,100000,34,0.00034,96,0.00096
-26,-30,2,100000,53,0.00053,124,0.00124
-26,-30,3,100000,62,0.00062,134,0.00134
-26,-30,4,100000,49,0.00049,121,0.00121
-26,-30,5,100000,54,0.00054,102,0.00102
-26,-29,0,100000,35,0.00035,90,0.0009
-26,-29,1,100000,55,0.00055,124,0.00124
-26,-29,2,100000,56,0.00056,123,0.00123
-26,-29,3,100000,53,0.00053,119,0.00119
-26,-29,4,100000,50,0.0005,118,0.00118
-26,-29,5,100000,40,0.0004,109,0.00109
-26,-28,0,100000,41,0.00041,120,0.0012
-26,-28,1,100000,27,0.00027,99,0.00099
-26,-28,2,100000,52,0.00052,134,0.00134
-26,-28,3,100000,75,0.00075,139,0.00139
-26,-28,4,100000,66,0.00066,125,0.00125
-26,-28,5,100000,41,0.00041,115,0.00115
-26,-27,0,100000,30,0.0003,95,0.00095
-26,-27,1,100000,41,0.00041,115,0.00115
-26,-27,2,100000,46,0.00046,116,0.00116
-26,-27,3,100000,73,0.00073,118,0.00118
-26,-27,4,100000,66,0.00066,111,0.00111
-26,-27,5,100000,41,0.00041,109,0.00109
-26,-26,0,100000,36,0.00036,79,0.00079
-26,-26,1,100000,58,0.00058,100,0.001
-26,-26,2,100000,60,0.0006,124,0.00124
-26,-26,3,100000,53,0.00053,139,0.00139
-26,-26,4,100000,45,0.00045,111,0.00111
-26,-26,5,100000,32,0.00032,101,0.00101
-26,-25,0,100000,33,0.00033,97,0.00097
-26,-25,1,100000,50,0.0005,108,0.00108
-26,-25,2,100000,53,0.00053,121,0.00121
-26,-25,3,100000,64,0.00064,120,0.0012
-26,-25,4,100000,56,0.00056,127,0.00127
-26,-25,5,100000,51,0.00051,100,0.001
-26,-24,0,100000,41,0.00041,79,0.00079
-26,-24,1,100000,51,0.00051,104,0.00104
-26,-24,2,100000,48,0.00048,115,0.00115
-26,-24,3,100000,64,0.00064,112,0.00112
-26,-24,4,100000,63,0.00063,122,0.00122
-26,-24,5,100000,50,0.0005,113,0.00113
-26,-23,0,100000,42,0.00042,85,0.00085
-26,-23,1,100000,44,0.00044,104,0.00104
-26,-23,2,100000,54,0.00054,130,0.0013
-26,-23,3,100000,46,0.00046,117,0.00117
-26,-23,4,100000,68,0.00068,113,0.00113
-26,-23,5,100000,35,0.00035,121,0.00121
-26,-22,0,100000,49,0.00049,103,0.00103
-26,-22,1,100000,44,0.00044,111,0.00111
-26,-22,2,100000,60,0.0006,120,0.0012
-26,-22,3,100000,47,0.00047,118,0.00118
-26,-22,4,100000,49,0.00049,123,0.00123
-26,-22,5,100000,44,0.00044,99,0.00099
-26,-21,0,100000,59,0.00059,95,0.00095
-26,-21,1,100000,40,0.0004,86,0.00086
-26,-21,2,100000,36,0.00036,102,0.00102
-26,-21,3,100000,52,0.00052,119,0.00119
-26,-21,4,100000,71,0.00071,111,0.00111
-26,-21,5,100000,45,0.00045,90,0.0009
-26,-20,0,100000,47,0.00047,101,0.00101
-26,-20,1,100000,53,0.00053,105,0.00105
-26,-20,2,100000,63,0.00063,126,0.00126
-26,-20,3,100000,96,0.00096,137,0.00137
-26,-20,4,100000,72,0.00072,125,0.00125
-26,-20,5,100000,35,0.00035,94,0.00094
-26,-19,0,100000,52,0.00052,90,0.0009
-26,-19,1,100000,69,0.00069,122,0.00122
-26,-19,2,100000,61,0.00061,131,0.00131
-26,-19,3,100000,64,0.00064,135,0.00135
-26,-19,4,100000,47,0.00047,108,0.00108
-26,-19,5,100000,52,0.00052,110,0.0011
-26,-18,0,100000,32,0.00032,104,0.00104
-26,-18,1,100000,62,0.00062,113,0.00113
-26,-18,2,100000,29,0.00029,110,0.0011
-26,-18,3,100000,63,0.00063,133,0.00133
-26,-18,4,100000,41,0.00041,108,0.00108
-26,-18,5,100000,34,0.00034,86,0.00086
-26,-17,0,100000,46,0.00046,108,0.00108
-26,-17,1,100000,61,0.00061,124,0.00124
-26,-17,2,100000,51,0.00051,105,0.00105
-26,-17,3,100000,43,0.00043,108,0.00108
-26,-17,4,100000,47,0.00047,123,0.00123
-26,-17,5,100000,45,0.00045,106,0.00106
-26,-16,0,100000,47,0.00047,92,0.00092
-26,-16,1,100000,26,0.00026,82,0.00082
-26,-16,2,100000,65,0.00065,143,0.00143
-26,-16,3,100000,72,0.00072,137,0.00137
-26,-16,4,100000,57,0.00057,125,0.00125
-26,-16,5,100000,54,0.00054,110,0.0011
-26,-15,0,100000,40,0.0004,91,0.00091
-26,-15,1,100000,69,0.00069,102,0.00102
-26,-15,2,100000,74,0.00074,117,0.00117
-26,-15,3,100000,61,0.00061,121,0.00121
-26,-15,4,100000,48,0.00048,112,0.00112
-26,-15,5,100000,41,0.00041,97,0.00097
-26,-14,0,100000,48,0.00048,104,0.00104
-26,-14,1,100000,46,0.00046,107,0.00107
-26,-14,2,100000,50,0.0005,135,0.00135
-26,-14,3,100000,60,0.0006,126,0.00126
-26,-14,4,100000,66,0.00066,133,0.00133
-26,-14,5,100000,46,0.00046,91,0.00091
-26,-13,0,100000,36,0.00036,93,0.00093
-26,-13,1,100000,42,0.00042,98,0.00098
-26,-13,2,100000,44,0.00044,104,0.00104
-26,-13,3,100000,55,0.00055,131,0.00131
-26,-13,4,100000,57,0.00057,111,0.00111
-26,-13,5,100000,26,0.00026,92,0.00092
-26,-12,0,100000,37,0.00037,86,0.00086
-26,-12,1,100000,46,0.00046,112,0.00112
-26,-12,2,100000,66,0.00066,121,0.00121
-26,-12,3,100000,49,0.00049,133,0.00133
-26,-12,4,100000,43,0.00043,97,0.00097
-26,-12,5,100000,35,0.00035,89,0.00089
-26,-11,0,100000,49,0.00049,100,0.001
-26,-11,1,100000,55,0.00055,114,0.00114
-26,-11,2,100000,45,0.00045,100,0.001
-26,-11,3,100000,62,0.00062,116,0.00116
-26,-11,4,100000,52,0.00052,129,0.00129
-26,-11,5,100000,53,0.00053,110,0.0011
-26,-10,0,100000,52,0.00052,97,0.00097
-26,-10,1,100000,69,0.00069,117,0.00117
-26,-10,2,100000,55,0.00055,101,0.00101
-26,-10,3,100000,64,0.00064,134,0.00134
-26,-10,4,100000,84,0.00084,138,0.00138
-26,-10,5,100000,36,0.00036,93,0.00093
-26,-9,0,100000,44,0.00044,91,0.00091
-26,-9,1,100000,56,0.00056,112,0.00112
-26,-9,2,100000,49,0.00049,119,0.00119
-26,-9,3,100000,63,0.00063,120,0.0012
-26,-9,4,100000,70,0.0007,129,0.00129
-26,-9,5,100000,40,0.0004,105,0.00105
-26,-8,0,100000,30,0.0003,85,0.00085
-26,-8,1,100000,45,0.00045,122,0.00122
-26,-8,2,100000,58,0.00058,135,0.00135
-26,-8,3,100000,58,0.00058,111,0.00111
-26,-8,4,100000,59,0.00059,117,0.00117
-26,-8,5,100000,38,0.00038,109,0.00109
-26,-7,0,100000,60,0.0006,114,0.00114
-26,-7,1,100000,57,0.00057,86,0.00086
-26,-7,2,100000,74,0.00074,130,0.0013
-26,-7,3,100000,59,0.00059,119,0.00119
-26,-7,4,100000,57,0.00057,102,0.00102
-26,-7,5,100000,42,0.00042,100,0.001
-26,-6,0,100000,50,0.0005,90,0.0009
-26,-6,1,100000,62,0.00062,100,0.001
-26,-6,2,100000,37,0.00037,100,0.001
-26,-6,3,100000,68,0.00068,142,0.00142
-26,-6,4,100000,60,0.0006,111,0.00111
-26,-6,5,100000,37,0.00037,102,0.00102
-26,-5,0,100000,35,0.00035,101,0.00101
-26,-5,1,100000,60,0.0006,104,0.00104
-26,-5,2,100000,41,0.00041,107,0.00107
-26,-5,3,100000,79,0.00079,127,0.00127
-26,-5,4,100000,61,0.00061,113,0.00113
-26,-5,5,100000,34,0.00034,101,0.00101
-26,-4,0,100000,43,0.00043,95,0.00095
-26,-4,1,100000,61,0.00061,115,0.00115
-26,-4,2,100000,84,0.00084,129,0.00129
-26,-4,3,100000,71,0.00071,147,0.00147
-26,-4,4,100000,82,0.00082,138,0.00138
-26,-4,5,100000,57,0.00057,110,0.0011
-26,-3,0,100000,67,0.00067,91,0.00091
-26,-3,1,100000,48,0.00048,107,0.00107
-26,-3,2,100000,55,0.00055,120,0.0012
-26,-3,3,100000,70,0.0007,159,0.00159
-26,-3,4,100000,49,0.00049,116,0.00116
-26,-3,5,100000,57,0.00057,133,0.00133
-26,-2,0,100000,49,0.00049,99,0.00099
-26,-2,1,100000,46,0.00046,98,0.00098
-26,-2,2,100000,71,0.00071,120,0.0012
-26,-2,3,100000,54,0.00054,138,0.00138
-26,-2,4,100000,47,0.00047,110,0.0011
-26,-2,5,100000,53,0.00053,107,0.00107
-26,-1,0,100000,29,0.00029,88,0.00088
-26,-1,1,100000,43,0.00043,91,0.00091
-26,-1,2,100000,64,0.00064,129,0.00129
-26,-1,3,100000,69,0.00069,118,0.00118
-26,-1,4,100000,50,0.0005,134,0.00134
-26,-1,5,100000,47,0.00047,107,0.00107
-26,0,0,100000,59,0.00059,97,0.00097
-26,0,1,100000,38,0.00038,96,0.00096
-26,0,2,100000,60,0.0006,111,0.00111
-26,0,3,100000,58,0.00058,140,0.0014
-26,0,4,100000,63,0.00063,129,0.00129
-26,0,5,100000,36,0.00036,86,0.00086
-26,1,0,100000,34,0.00034,102,0.00102
-26,1,1,100000,40,0.0004,107,0.00107
-26,1,2,100000,48,0.00048,121,0.00121
-26,1,3,100000,79,0.00079,134,0.00134
-26,1,4,100000,51,0.00051,114,0.00114
-26,1,5,100000,44,0.00044,100,0.001
-26,2,0,100000,59,0.00059,94,0.00094
-26,2,1,100000,65,0.00065,97,0.00097
-26,2,2,100000,66,0.00066,127,0.00127
-26,2,3,100000,69,0.00069,137,0.00137
-26,2,4,100000,50,0.0005,105,0.00105
-26,2,5,100000,55,0.00055,110,0.0011
-26,3,0,100000,38,0.00038,87,0.00087
-26,3,1,100000,44,0.00044,103,0.00103
-26,3,2,100000,58,0.00058,118,0.00118
-26,3,3,100000,60,0.0006,124,0.00124
-26,3,4,100000,43,0.00043,112,0.00112
-26,3,5,100000,39,0.00039,96,0.00096
-26,4,0,100000,51,0.00051,94,0.00094
-26,4,1,100000,60,0.0006,110,0.0011
-26,4,2,100000,38,0.00038,112,0.00112
-26,4,3,100000,58,0.00058,127,0.00127
-26,4,4,100000,55,0.00055,114,0.00114
-26,4,5,100000,45,0.00045,99,0.00099
-26,5,0,100000,53,0.00053,106,0.00106
-26,5,1,100000,43,0.00043,101,0.00101
-26,5,2,100000,59,0.00059,117,0.00117
-26,5,3,100000,68,0.00068,130,0.0013
-26,5,4,100000,53,0.00053,114,0.00114
-26,5,5,100000,30,0.0003,98,0.00098
-26,6,0,100000,55,0.00055,108,0.00108
-26,6,1,100000,39,0.00039,86,0.00086
-26,6,2,100000,58,0.00058,123,0.00123
-26,6,3,100000,74,0.00074,145,0.00145
-26,6,4,100000,67,0.00067,119,0.00119
-26,6,5,100000,45,0.00045,110,0.0011
-26,7,0,100000,72,0.00072,123,0.00123
-26,7,1,100000,47,0.00047,114,0.00114
-26,7,2,100000,70,0.0007,109,0.00109
-26,7,3,100000,73,0.00073,111,0.00111
-26,7,4,100000,51,0.00051,126,0.00126
-26,7,5,100000,35,0.00035,98,0.00098
-26,8,0,100000,44,0.00044,105,0.00105
-26,8,1,100000,44,0.00044,97,0.00097
-26,8,2,100000,58,0.00058,136,0.00136
-26,8,3,100000,76,0.00076,125,0.00125
-26,8,4,100000,47,0.00047,109,0.00109
-26,8,5,100000,40,0.0004,93,0.00093
-26,9,0,100000,58,0.00058,94,0.00094
-26,9,1,100000,47,0.00047,98,0.00098
-26,9,2,100000,71,0.00071,117,0.00117
-26,9,3,100000,42,0.00042,110,0.0011
-26,9,4,100000,55,0.00055,133,0.00133
-26,9,5,100000,54,0.00054,123,0.00123
-26,10,0,100000,52,0.00052,106,0.00106
-26,10,1,100000,47,0.00047,109,0.00109
-26,10,2,100000,64,0.00064,139,0.00139
-26,10,3,100000,76,0.00076,145,0.00145
-26,10,4,100000,48,0.00048,101,0.00101
-26,10,5,100000,61,0.00061,119,0.00119
-26,11,0,100000,55,0.00055,107,0.00107
-26,11,1,100000,52,0.00052,100,0.001
-26,11,2,100000,43,0.00043,94,0.00094
-26,11,3,100000,42,0.00042,106,0.00106
-26,11,4,100000,60,0.0006,111,0.00111
-26,11,5,100000,37,0.00037,105,0.00105
-26,12,0,100000,42,0.00042,93,0.00093
-26,12,1,100000,42,0.00042,109,0.00109
-26,12,2,100000,31,0.00031,120,0.0012
-26,12,3,100000,62,0.00062,117,0.00117
-26,12,4,100000,47,0.00047,124,0.00124
-26,12,5,100000,31,0.00031,89,0.00089
-26,13,0,100000,37,0.00037,77,0.00077
-26,13,1,100000,64,0.00064,113,0.00113
-26,13,2,100000,62,0.00062,117,0.00117
-26,13,3,100000,68,0.00068,123,0.00123
-26,13,4,100000,84,0.00084,130,0.0013
-26,13,5,100000,47,0.00047,111,0.00111
-26,14,0,100000,53,0.00053,110,0.0011
-26,14,1,100000,53,0.00053,116,0.00116
-26,14,2,100000,65,0.00065,115,0.00115
-26,14,3,100000,47,0.00047,121,0.00121
-26,14,4,100000,41,0.00041,98,0.00098
-26,14,5,100000,45,0.00045,104,0.00104
-26,15,0,100000,51,0.00051,84,0.00084
-26,15,1,100000,55,0.00055,103,0.00103
-26,15,2,100000,43,0.00043,111,0.00111
-26,15,3,100000,44,0.00044,121,0.00121
-26,15,4,100000,39,0.00039,98,0.00098
-26,15,5,100000,40,0.0004,91,0.00091
-26,16,0,100000,53,0.00053,106,0.00106
-26,16,1,100000,39,0.00039,105,0.00105
-26,16,2,100000,39,0.00039,97,0.00097
-26,16,3,100000,72,0.00072,142,0.00142
-26,16,4,100000,71,0.00071,115,0.00115
-26,16,5,100000,44,0.00044,104,0.00104
-26,17,0,100000,28,0.00028,91,0.00091
-26,17,1,100000,47,0.00047,102,0.00102
-26,17,2,100000,34,0.00034,105,0.00105
-26,17,3,100000,68,0.00068,126,0.00126
-26,17,4,100000,75,0.00075,106,0.00106
-26,17,5,100000,46,0.00046,109,0.00109
-26,18,0,100000,46,0.00046,105,0.00105
-26,18,1,100000,40,0.0004,96,0.00096
-26,18,2,100000,70,0.0007,128,0.00128
-26,18,3,100000,51,0.00051,122,0.00122
-26,18,4,100000,48,0.00048,121,0.00121
-26,18,5,100000,47,0.00047,112,0.00112
-26,19,0,100000,39,0.00039,105,0.00105
-26,19,1,100000,54,0.00054,117,0.00117
-26,19,2,100000,67,0.00067,132,0.00132
-26,19,3,100000,64,0.00064,118,0.00118
-26,19,4,100000,63,0.00063,132,0.00132
-26,19,5,100000,42,0.00042,111,0.00111
-26,20,0,100000,34,0.00034,78,0.00078
-26,20,1,100000,42,0.00042,103,0.00103
-26,20,2,100000,34,0.00034,98,0.00098
-26,20,3,100000,62,0.00062,116,0.00116
-26,20,4,100000,42,0.00042,101,0.00101
-26,20,5,100000,40,0.0004,98,0.00098
-26,21,0,100000,42,0.00042,90,0.0009
-26,21,1,100000,37,0.00037,106,0.00106
-26,21,2,100000,50,0.0005,124,0.00124
-26,21,3,100000,36,0.00036,105,0.00105
-26,21,4,100000,57,0.00057,125,0.00125
-26,21,5,100000,49,0.00049,103,0.00103
-26,22,0,100000,46,0.00046,91,0.00091
-26,22,1,100000,39,0.00039,94,0.00094
-26,22,2,100000,54,0.00054,118,0.00118
-26,22,3,100000,47,0.00047,124,0.00124
-26,22,4,100000,60,0.0006,135,0.00135
-26,22,5,100000,34,0.00034,98,0.00098
-26,23,0,100000,54,0.00054,103,0.00103
-26,23,1,100000,61,0.00061,119,0.00119
-26,23,2,100000,52,0.00052,111,0.00111
-26,23,3,100000,44,0.00044,119,0.00119
-26,23,4,100000,26,0.00026,96,0.00096
-26,23,5,100000,33,0.00033,77,0.00077
-26,24,0,100000,40,0.0004,108,0.00108
-26,24,1,100000,46,0.00046,99,0.00099
-26,24,2,100000,50,0.0005,97,0.00097
-26,24,3,100000,40,0.0004,124,0.00124
-26,24,4,100000,50,0.0005,117,0.00117
-26,24,5,100000,37,0.00037,98,0.00098
-26,25,0,100000,28,0.00028,94,0.00094
-26,25,1,100000,58,0.00058,119,0.00119
-26,25,2,100000,54,0.00054,111,0.00111
-26,25,3,100000,43,0.00043,102,0.00102
-26,25,4,100000,47,0.00047,98,0.00098
-26,25,5,100000,36,0.00036,122,0.00122
-26,26,0,100000,67,0.00067,93,0.00093
-26,26,1,100000,43,0.00043,107,0.00107
-26,26,2,100000,56,0.00056,127,0.00127
-26,26,3,100000,44,0.00044,120,0.0012
-26,26,4,100000,74,0.00074,150,0.0015
-26,26,5,100000,75,0.00075,116,0.00116
-26,27,0,100000,63,0.00063,90,0.0009
-26,27,1,100000,47,0.00047,101,0.00101
-26,27,2,100000,48,0.00048,116,0.00116
-26,27,3,100000,50,0.0005,125,0.00125
-26,27,4,100000,56,0.00056,131,0.00131
-26,27,5,100000,33,0.00033,89,0.00089
-26,28,0,100000,35,0.00035,103,0.00103
-26,28,1,100000,46,0.00046,114,0.00114
-26,28,2,100000,80,0.0008,146,0.00146
-26,28,3,100000,58,0.00058,120,0.0012
-26,28,4,100000,82,0.00082,135,0.00135
-26,28,5,100000,48,0.00048,103,0.00103
-26,29,0,100000,21,0.00021,69,0.00069
-26,29,1,100000,52,0.00052,99,0.00099
-26,29,2,100000,38,0.00038,111,0.00111
-26,29,3,100000,45,0.00045,126,0.00126
-26,29,4,100000,43,0.00043,127,0.00127
-26,29,5,100000,49,0.00049,102,0.00102
-26,30,0,100000,67,0.00067,116,0.00116
-26,30,1,100000,41,0.00041,96,0.00096
-26,30,2,100000,54,0.00054,114,0.00114
-26,30,3,100000,60,0.0006,120,0.0012
-26,30,4,100000,54,0.00054,136,0.00136
-26,30,5,100000,46,0.00046,102,0.00102
-26,31,0,100000,44,0.00044,100,0.001
-26,31,1,100000,52,0.00052,98,0.00098
-26,31,2,100000,61,0.00061,137,0.00137
-26,31,3,100000,43,0.00043,134,0.00134
-26,31,4,100000,39,0.00039,107,0.00107
-26,31,5,100000,64,0.00064,97,0.00097
-26,32,0,100000,44,0.00044,110,0.0011
-26,32,1,100000,61,0.00061,121,0.00121
-26,32,2,100000,61,0.00061,130,0.0013
-26,32,3,100000,91,0.00091,145,0.00145
-26,32,4,100000,63,0.00063,128,0.00128
-26,32,5,100000,50,0.0005,103,0.00103
-26,33,0,100000,49,0.00049,100,0.001
-26,33,1,100000,75,0.00075,120,0.0012
-26,33,2,100000,61,0.00061,132,0.00132
-26,33,3,100000,50,0.0005,128,0.00128
-26,33,4,100000,51,0.00051,118,0.00118
-26,33,5,100000,28,0.00028,91,0.00091
-26,34,0,100000,53,0.00053,106,0.00106
-26,34,1,100000,31,0.00031,104,0.00104
-26,34,2,100000,47,0.00047,100,0.001
-26,34,3,100000,61,0.00061,126,0.00126
-26,34,4,100000,60,0.0006,132,0.00132
-26,34,5,100000,62,0.00062,105,0.00105
-26,35,0,100000,41,0.00041,108,0.00108
-26,35,1,100000,43,0.00043,92,0.00092
-26,35,2,100000,36,0.00036,95,0.00095
-26,35,3,100000,51,0.00051,121,0.00121
-26,35,4,100000,44,0.00044,117,0.00117
-26,35,5,100000,49,0.00049,123,0.00123
-26,36,0,100000,38,0.00038,98,0.00098
-26,36,1,100000,51,0.00051,110,0.0011
-26,36,2,100000,41,0.00041,115,0.00115
-26,36,3,100000,66,0.00066,135,0.00135
-26,36,4,100000,32,0.00032,109,0.00109
-26,36,5,100000,44,0.00044,110,0.0011
-26,37,0,100000,46,0.00046,92,0.00092
-26,37,1,100000,36,0.00036,107,0.00107
-26,37,2,100000,66,0.00066,127,0.00127
-26,37,3,100000,49,0.00049,102,0.00102
-26,37,4,100000,38,0.00038,110,0.0011
-26,37,5,100000,38,0.00038,100,0.001
-26,38,0,100000,36,0.00036,99,0.00099
-26,38,1,100000,47,0.00047,106,0.00106
-26,38,2,100000,38,0.00038,109,0.00109
-26,38,3,100000,46,0.00046,115,0.00115
-26,38,4,100000,62,0.00062,107,0.00107
-26,38,5,100000,41,0.00041,84,0.00084
-26,39,0,100000,45,0.00045,91,0.00091
-26,39,1,100000,48,0.00048,94,0.00094
-26,39,2,100000,44,0.00044,109,0.00109
-26,39,3,100000,47,0.00047,94,0.00094
-26,39,4,100000,42,0.00042,106,0.00106
-26,39,5,100000,52,0.00052,89,0.00089
-26,40,0,100000,20,0.0002,68,0.00068
-26,40,1,100000,41,0.00041,97,0.00097
-26,40,2,100000,47,0.00047,97,0.00097
-26,40,3,100000,40,0.0004,92,0.00092
-26,40,4,100000,42,0.00042,96,0.00096
-26,40,5,100000,33,0.00033,79,0.00079
-26,41,0,100000,38,0.00038,88,0.00088
-26,41,1,100000,24,0.00024,77,0.00077
-26,41,2,100000,48,0.00048,83,0.00083
-26,41,3,100000,34,0.00034,93,0.00093
-26,41,4,100000,27,0.00027,79,0.00079
-26,41,5,100000,27,0.00027,86,0.00086
-26,42,0,100000,29,0.00029,61,0.00061
-26,42,1,100000,47,0.00047,86,0.00086
-26,42,2,100000,35,0.00035,91,0.00091
-26,42,3,100000,74,0.00074,93,0.00093
-26,42,4,100000,45,0.00045,95,0.00095
-26,42,5,100000,33,0.00033,94,0.00094
-26,43,0,100000,34,0.00034,88,0.00088
-26,43,1,100000,43,0.00043,65,0.00065
-26,43,2,100000,41,0.00041,77,0.00077
-26,43,3,100000,29,0.00029,79,0.00079
-26,43,4,100000,34,0.00034,71,0.00071
-26,43,5,100000,20,0.0002,86,0.00086
-26,44,0,100000,18,0.00018,72,0.00072
-26,44,1,100000,34,0.00034,74,0.00074
-26,44,2,100000,44,0.00044,86,0.00086
-26,44,3,100000,39,0.00039,79,0.00079
-26,44,4,100000,23,0.00023,75,0.00075
-26,44,5,100000,33,0.00033,79,0.00079
-26,45,0,100000,39,0.00039,73,0.00073
-26,45,1,100000,28,0.00028,74,0.00074
-26,45,2,100000,29,0.00029,73,0.00073
-26,45,3,100000,24,0.00024,84,0.00084
-26,45,4,100000,22,0.00022,59,0.00059
-26,45,5,100000,16,0.00016,65,0.00065
-26,46,0,100000,21,0.00021,61,0.00061
-26,46,1,100000,21,0.00021,74,0.00074
-26,46,2,100000,14,0.00014,63,0.00063
-26,46,3,100000,37,0.00037,73,0.00073
-26,46,4,100000,42,0.00042,99,0.00099
-26,46,5,100000,26,0.00026,63,0.00063
-26,47,0,100000,31,0.00031,60,0.0006
-26,47,1,100000,34,0.00034,85,0.00085
-26,47,2,100000,37,0.00037,80,0.0008
-26,47,3,100000,18,0.00018,80,0.0008
-26,47,4,100000,43,0.00043,70,0.0007
-26,47,5,100000,22,0.00022,74,0.00074
-26,48,0,100000,53,0.00053,84,0.00084
-26,48,1,100000,43,0.00043,73,0.00073
-26,48,2,100000,37,0.00037,70,0.0007
-26,48,3,100000,33,0.00033,80,0.0008
-26,48,4,100000,48,0.00048,79,0.00079
-26,48,5,100000,33,0.00033,97,0.00097
-26,49,0,100000,27,0.00027,82,0.00082
-26,49,1,100000,29,0.00029,66,0.00066
-26,49,2,100000,41,0.00041,72,0.00072
-26,49,3,100000,41,0.00041,84,0.00084
-26,49,4,100000,17,0.00017,72,0.00072
-26,49,5,100000,37,0.00037,70,0.0007
-26,50,0,100000,19,0.00019,77,0.00077
-26,50,1,100000,37,0.00037,62,0.00062
-26,50,2,100000,30,0.0003,65,0.00065
-26,50,3,100000,15,0.00015,57,0.00057
-26,50,4,100000,38,0.00038,72,0.00072
-26,50,5,100000,15,0.00015,68,0.00068
-25,-50,0,100000,43,0.00043,77,0.00077
-25,-50,1,100000,23,0.00023,61,0.00061
-25,-50,2,100000,23,0.00023,45,0.00045
-25,-50,3,100000,27,0.00027,74,0.00074
-25,-50,4,100000,25,0.00025,71,0.00071
-25,-50,5,100000,23,0.00023,63,0.00063
-25,-49,0,100000,23,0.00023,67,0.00067
-25,-49,1,100000,22,0.00022,62,0.00062
-25,-49,2,100000,35,0.00035,65,0.00065
-25,-49,3,100000,28,0.00028,60,0.0006
-25,-49,4,100000,37,0.00037,71,0.00071
-25,-49,5,100000,36,0.00036,61,0.00061
-25,-48,0,100000,41,0.00041,76,0.00076
-25,-48,1,100000,17,0.00017,68,0.00068
-25,-48,2,100000,13,0.00013,71,0.00071
-25,-48,3,100000,40,0.0004,80,0.0008
-25,-48,4,100000,33,0.00033,80,0.0008
-25,-48,5,100000,21,0.00021,79,0.00079
-25,-47,0,100000,27,0.00027,83,0.00083
-25,-47,1,100000,31,0.00031,57,0.00057
-25,-47,2,100000,27,0.00027,89,0.00089
-25,-47,3,100000,31,0.00031,66,0.00066
-25,-47,4,100000,53,0.00053,87,0.00087
-25,-47,5,100000,37,0.00037,89,0.00089
-25,-46,0,100000,32,0.00032,70,0.0007
-25,-46,1,100000,49,0.00049,81,0.00081
-25,-46,2,100000,36,0.00036,70,0.0007
-25,-46,3,100000,35,0.00035,84,0.00084
-25,-46,4,100000,32,0.00032,76,0.00076
-25,-46,5,100000,32,0.00032,71,0.00071
-25,-45,0,100000,21,0.00021,62,0.00062
-25,-45,1,100000,39,0.00039,75,0.00075
-25,-45,2,100000,42,0.00042,63,0.00063
-25,-45,3,100000,40,0.0004,84,0.00084
-25,-45,4,100000,38,0.00038,86,0.00086
-25,-45,5,100000,29,0.00029,75,0.00075
-25,-44,0,100000,47,0.00047,75,0.00075
-25,-44,1,100000,42,0.00042,67,0.00067
-25,-44,2,100000,35,0.00035,91,0.00091
-25,-44,3,100000,44,0.00044,89,0.00089
-25,-44,4,100000,41,0.00041,79,0.00079
-25,-44,5,100000,29,0.00029,86,0.00086
-25,-43,0,100000,33,0.00033,84,0.00084
-25,-43,1,100000,36,0.00036,84,0.00084
-25,-43,2,100000,43,0.00043,92,0.00092
-25,-43,3,100000,46,0.00046,99,0.00099
-25,-43,4,100000,27,0.00027,82,0.00082
-25,-43,5,100000,53,0.00053,90,0.0009
-25,-42,0,100000,44,0.00044,101,0.00101
-25,-42,1,100000,43,0.00043,86,0.00086
-25,-42,2,100000,49,0.00049,98,0.00098
-25,-42,3,100000,61,0.00061,97,0.00097
-25,-42,4,100000,45,0.00045,90,0.0009
-25,-42,5,100000,34,0.00034,90,0.0009
-25,-41,0,100000,36,0.00036,80,0.0008
-25,-41,1,100000,27,0.00027,89,0.00089
-25,-41,2,100000,55,0.00055,97,0.00097
-25,-41,3,100000,34,0.00034,86,0.00086
-25,-41,4,100000,39,0.00039,101,0.00101
-25,-41,5,100000,39,0.00039,101,0.00101
-25,-40,0,100000,41,0.00041,89,0.00089
-25,-40,1,100000,43,0.00043,91,0.00091
-25,-40,2,100000,39,0.00039,98,0.00098
-25,-40,3,100000,52,0.00052,106,0.00106
-25,-40,4,100000,60,0.0006,109,0.00109
-25,-40,5,100000,48,0.00048,104,0.00104
-25,-39,0,100000,46,0.00046,87,0.00087
-25,-39,1,100000,52,0.00052,91,0.00091
-25,-39,2,100000,59,0.00059,121,0.00121
-25,-39,3,100000,34,0.00034,110,0.0011
-25,-39,4,100000,54,0.00054,131,0.00131
-25,-39,5,100000,39,0.00039,105,0.00105
-25,-38,0,100000,38,0.00038,88,0.00088
-25,-38,1,100000,43,0.00043,110,0.0011
-25,-38,2,100000,60,0.0006,134,0.00134
-25,-38,3,100000,66,0.00066,122,0.00122
-25,-38,4,100000,45,0.00045,104,0.00104
-25,-38,5,100000,63,0.00063,112,0.00112
-25,-37,0,100000,33,0.00033,82,0.00082
-25,-37,1,100000,55,0.00055,110,0.0011
-25,-37,2,100000,68,0.00068,131,0.00131
-25,-37,3,100000,66,0.00066,148,0.00148
-25,-37,4,100000,68,0.00068,130,0.0013
-25,-37,5,100000,70,0.0007,115,0.00115
-25,-36,0,100000,31,0.00031,98,0.00098
-25,-36,1,100000,41,0.00041,110,0.0011
-25,-36,2,100000,61,0.00061,164,0.00164
-25,-36,3,100000,63,0.00063,141,0.00141
-25,-36,4,100000,60,0.0006,123,0.00123
-25,-36,5,100000,46,0.00046,122,0.00122
-25,-35,0,100000,55,0.00055,131,0.00131
-25,-35,1,100000,36,0.00036,103,0.00103
-25,-35,2,100000,70,0.0007,135,0.00135
-25,-35,3,100000,95,0.00095,187,0.00187
-25,-35,4,100000,56,0.00056,132,0.00132
-25,-35,5,100000,48,0.00048,122,0.00122
-25,-34,0,100000,38,0.00038,95,0.00095
-25,-34,1,100000,50,0.0005,117,0.00117
-25,-34,2,100000,79,0.00079,137,0.00137
-25,-34,3,100000,61,0.00061,136,0.00136
-25,-34,4,100000,75,0.00075,142,0.00142
-25,-34,5,100000,54,0.00054,121,0.00121
-25,-33,0,100000,47,0.00047,112,0.00112
-25,-33,1,100000,41,0.00041,107,0.00107
-25,-33,2,100000,56,0.00056,133,0.00133
-25,-33,3,100000,67,0.00067,151,0.00151
-25,-33,4,100000,63,0.00063,143,0.00143
-25,-33,5,100000,58,0.00058,115,0.00115
-25,-32,0,100000,62,0.00062,112,0.00112
-25,-32,1,100000,48,0.00048,136,0.00136
-25,-32,2,100000,64,0.00064,132,0.00132
-25,-32,3,100000,63,0.00063,165,0.00165
-25,-32,4,100000,70,0.0007,140,0.0014
-25,-32,5,100000,70,0.0007,126,0.00126
-25,-31,0,100000,37,0.00037,102,0.00102
-25,-31,1,100000,80,0.0008,135,0.00135
-25,-31,2,100000,55,0.00055,130,0.0013
-25,-31,3,100000,101,0.00101,174,0.00174
-25,-31,4,100000,58,0.00058,150,0.0015
-25,-31,5,100000,56,0.00056,111,0.00111
-25,-30,0,100000,35,0.00035,104,0.00104
-25,-30,1,100000,58,0.00058,117,0.00117
-25,-30,2,100000,64,0.00064,141,0.00141
-25,-30,3,100000,76,0.00076,141,0.00141
-25,-30,4,100000,74,0.00074,141,0.00141
-25,-30,5,100000,55,0.00055,106,0.00106
-25,-29,0,100000,33,0.00033,87,0.00087
-25,-29,1,100000,53,0.00053,118,0.00118
-25,-29,2,100000,60,0.0006,120,0.0012
-25,-29,3,100000,63,0.00063,139,0.00139
-25,-29,4,100000,67,0.00067,139,0.00139
-25,-29,5,100000,48,0.00048,115,0.00115
-25,-28,0,100000,32,0.00032,116,0.00116
-25,-28,1,100000,47,0.00047,119,0.00119
-25,-28,2,100000,56,0.00056,126,0.00126
-25,-28,3,100000,55,0.00055,149,0.00149
-25,-28,4,100000,70,0.0007,152,0.00152
-25,-28,5,100000,52,0.00052,118,0.00118
-25,-27,0,100000,43,0.00043,108,0.00108
-25,-27,1,100000,45,0.00045,111,0.00111
-25,-27,2,100000,68,0.00068,151,0.00151
-25,-27,3,100000,75,0.00075,147,0.00147
-25,-27,4,100000,60,0.0006,136,0.00136
-25,-27,5,100000,48,0.00048,102,0.00102
-25,-26,0,100000,43,0.00043,97,0.00097
-25,-26,1,100000,62,0.00062,121,0.00121
-25,-26,2,100000,70,0.0007,132,0.00132
-25,-26,3,100000,69,0.00069,147,0.00147
-25,-26,4,100000,59,0.00059,130,0.0013
-25,-26,5,100000,67,0.00067,145,0.00145
-25,-25,0,100000,43,0.00043,108,0.00108
-25,-25,1,100000,58,0.00058,132,0.00132
-25,-25,2,100000,77,0.00077,155,0.00155
-25,-25,3,100000,89,0.00089,148,0.00148
-25,-25,4,100000,63,0.00063,134,0.00134
-25,-25,5,100000,51,0.00051,111,0.00111
-25,-24,0,100000,59,0.00059,110,0.0011
-25,-24,1,100000,70,0.0007,125,0.00125
-25,-24,2,100000,46,0.00046,141,0.00141
-25,-24,3,100000,82,0.00082,164,0.00164
-25,-24,4,100000,67,0.00067,132,0.00132
-25,-24,5,100000,44,0.00044,118,0.00118
-25,-23,0,100000,49,0.00049,110,0.0011
-25,-23,1,100000,65,0.00065,132,0.00132
-25,-23,2,100000,66,0.00066,136,0.00136
-25,-23,3,100000,80,0.0008,128,0.00128
-25,-23,4,100000,66,0.00066,133,0.00133
-25,-23,5,100000,57,0.00057,107,0.00107
-25,-22,0,100000,56,0.00056,118,0.00118
-25,-22,1,100000,89,0.00089,125,0.00125
-25,-22,2,100000,49,0.00049,128,0.00128
-25,-22,3,100000,85,0.00085,162,0.00162
-25,-22,4,100000,70,0.0007,134,0.00134
-25,-22,5,100000,53,0.00053,124,0.00124
-25,-21,0,100000,48,0.00048,110,0.0011
-25,-21,1,100000,58,0.00058,111,0.00111
-25,-21,2,100000,63,0.00063,144,0.00144
-25,-21,3,100000,75,0.00075,164,0.00164
-25,-21,4,100000,80,0.0008,154,0.00154
-25,-21,5,100000,46,0.00046,107,0.00107
-25,-20,0,100000,33,0.00033,87,0.00087
-25,-20,1,100000,33,0.00033,109,0.00109
-25,-20,2,100000,85,0.00085,161,0.00161
-25,-20,3,100000,74,0.00074,147,0.00147
-25,-20,4,100000,59,0.00059,124,0.00124
-25,-20,5,100000,51,0.00051,110,0.0011
-25,-19,0,100000,54,0.00054,116,0.00116
-25,-19,1,100000,61,0.00061,119,0.00119
-25,-19,2,100000,77,0.00077,136,0.00136
-25,-19,3,100000,56,0.00056,144,0.00144
-25,-19,4,100000,77,0.00077,139,0.00139
-25,-19,5,100000,30,0.0003,99,0.00099
-25,-18,0,100000,40,0.0004,99,0.00099
-25,-18,1,100000,66,0.00066,112,0.00112
-25,-18,2,100000,58,0.00058,119,0.00119
-25,-18,3,100000,74,0.00074,131,0.00131
-25,-18,4,100000,75,0.00075,137,0.00137
-25,-18,5,100000,57,0.00057,106,0.00106
-25,-17,0,100000,50,0.0005,103,0.00103
-25,-17,1,100000,72,0.00072,117,0.00117
-25,-17,2,100000,75,0.00075,149,0.00149
-25,-17,3,100000,65,0.00065,134,0.00134
-25,-17,4,100000,74,0.00074,142,0.00142
-25,-17,5,100000,39,0.00039,122,0.00122
-25,-16,0,100000,52,0.00052,92,0.00092
-25,-16,1,100000,68,0.00068,117,0.00117
-25,-16,2,100000,70,0.0007,155,0.00155
-25,-16,3,100000,78,0.00078,160,0.0016
-25,-16,4,100000,47,0.00047,143,0.00143
-25,-16,5,100000,77,0.00077,122,0.00122
-25,-15,0,100000,59,0.00059,109,0.00109
-25,-15,1,100000,33,0.00033,92,0.00092
-25,-15,2,100000,52,0.00052,134,0.00134
-25,-15,3,100000,63,0.00063,159,0.00159
-25,-15,4,100000,55,0.00055,142,0.00142
-25,-15,5,100000,45,0.00045,118,0.00118
-25,-14,0,100000,55,0.00055,123,0.00123
-25,-14,1,100000,65,0.00065,118,0.00118
-25,-14,2,100000,87,0.00087,153,0.00153
-25,-14,3,100000,64,0.00064,162,0.00162
-25,-14,4,100000,73,0.00073,152,0.00152
-25,-14,5,100000,71,0.00071,111,0.00111
-25,-13,0,100000,40,0.0004,110,0.0011
-25,-13,1,100000,66,0.00066,126,0.00126
-25,-13,2,100000,70,0.0007,141,0.00141
-25,-13,3,100000,62,0.00062,131,0.00131
-25,-13,4,100000,64,0.00064,153,0.00153
-25,-13,5,100000,56,0.00056,100,0.001
-25,-12,0,100000,23,0.00023,77,0.00077
-25,-12,1,100000,57,0.00057,116,0.00116
-25,-12,2,100000,55,0.00055,138,0.00138
-25,-12,3,100000,62,0.00062,159,0.00159
-25,-12,4,100000,54,0.00054,137,0.00137
-25,-12,5,100000,72,0.00072,141,0.00141
-25,-11,0,100000,54,0.00054,123,0.00123
-25,-11,1,100000,61,0.00061,130,0.0013
-25,-11,2,100000,57,0.00057,131,0.00131
-25,-11,3,100000,69,0.00069,144,0.00144
-25,-11,4,100000,86,0.00086,131,0.00131
-25,-11,5,100000,55,0.00055,114,0.00114
-25,-10,0,100000,52,0.00052,110,0.0011
-25,-10,1,100000,77,0.00077,117,0.00117
-25,-10,2,100000,82,0.00082,160,0.0016
-25,-10,3,100000,80,0.0008,170,0.0017
-25,-10,4,100000,69,0.00069,125,0.00125
-25,-10,5,100000,31,0.00031,107,0.00107
-25,-9,0,100000,43,0.00043,96,0.00096
-25,-9,1,100000,59,0.00059,114,0.00114
-25,-9,2,100000,73,0.00073,133,0.00133
-25,-9,3,100000,71,0.00071,139,0.00139
-25,-9,4,100000,48,0.00048,146,0.00146
-25,-9,5,100000,70,0.0007,141,0.00141
-25,-8,0,100000,48,0.00048,120,0.0012
-25,-8,1,100000,55,0.00055,127,0.00127
-25,-8,2,100000,79,0.00079,172,0.00172
-25,-8,3,100000,56,0.00056,136,0.00136
-25,-8,4,100000,49,0.00049,129,0.00129
-25,-8,5,100000,39,0.00039,102,0.00102
-25,-7,0,100000,41,0.00041,92,0.00092
-25,-7,1,100000,50,0.0005,111,0.00111
-25,-7,2,100000,47,0.00047,144,0.00144
-25,-7,3,100000,75,0.00075,153,0.00153
-25,-7,4,100000,65,0.00065,131,0.00131
-25,-7,5,100000,57,0.00057,143,0.00143
-25,-6,0,100000,55,0.00055,112,0.00112
-25,-6,1,100000,58,0.00058,134,0.00134
-25,-6,2,100000,82,0.00082,155,0.00155
-25,-6,3,100000,66,0.00066,166,0.00166
-25,-6,4,100000,49,0.00049,139,0.00139
-25,-6,5,100000,63,0.00063,122,0.00122
-25,-5,0,100000,56,0.00056,103,0.00103
-25,-5,1,100000,64,0.00064,134,0.00134
-25,-5,2,100000,69,0.00069,142,0.00142
-25,-5,3,100000,62,0.00062,146,0.00146
-25,-5,4,100000,68,0.00068,143,0.00143
-25,-5,5,100000,65,0.00065,120,0.0012
-25,-4,0,100000,45,0.00045,90,0.0009
-25,-4,1,100000,52,0.00052,123,0.00123
-25,-4,2,100000,61,0.00061,135,0.00135
-25,-4,3,100000,96,0.00096,161,0.00161
-25,-4,4,100000,67,0.00067,146,0.00146
-25,-4,5,100000,53,0.00053,119,0.00119
-25,-3,0,100000,54,0.00054,102,0.00102
-25,-3,1,100000,71,0.00071,133,0.00133
-25,-3,2,100000,49,0.00049,140,0.0014
-25,-3,3,100000,90,0.0009,149,0.00149
-25,-3,4,100000,74,0.00074,117,0.00117
-25,-3,5,100000,79,0.00079,141,0.00141
-25,-2,0,100000,54,0.00054,107,0.00107
-25,-2,1,100000,50,0.0005,112,0.00112
-25,-2,2,100000,48,0.00048,119,0.00119
-25,-2,3,100000,47,0.00047,143,0.00143
-25,-2,4,100000,58,0.00058,148,0.00148
-25,-2,5,100000,65,0.00065,117,0.00117
-25,-1,0,100000,40,0.0004,94,0.00094
-25,-1,1,100000,54,0.00054,100,0.001
-25,-1,2,100000,57,0.00057,136,0.00136
-25,-1,3,100000,61,0.00061,144,0.00144
-25,-1,4,100000,56,0.00056,154,0.00154
-25,-1,5,100000,38,0.00038,96,0.00096
-25,0,0,100000,47,0.00047,98,0.00098
-25,0,1,100000,54,0.00054,102,0.00102
-25,0,2,100000,77,0.00077,148,0.00148
-25,0,3,100000,65,0.00065,154,0.00154
-25,0,4,100000,67,0.00067,146,0.00146
-25,0,5,100000,65,0.00065,113,0.00113
-25,1,0,100000,60,0.0006,105,0.00105
-25,1,1,100000,56,0.00056,121,0.00121
-25,1,2,100000,61,0.00061,122,0.00122
-25,1,3,100000,65,0.00065,128,0.00128
-25,1,4,100000,54,0.00054,129,0.00129
-25,1,5,100000,48,0.00048,121,0.00121
-25,2,0,100000,44,0.00044,90,0.0009
-25,2,1,100000,60,0.0006,130,0.0013
-25,2,2,100000,68,0.00068,150,0.0015
-25,2,3,100000,54,0.00054,147,0.00147
-25,2,4,100000,67,0.00067,138,0.00138
-25,2,5,100000,56,0.00056,124,0.00124
-25,3,0,100000,60,0.0006,117,0.00117
-25,3,1,100000,67,0.00067,123,0.00123
-25,3,2,100000,47,0.00047,123,0.00123
-25,3,3,100000,71,0.00071,140,0.0014
-25,3,4,100000,61,0.00061,135,0.00135
-25,3,5,100000,76,0.00076,131,0.00131
-25,4,0,100000,40,0.0004,97,0.00097
-25,4,1,100000,27,0.00027,103,0.00103
-25,4,2,100000,70,0.0007,141,0.00141
-25,4,3,100000,55,0.00055,143,0.00143
-25,4,4,100000,57,0.00057,132,0.00132
-25,4,5,100000,49,0.00049,124,0.00124
-25,5,0,100000,52,0.00052,96,0.00096
-25,5,1,100000,55,0.00055,125,0.00125
-25,5,2,100000,61,0.00061,147,0.00147
-25,5,3,100000,67,0.00067,148,0.00148
-25,5,4,100000,70,0.0007,155,0.00155
-25,5,5,100000,65,0.00065,124,0.00124
-25,6,0,100000,32,0.00032,98,0.00098
-25,6,1,100000,63,0.00063,124,0.00124
-25,6,2,100000,89,0.00089,156,0.00156
-25,6,3,100000,68,0.00068,140,0.0014
-25,6,4,100000,84,0.00084,135,0.00135
-25,6,5,100000,58,0.00058,130,0.0013
-25,7,0,100000,61,0.00061,103,0.00103
-25,7,1,100000,60,0.0006,107,0.00107
-25,7,2,100000,62,0.00062,139,0.00139
-25,7,3,100000,61,0.00061,152,0.00152
-25,7,4,100000,79,0.00079,155,0.00155
-25,7,5,100000,53,0.00053,122,0.00122
-25,8,0,100000,37,0.00037,94,0.00094
-25,8,1,100000,51,0.00051,127,0.00127
-25,8,2,100000,61,0.00061,149,0.00149
-25,8,3,100000,65,0.00065,150,0.0015
-25,8,4,100000,71,0.00071,127,0.00127
-25,8,5,100000,63,0.00063,120,0.0012
-25,9,0,100000,27,0.00027,100,0.001
-25,9,1,100000,63,0.00063,123,0.00123
-25,9,2,100000,74,0.00074,152,0.00152
-25,9,3,100000,60,0.0006,146,0.00146
-25,9,4,100000,55,0.00055,121,0.00121
-25,9,5,100000,44,0.00044,89,0.00089
-25,10,0,100000,29,0.00029,103,0.00103
-25,10,1,100000,67,0.00067,109,0.00109
-25,10,2,100000,61,0.00061,143,0.00143
-25,10,3,100000,69,0.00069,174,0.00174
-25,10,4,100000,62,0.00062,133,0.00133
-25,10,5,100000,62,0.00062,145,0.00145
-25,11,0,100000,42,0.00042,80,0.0008
-25,11,1,100000,61,0.00061,130,0.0013
-25,11,2,100000,68,0.00068,140,0.0014
-25,11,3,100000,76,0.00076,145,0.00145
-25,11,4,100000,48,0.00048,114,0.00114
-25,11,5,100000,71,0.00071,125,0.00125
-25,12,0,100000,70,0.0007,107,0.00107
-25,12,1,100000,66,0.00066,98,0.00098
-25,12,2,100000,58,0.00058,146,0.00146
-25,12,3,100000,61,0.00061,146,0.00146
-25,12,4,100000,53,0.00053,140,0.0014
-25,12,5,100000,48,0.00048,126,0.00126
-25,13,0,100000,51,0.00051,103,0.00103
-25,13,1,100000,45,0.00045,126,0.00126
-25,13,2,100000,51,0.00051,128,0.00128
-25,13,3,100000,65,0.00065,133,0.00133
-25,13,4,100000,85,0.00085,148,0.00148
-25,13,5,100000,62,0.00062,131,0.00131
-25,14,0,100000,43,0.00043,98,0.00098
-25,14,1,100000,58,0.00058,128,0.00128
-25,14,2,100000,66,0.00066,149,0.00149
-25,14,3,100000,76,0.00076,141,0.00141
-25,14,4,100000,57,0.00057,133,0.00133
-25,14,5,100000,47,0.00047,111,0.00111
-25,15,0,100000,44,0.00044,91,0.00091
-25,15,1,100000,45,0.00045,121,0.00121
-25,15,2,100000,61,0.00061,140,0.0014
-25,15,3,100000,70,0.0007,135,0.00135
-25,15,4,100000,66,0.00066,152,0.00152
-25,15,5,100000,63,0.00063,117,0.00117
-25,16,0,100000,35,0.00035,108,0.00108
-25,16,1,100000,69,0.00069,117,0.00117
-25,16,2,100000,85,0.00085,162,0.00162
-25,16,3,100000,85,0.00085,157,0.00157
-25,16,4,100000,70,0.0007,159,0.00159
-25,16,5,100000,59,0.00059,109,0.00109
-25,17,0,100000,41,0.00041,108,0.00108
-25,17,1,100000,61,0.00061,117,0.00117
-25,17,2,100000,54,0.00054,140,0.0014
-25,17,3,100000,58,0.00058,134,0.00134
-25,17,4,100000,75,0.00075,133,0.00133
-25,17,5,100000,43,0.00043,121,0.00121
-25,18,0,100000,49,0.00049,99,0.00099
-25,18,1,100000,68,0.00068,117,0.00117
-25,18,2,100000,60,0.0006,154,0.00154
-25,18,3,100000,61,0.00061,142,0.00142
-25,18,4,100000,73,0.00073,160,0.0016
-25,18,5,100000,55,0.00055,108,0.00108
-25,19,0,100000,47,0.00047,105,0.00105
-25,19,1,100000,67,0.00067,137,0.00137
-25,19,2,100000,57,0.00057,119,0.00119
-25,19,3,100000,70,0.0007,165,0.00165
-25,19,4,100000,65,0.00065,137,0.00137
-25,19,5,100000,50,0.0005,105,0.00105
-25,20,0,100000,31,0.00031,101,0.00101
-25,20,1,100000,51,0.00051,113,0.00113
-25,20,2,100000,63,0.00063,136,0.00136
-25,20,3,100000,86,0.00086,167,0.00167
-25,20,4,100000,74,0.00074,159,0.00159
-25,20,5,100000,41,0.00041,114,0.00114
-25,21,0,100000,36,0.00036,101,0.00101
-25,21,1,100000,45,0.00045,119,0.00119
-25,21,2,100000,53,0.00053,125,0.00125
-25,21,3,100000,96,0.00096,172,0.00172
-25,21,4,100000,57,0.00057,137,0.00137
-25,21,5,100000,47,0.00047,114,0.00114
-25,22,0,100000,74,0.00074,114,0.00114
-25,22,1,100000,61,0.00061,132,0.00132
-25,22,2,100000,54,0.00054,142,0.00142
-25,22,3,100000,64,0.00064,152,0.00152
-25,22,4,100000,69,0.00069,133,0.00133
-25,22,5,100000,46,0.00046,115,0.00115
-25,23,0,100000,53,0.00053,112,0.00112
-25,23,1,100000,48,0.00048,118,0.00118
-25,23,2,100000,69,0.00069,143,0.00143
-25,23,3,100000,80,0.0008,160,0.0016
-25,23,4,100000,74,0.00074,167,0.00167
-25,23,5,100000,78,0.00078,115,0.00115
-25,24,0,100000,46,0.00046,105,0.00105
-25,24,1,100000,56,0.00056,146,0.00146
-25,24,2,100000,58,0.00058,140,0.0014
-25,24,3,100000,93,0.00093,165,0.00165
-25,24,4,100000,55,0.00055,142,0.00142
-25,24,5,100000,59,0.00059,115,0.00115
-25,25,0,100000,75,0.00075,105,0.00105
-25,25,1,100000,55,0.00055,116,0.00116
-25,25,2,100000,53,0.00053,140,0.0014
-25,25,3,100000,60,0.0006,151,0.00151
-25,25,4,100000,61,0.00061,136,0.00136
-25,25,5,100000,64,0.00064,124,0.00124
-25,26,0,100000,66,0.00066,108,0.00108
-25,26,1,100000,52,0.00052,123,0.00123
-25,26,2,100000,47,0.00047,140,0.0014
-25,26,3,100000,89,0.00089,165,0.00165
-25,26,4,100000,59,0.00059,146,0.00146
-25,26,5,100000,50,0.0005,106,0.00106
-25,27,0,100000,62,0.00062,122,0.00122
-25,27,1,100000,70,0.0007,123,0.00123
-25,27,2,100000,83,0.00083,157,0.00157
-25,27,3,100000,64,0.00064,146,0.00146
-25,27,4,100000,64,0.00064,137,0.00137
-25,27,5,100000,48,0.00048,104,0.00104
-25,28,0,100000,33,0.00033,94,0.00094
-25,28,1,100000,59,0.00059,112,0.00112
-25,28,2,100000,81,0.00081,148,0.00148
-25,28,3,100000,105,0.00105,152,0.00152
-25,28,4,100000,73,0.00073,104,0.00104
-25,28,5,100000,46,0.00046,127,0.00127
-25,29,0,100000,46,0.00046,112,0.00112
-25,29,1,100000,58,0.00058,117,0.00117
-25,29,2,100000,69,0.00069,124,0.00124
-25,29,3,100000,47,0.00047,136,0.00136
-25,29,4,100000,63,0.00063,148,0.00148
-25,29,5,100000,68,0.00068,115,0.00115
-25,30,0,100000,32,0.00032,91,0.00091
-25,30,1,100000,45,0.00045,125,0.00125
-25,30,2,100000,60,0.0006,154,0.00154
-25,30,3,100000,73,0.00073,149,0.00149
-25,30,4,100000,71,0.00071,149,0.00149
-25,30,5,100000,58,0.00058,112,0.00112
-25,31,0,100000,36,0.00036,118,0.00118
-25,31,1,100000,41,0.00041,121,0.00121
-25,31,2,100000,69,0.00069,131,0.00131
-25,31,3,100000,59,0.00059,154,0.00154
-25,31,4,100000,76,0.00076,125,0.00125
-25,31,5,100000,73,0.00073,139,0.00139
-25,32,0,100000,44,0.00044,108,0.00108
-25,32,1,100000,76,0.00076,129,0.00129
-25,32,2,100000,70,0.0007,139,0.00139
-25,32,3,100000,65,0.00065,148,0.00148
-25,32,4,100000,65,0.00065,146,0.00146
-25,32,5,100000,50,0.0005,111,0.00111
-25,33,0,100000,69,0.00069,117,0.00117
-25,33,1,100000,36,0.00036,99,0.00099
-25,33,2,100000,68,0.00068,140,0.0014
-25,33,3,100000,67,0.00067,165,0.00165
-25,33,4,100000,45,0.00045,145,0.00145
-25,33,5,100000,60,0.0006,104,0.00104
-25,34,0,100000,51,0.00051,96,0.00096
-25,34,1,100000,64,0.00064,113,0.00113
-25,34,2,100000,58,0.00058,134,0.00134
-25,34,3,100000,59,0.00059,140,0.0014
-25,34,4,100000,62,0.00062,145,0.00145
-25,34,5,100000,54,0.00054,119,0.00119
-25,35,0,100000,41,0.00041,107,0.00107
-25,35,1,100000,50,0.0005,124,0.00124
-25,35,2,100000,75,0.00075,141,0.00141
-25,35,3,100000,65,0.00065,151,0.00151
-25,35,4,100000,87,0.00087,153,0.00153
-25,35,5,100000,70,0.0007,130,0.0013
-25,36,0,100000,55,0.00055,116,0.00116
-25,36,1,100000,54,0.00054,109,0.00109
-25,36,2,100000,73,0.00073,142,0.00142
-25,36,3,100000,69,0.00069,128,0.00128
-25,36,4,100000,65,0.00065,150,0.0015
-25,36,5,100000,50,0.0005,120,0.0012
-25,37,0,100000,29,0.00029,103,0.00103
-25,37,1,100000,59,0.00059,104,0.00104
-25,37,2,100000,81,0.00081,115,0.00115
-25,37,3,100000,68,0.00068,145,0.00145
-25,37,4,100000,50,0.0005,116,0.00116
-25,37,5,100000,37,0.00037,102,0.00102
-25,38,0,100000,55,0.00055,120,0.0012
-25,38,1,100000,63,0.00063,119,0.00119
-25,38,2,100000,35,0.00035,112,0.00112
-25,38,3,100000,49,0.00049,119,0.00119
-25,38,4,100000,57,0.00057,116,0.00116
-25,38,5,100000,75,0.00075,105,0.00105
-25,39,0,100000,52,0.00052,104,0.00104
-25,39,1,100000,60,0.0006,98,0.00098
-25,39,2,100000,57,0.00057,115,0.00115
-25,39,3,100000,54,0.00054,108,0.00108
-25,39,4,100000,54,0.00054,139,0.00139
-25,39,5,100000,46,0.00046,95,0.00095
-25,40,0,100000,38,0.00038,84,0.00084
-25,40,1,100000,58,0.00058,118,0.00118
-25,40,2,100000,40,0.0004,98,0.00098
-25,40,3,100000,62,0.00062,110,0.0011
-25,40,4,100000,38,0.00038,104,0.00104
-25,40,5,100000,45,0.00045,105,0.00105
-25,41,0,100000,45,0.00045,91,0.00091
-25,41,1,100000,39,0.00039,89,0.00089
-25,41,2,100000,30,0.0003,110,0.0011
-25,41,3,100000,49,0.00049,112,0.00112
-25,41,4,100000,35,0.00035,103,0.00103
-25,41,5,100000,55,0.00055,89,0.00089
-25,42,0,100000,57,0.00057,86,0.00086
-25,42,1,100000,43,0.00043,76,0.00076
-25,42,2,100000,46,0.00046,94,0.00094
-25,42,3,100000,42,0.00042,86,0.00086
-25,42,4,100000,38,0.00038,87,0.00087
-25,42,5,100000,20,0.0002,63,0.00063
-25,43,0,100000,31,0.00031,99,0.00099
-25,43,1,100000,61,0.00061,80,0.0008
-25,43,2,100000,38,0.00038,85,0.00085
-25,43,3,100000,34,0.00034,87,0.00087
-25,43,4,100000,49,0.00049,79,0.00079
-25,43,5,100000,44,0.00044,90,0.0009
-25,44,0,100000,32,0.00032,64,0.00064
-25,44,1,100000,25,0.00025,68,0.00068
-25,44,2,100000,49,0.00049,94,0.00094
-25,44,3,100000,28,0.00028,75,0.00075
-25,44,4,100000,26,0.00026,73,0.00073
-25,44,5,100000,34,0.00034,67,0.00067
-25,45,0,100000,29,0.00029,63,0.00063
-25,45,1,100000,42,0.00042,80,0.0008
-25,45,2,100000,51,0.00051,83,0.00083
-25,45,3,100000,19,0.00019,75,0.00075
-25,45,4,100000,36,0.00036,81,0.00081
-25,45,5,100000,41,0.00041,92,0.00092
-25,46,0,100000,18,0.00018,62,0.00062
-25,46,1,100000,34,0.00034,81,0.00081
-25,46,2,100000,37,0.00037,86,0.00086
-25,46,3,100000,26,0.00026,65,0.00065
-25,46,4,100000,22,0.00022,53,0.00053
-25,46,5,100000,30,0.0003,74,0.00074
-25,47,0,100000,26,0.00026,72,0.00072
-25,47,1,100000,42,0.00042,77,0.00077
-25,47,2,100000,30,0.0003,70,0.0007
-25,47,3,100000,40,0.0004,89,0.00089
-25,47,4,100000,29,0.00029,64,0.00064
-25,47,5,100000,34,0.00034,73,0.00073
-25,48,0,100000,17,0.00017,77,0.00077
-25,48,1,100000,25,0.00025,73,0.00073
-25,48,2,100000,33,0.00033,76,0.00076
-25,48,3,100000,12,0.00012,66,0.00066
-25,48,4,100000,28,0.00028,65,0.00065
-25,48,5,100000,30,0.0003,70,0.0007
-25,49,0,100000,13,0.00013,53,0.00053
-25,49,1,100000,16,0.00016,63,0.00063
-25,49,2,100000,45,0.00045,61,0.00061
-25,49,3,100000,17,0.00017,74,0.00074
-25,49,4,100000,28,0.00028,75,0.00075
-25,49,5,100000,22,0.00022,63,0.00063
-25,50,0,100000,36,0.00036,70,0.0007
-25,50,1,100000,25,0.00025,88,0.00088
-25,50,2,100000,41,0.00041,95,0.00095
-25,50,3,100000,23,0.00023,95,0.00095
-25,50,4,100000,31,0.00031,61,0.00061
-25,50,5,100000,64,0.00064,82,0.00082
-24,-50,0,100000,34,0.00034,82,0.00082
-24,-50,1,100000,20,0.0002,66,0.00066
-24,-50,2,100000,21,0.00021,59,0.00059
-24,-50,3,100000,31,0.00031,70,0.0007
-24,-50,4,100000,30,0.0003,80,0.0008
-24,-50,5,100000,38,0.00038,78,0.00078
-24,-49,0,100000,25,0.00025,71,0.00071
-24,-49,1,100000,44,0.00044,79,0.00079
-24,-49,2,100000,44,0.00044,68,0.00068
-24,-49,3,100000,21,0.00021,69,0.00069
-24,-49,4,100000,37,0.00037,84,0.00084
-24,-49,5,100000,27,0.00027,82,0.00082
-24,-48,0,100000,27,0.00027,70,0.0007
-24,-48,1,100000,20,0.0002,66,0.00066
-24,-48,2,100000,20,0.0002,55,0.00055
-24,-48,3,100000,25,0.00025,61,0.00061
-24,-48,4,100000,24,0.00024,75,0.00075
-24,-48,5,100000,29,0.00029,72,0.00072
-24,-47,0,100000,30,0.0003,85,0.00085
-24,-47,1,100000,39,0.00039,83,0.00083
-24,-47,2,100000,34,0.00034,69,0.00069
-24,-47,3,100000,32,0.00032,79,0.00079
-24,-47,4,100000,42,0.00042,83,0.00083
-24,-47,5,100000,40,0.0004,80,0.0008
-24,-46,0,100000,48,0.00048,79,0.00079
-24,-46,1,100000,26,0.00026,66,0.00066
-24,-46,2,100000,30,0.0003,72,0.00072
-24,-46,3,100000,27,0.00027,69,0.00069
-24,-46,4,100000,18,0.00018,73,0.00073
-24,-46,5,100000,41,0.00041,72,0.00072
-24,-45,0,100000,30,0.0003,80,0.0008
-24,-45,1,100000,38,0.00038,80,0.0008
-24,-45,2,100000,35,0.00035,80,0.0008
-24,-45,3,100000,18,0.00018,82,0.00082
-24,-45,4,100000,31,0.00031,103,0.00103
-24,-45,5,100000,27,0.00027,86,0.00086
-24,-44,0,100000,48,0.00048,90,0.0009
-24,-44,1,100000,27,0.00027,78,0.00078
-24,-44,2,100000,34,0.00034,76,0.00076
-24,-44,3,100000,52,0.00052,89,0.00089
-24,-44,4,100000,30,0.0003,88,0.00088
-24,-44,5,100000,37,0.00037,86,0.00086
-24,-43,0,100000,42,0.00042,97,0.00097
-24,-43,1,100000,24,0.00024,83,0.00083
-24,-43,2,100000,27,0.00027,89,0.00089
-24,-43,3,100000,45,0.00045,93,0.00093
-24,-43,4,100000,54,0.00054,92,0.00092
-24,-43,5,100000,48,0.00048,89,0.00089
-24,-42,0,100000,53,0.00053,87,0.00087
-24,-42,1,100000,46,0.00046,85,0.00085
-24,-42,2,100000,35,0.00035,73,0.00073
-24,-42,3,100000,51,0.00051,100,0.001
-24,-42,4,100000,43,0.00043,98,0.00098
-24,-42,5,100000,39,0.00039,83,0.00083
-24,-41,0,100000,30,0.0003,67,0.00067
-24,-41,1,100000,43,0.00043,85,0.00085
-24,-41,2,100000,38,0.00038,106,0.00106
-24,-41,3,100000,44,0.00044,121,0.00121
-24,-41,4,100000,43,0.00043,99,0.00099
-24,-41,5,100000,51,0.00051,111,0.00111
-24,-40,0,100000,40,0.0004,84,0.00084
-24,-40,1,100000,28,0.00028,86,0.00086
-24,-40,2,100000,58,0.00058,113,0.00113
-24,-40,3,100000,57,0.00057,116,0.00116
-24,-40,4,100000,41,0.00041,110,0.0011
-24,-40,5,100000,55,0.00055,102,0.00102
-24,-39,0,100000,31,0.00031,79,0.00079
-24,-39,1,100000,49,0.00049,119,0.00119
-24,-39,2,100000,53,0.00053,119,0.00119
-24,-39,3,100000,67,0.00067,150,0.0015
-24,-39,4,100000,61,0.00061,129,0.00129
-24,-39,5,100000,49,0.00049,99,0.00099
-24,-38,0,100000,53,0.00053,106,0.00106
-24,-38,1,100000,40,0.0004,114,0.00114
-24,-38,2,100000,61,0.00061,137,0.00137
-24,-38,3,100000,81,0.00081,152,0.00152
-24,-38,4,100000,74,0.00074,153,0.00153
-24,-38,5,100000,54,0.00054,125,0.00125
-24,-37,0,100000,73,0.00073,116,0.00116
-24,-37,1,100000,41,0.00041,133,0.00133
-24,-37,2,100000,74,0.00074,144,0.00144
-24,-37,3,100000,73,0.00073,157,0.00157
-24,-37,4,100000,61,0.00061,146,0.00146
-24,-37,5,100000,63,0.00063,138,0.00138
-24,-36,0,100000,52,0.00052,120,0.0012
-24,-36,1,100000,68,0.00068,140,0.0014
-24,-36,2,100000,100,0.001,187,0.00187
-24,-36,3,100000,64,0.00064,159,0.00159
-24,-36,4,100000,96,0.00096,175,0.00175
-24,-36,5,100000,55,0.00055,135,0.00135
-24,-35,0,100000,51,0.00051,98,0.00098
-24,-35,1,100000,66,0.00066,133,0.00133
-24,-35,2,100000,66,0.00066,152,0.00152
-24,-35,3,100000,92,0.00092,172,0.00172
-24,-35,4,100000,63,0.00063,140,0.0014
-24,-35,5,100000,72,0.00072,141,0.00141
-24,-34,0,100000,42,0.00042,115,0.00115
-24,-34,1,100000,59,0.00059,141,0.00141
-24,-34,2,100000,95,0.00095,166,0.00166
-24,-34,3,100000,100,0.001,186,0.00186
-24,-34,4,100000,67,0.00067,156,0.00156
-24,-34,5,100000,83,0.00083,141,0.00141
-24,-33,0,100000,43,0.00043,100,0.001
-24,-33,1,100000,52,0.00052,135,0.00135
-24,-33,2,100000,82,0.00082,165,0.00165
-24,-33,3,100000,60,0.0006,167,0.00167
-24,-33,4,100000,61,0.00061,163,0.00163
-24,-33,5,100000,55,0.00055,135,0.00135
-24,-32,0,100000,57,0.00057,127,0.00127
-24,-32,1,100000,83,0.00083,130,0.0013
-24,-32,2,100000,66,0.00066,166,0.00166
-24,-32,3,100000,91,0.00091,165,0.00165
-24,-32,4,100000,101,0.00101,175,0.00175
-24,-32,5,100000,69,0.00069,128,0.00128
-24,-31,0,100000,46,0.00046,109,0.00109
-24,-31,1,100000,53,0.00053,131,0.00131
-24,-31,2,100000,107,0.00107,179,0.00179
-24,-31,3,100000,69,0.00069,178,0.00178
-24,-31,4,100000,101,0.00101,196,0.00196
-24,-31,5,100000,69,0.00069,131,0.00131
-24,-30,0,100000,66,0.00066,132,0.00132
-24,-30,1,100000,74,0.00074,163,0.00163
-24,-30,2,100000,69,0.00069,185,0.00185
-24,-30,3,100000,86,0.00086,196,0.00196
-24,-30,4,100000,95,0.00095,172,0.00172
-24,-30,5,100000,59,0.00059,133,0.00133
-24,-29,0,100000,57,0.00057,126,0.00126
-24,-29,1,100000,58,0.00058,140,0.0014
-24,-29,2,100000,66,0.00066,160,0.0016
-24,-29,3,100000,72,0.00072,186,0.00186
-24,-29,4,100000,67,0.00067,161,0.00161
-24,-29,5,100000,51,0.00051,131,0.00131
-24,-28,0,100000,57,0.00057,116,0.00116
-24,-28,1,100000,89,0.00089,147,0.00147
-24,-28,2,100000,62,0.00062,144,0.00144
-24,-28,3,100000,69,0.00069,175,0.00175
-24,-28,4,100000,79,0.00079,163,0.00163
-24,-28,5,100000,75,0.00075,127,0.00127
-24,-27,0,100000,53,0.00053,128,0.00128
-24,-27,1,100000,61,0.00061,130,0.0013
-24,-27,2,100000,76,0.00076,166,0.00166
-24,-27,3,100000,111,0.00111,189,0.00189
-24,-27,4,100000,89,0.00089,157,0.00157
-24,-27,5,100000,44,0.00044,143,0.00143
-24,-26,0,100000,53,0.00053,112,0.00112
-24,-26,1,100000,82,0.00082,135,0.00135
-24,-26,2,100000,74,0.00074,167,0.00167
-24,-26,3,100000,90,0.0009,171,0.00171
-24,-26,4,100000,83,0.00083,175,0.00175
-24,-26,5,100000,62,0.00062,135,0.00135
-24,-25,0,100000,57,0.00057,124,0.00124
-24,-25,1,100000,60,0.0006,139,0.00139
-24,-25,2,100000,71,0.00071,160,0.0016
-24,-25,3,100000,94,0.00094,171,0.00171
-24,-25,4,100000,65,0.00065,156,0.00156
-24,-25,5,100000,57,0.00057,128,0.00128
-24,-24,0,100000,61,0.00061,101,0.00101
-24,-24,1,100000,56,0.00056,139,0.00139
-24,-24,2,100000,89,0.00089,169,0.00169
-24,-24,3,100000,93,0.00093,183,0.00183
-24,-24,4,100000,80,0.0008,188,0.00188
-24,-24,5,100000,41,0.00041,136,0.00136
-24,-23,0,100000,76,0.00076,128,0.00128
-24,-23,1,100000,87,0.00087,142,0.00142
-24,-23,2,100000,87,0.00087,159,0.00159
-24,-23,3,100000,88,0.00088,160,0.0016
-24,-23,4,100000,85,0.00085,180,0.0018
-24,-23,5,100000,48,0.00048,135,0.00135
-24,-22,0,100000,50,0.0005,119,0.00119
-24,-22,1,100000,90,0.0009,147,0.00147
-24,-22,2,100000,63,0.00063,157,0.00157
-24,-22,3,100000,92,0.00092,195,0.00195
-24,-22,4,100000,108,0.00108,179,0.00179
-24,-22,5,100000,74,0.00074,159,0.00159
-24,-21,0,100000,42,0.00042,109,0.00109
-24,-21,1,100000,60,0.0006,125,0.00125
-24,-21,2,100000,77,0.00077,174,0.00174
-24,-21,3,100000,73,0.00073,164,0.00164
-24,-21,4,100000,72,0.00072,158,0.00158
-24,-21,5,100000,61,0.00061,133,0.00133
-24,-20,0,100000,45,0.00045,123,0.00123
-24,-20,1,100000,65,0.00065,146,0.00146
-24,-20,2,100000,77,0.00077,163,0.00163
-24,-20,3,100000,68,0.00068,160,0.0016
-24,-20,4,100000,81,0.00081,163,0.00163
-24,-20,5,100000,73,0.00073,146,0.00146
-24,-19,0,100000,41,0.00041,97,0.00097
-24,-19,1,100000,74,0.00074,151,0.00151
-24,-19,2,100000,68,0.00068,159,0.00159
-24,-19,3,100000,91,0.00091,187,0.00187
-24,-19,4,100000,91,0.00091,165,0.00165
-24,-19,5,100000,80,0.0008,163,0.00163
-24,-18,0,100000,52,0.00052,112,0.00112
-24,-18,1,100000,50,0.0005,140,0.0014
-24,-18,2,100000,88,0.00088,188,0.00188
-24,-18,3,100000,77,0.00077,189,0.00189
-24,-18,4,100000,60,0.0006,158,0.00158
-24,-18,5,100000,55,0.00055,124,0.00124
-24,-17,0,100000,58,0.00058,125,0.00125
-24,-17,1,100000,71,0.00071,135,0.00135
-24,-17,2,100000,74,0.00074,169,0.00169
-24,-17,3,100000,93,0.00093,182,0.00182
-24,-17,4,100000,89,0.00089,158,0.00158
-24,-17,5,100000,80,0.0008,130,0.0013
-24,-16,0,100000,50,0.0005,134,0.00134
-24,-16,1,100000,78,0.00078,133,0.00133
-24,-16,2,100000,74,0.00074,172,0.00172
-24,-16,3,100000,98,0.00098,186,0.00186
-24,-16,4,100000,64,0.00064,187,0.00187
-24,-16,5,100000,69,0.00069,140,0.0014
-24,-15,0,100000,50,0.0005,103,0.00103
-24,-15,1,100000,65,0.00065,161,0.00161
-24,-15,2,100000,83,0.00083,178,0.00178
-24,-15,3,100000,83,0.00083,177,0.00177
-24,-15,4,100000,65,0.00065,166,0.00166
-24,-15,5,100000,69,0.00069,132,0.00132
-24,-14,0,100000,51,0.00051,110,0.0011
-24,-14,1,100000,50,0.0005,131,0.00131
-24,-14,2,100000,74,0.00074,149,0.00149
-24,-14,3,100000,78,0.00078,171,0.00171
-24,-14,4,100000,64,0.00064,165,0.00165
-24,-14,5,100000,62,0.00062,121,0.00121
-24,-13,0,100000,55,0.00055,127,0.00127
-24,-13,1,100000,60,0.0006,135,0.00135
-24,-13,2,100000,67,0.00067,149,0.00149
-24,-13,3,100000,97,0.00097,194,0.00194
-24,-13,4,100000,99,0.00099,182,0.00182
-24,-13,5,100000,80,0.0008,155,0.00155
-24,-12,0,100000,46,0.00046,100,0.001
-24,-12,1,100000,77,0.00077,135,0.00135
-24,-12,2,100000,71,0.00071,166,0.00166
-24,-12,3,100000,85,0.00085,174,0.00174
-24,-12,4,100000,57,0.00057,143,0.00143
-24,-12,5,100000,56,0.00056,128,0.00128
-24,-11,0,100000,45,0.00045,132,0.00132
-24,-11,1,100000,38,0.00038,119,0.00119
-24,-11,2,100000,80,0.0008,157,0.00157
-24,-11,3,100000,85,0.00085,178,0.00178
-24,-11,4,100000,72,0.00072,155,0.00155
-24,-11,5,100000,81,0.00081,150,0.0015
-24,-10,0,100000,69,0.00069,127,0.00127
-24,-10,1,100000,69,0.00069,149,0.00149
-24,-10,2,100000,65,0.00065,145,0.00145
-24,-10,3,100000,104,0.00104,195,0.00195
-24,-10,4,100000,76,0.00076,159,0.00159
-24,-10,5,100000,61,0.00061,144,0.00144
-24,-9,0,100000,48,0.00048,123,0.00123
-24,-9,1,100000,61,0.00061,140,0.0014
-24,-9,2,100000,80,0.0008,162,0.00162
-24,-9,3,100000,73,0.00073,174,0.00174
-24,-9,4,100000,92,0.00092,191,0.00191
-24,-9,5,100000,58,0.00058,132,0.00132
-24,-8,0,100000,73,0.00073,126,0.00126
-24,-8,1,100000,73,0.00073,134,0.00134
-24,-8,2,100000,68,0.00068,165,0.00165
-24,-8,3,100000,105,0.00105,183,0.00183
-24,-8,4,100000,61,0.00061,147,0.00147
-24,-8,5,100000,69,0.00069,145,0.00145
-24,-7,0,100000,46,0.00046,102,0.00102
-24,-7,1,100000,39,0.00039,119,0.00119
-24,-7,2,100000,77,0.00077,149,0.00149
-24,-7,3,100000,70,0.0007,174,0.00174
-24,-7,4,100000,83,0.00083,192,0.00192
-24,-7,5,100000,75,0.00075,144,0.00144
-24,-6,0,100000,43,0.00043,109,0.00109
-24,-6,1,100000,67,0.00067,136,0.00136
-24,-6,2,100000,81,0.00081,184,0.00184
-24,-6,3,100000,69,0.00069,167,0.00167
-24,-6,4,100000,95,0.00095,183,0.00183
-24,-6,5,100000,65,0.00065,119,0.00119
-24,-5,0,100000,63,0.00063,120,0.0012
-24,-5,1,100000,64,0.00064,131,0.00131
-24,-5,2,100000,79,0.00079,160,0.0016
-24,-5,3,100000,95,0.00095,189,0.00189
-24,-5,4,100000,118,0.00118,194,0.00194
-24,-5,5,100000,71,0.00071,154,0.00154
-24,-4,0,100000,49,0.00049,102,0.00102
-24,-4,1,100000,93,0.00093,148,0.00148
-24,-4,2,100000,88,0.00088,183,0.00183
-24,-4,3,100000,59,0.00059,177,0.00177
-24,-4,4,100000,97,0.00097,176,0.00176
-24,-4,5,100000,66,0.00066,145,0.00145
-24,-3,0,100000,61,0.00061,117,0.00117
-24,-3,1,100000,65,0.00065,129,0.00129
-24,-3,2,100000,83,0.00083,167,0.00167
-24,-3,3,100000,68,0.00068,151,0.00151
-24,-3,4,100000,74,0.00074,164,0.00164
-24,-3,5,100000,45,0.00045,107,0.00107
-24,-2,0,100000,52,0.00052,124,0.00124
-24,-2,1,100000,67,0.00067,133,0.00133
-24,-2,2,100000,81,0.00081,183,0.00183
-24,-2,3,100000,90,0.0009,194,0.00194
-24,-2,4,100000,77,0.00077,185,0.00185
-24,-2,5,100000,87,0.00087,146,0.00146
-24,-1,0,100000,44,0.00044,106,0.00106
-24,-1,1,100000,64,0.00064,152,0.00152
-24,-1,2,100000,68,0.00068,161,0.00161
-24,-1,3,100000,95,0.00095,160,0.0016
-24,-1,4,100000,97,0.00097,192,0.00192
-24,-1,5,100000,63,0.00063,120,0.0012
-24,0,0,100000,59,0.00059,127,0.00127
-24,0,1,100000,62,0.00062,132,0.00132
-24,0,2,100000,91,0.00091,177,0.00177
-24,0,3,100000,78,0.00078,167,0.00167
-24,0,4,100000,71,0.00071,161,0.00161
-24,0,5,100000,55,0.00055,131,0.00131
-24,1,0,100000,54,0.00054,121,0.00121
-24,1,1,100000,59,0.00059,131,0.00131
-24,1,2,100000,72,0.00072,145,0.00145
-24,1,3,100000,96,0.00096,191,0.00191
-24,1,4,100000,65,0.00065,140,0.0014
-24,1,5,100000,59,0.00059,123,0.00123
-24,2,0,100000,50,0.0005,134,0.00134
-24,2,1,100000,61,0.00061,158,0.00158
-24,2,2,100000,83,0.00083,160,0.0016
-24,2,3,100000,76,0.00076,187,0.00187
-24,2,4,100000,77,0.00077,179,0.00179
-24,2,5,100000,71,0.00071,128,0.00128
-24,3,0,100000,41,0.00041,128,0.00128
-24,3,1,100000,72,0.00072,127,0.00127
-24,3,2,100000,69,0.00069,157,0.00157
-24,3,3,100000,91,0.00091,176,0.00176
-24,3,4,100000,87,0.00087,162,0.00162
-24,3,5,100000,44,0.00044,117,0.00117
-24,4,0,100000,41,0.00041,106,0.00106
-24,4,1,100000,64,0.00064,132,0.00132
-24,4,2,100000,114,0.00114,196,0.00196
-24,4,3,100000,78,0.00078,182,0.00182
-24,4,4,100000,63,0.00063,164,0.00164
-24,4,5,100000,53,0.00053,129,0.00129
-24,5,0,100000,56,0.00056,123,0.00123
-24,5,1,100000,68,0.00068,151,0.00151
-24,5,2,100000,96,0.00096,179,0.00179
-24,5,3,100000,89,0.00089,184,0.00184
-24,5,4,100000,108,0.00108,184,0.00184
-24,5,5,100000,69,0.00069,134,0.00134
-24,6,0,100000,58,0.00058,106,0.00106
-24,6,1,100000,81,0.00081,150,0.0015
-24,6,2,100000,92,0.00092,157,0.00157
-24,6,3,100000,89,0.00089,193,0.00193
-24,6,4,100000,83,0.00083,154,0.00154
-24,6,5,100000,54,0.00054,113,0.00113
-24,7,0,100000,71,0.00071,139,0.00139
-24,7,1,100000,89,0.00089,146,0.00146
-24,7,2,100000,80,0.0008,160,0.0016
-24,7,3,100000,123,0.00123,193,0.00193
-24,7,4,100000,81,0.00081,169,0.00169
-24,7,5,100000,47,0.00047,137,0.00137
-24,8,0,100000,61,0.00061,116,0.00116
-24,8,1,100000,81,0.00081,141,0.00141
-24,8,2,100000,87,0.00087,157,0.00157
-24,8,3,100000,84,0.00084,188,0.00188
-24,8,4,100000,79,0.00079,167,0.00167
-24,8,5,100000,58,0.00058,132,0.00132
-24,9,0,100000,63,0.00063,129,0.00129
-24,9,1,100000,49,0.00049,120,0.0012
-24,9,2,100000,85,0.00085,174,0.00174
-24,9,3,100000,80,0.0008,173,0.00173
-24,9,4,100000,72,0.00072,153,0.00153
-24,9,5,100000,62,0.00062,136,0.00136
-24,10,0,100000,60,0.0006,130,0.0013
-24,10,1,100000,58,0.00058,143,0.00143
-24,10,2,100000,84,0.00084,189,0.00189
-24,10,3,100000,74,0.00074,170,0.0017
-24,10,4,100000,89,0.00089,162,0.00162
-24,10,5,100000,90,0.0009,151,0.00151
-24,11,0,100000,45,0.00045,112,0.00112
-24,11,1,100000,53,0.00053,134,0.00134
-24,11,2,100000,69,0.00069,163,0.00163
-24,11,3,100000,94,0.00094,185,0.00185
-24,11,4,100000,78,0.00078,175,0.00175
-24,11,5,100000,69,0.00069,124,0.00124
-24,12,0,100000,47,0.00047,109,0.00109
-24,12,1,100000,76,0.00076,115,0.00115
-24,12,2,100000,63,0.00063,169,0.00169
-24,12,3,100000,71,0.00071,176,0.00176
-24,12,4,100000,112,0.00112,197,0.00197
-24,12,5,100000,66,0.00066,154,0.00154
-24,13,0,100000,38,0.00038,101,0.00101
-24,13,1,100000,58,0.00058,132,0.00132
-24,13,2,100000,84,0.00084,164,0.00164
-24,13,3,100000,83,0.00083,202,0.00202
-24,13,4,100000,82,0.00082,150,0.0015
-24,13,5,100000,80,0.0008,145,0.00145
-24,14,0,100000,52,0.00052,100,0.001
-24,14,1,100000,57,0.00057,127,0.00127
-24,14,2,100000,72,0.00072,167,0.00167
-24,14,3,100000,85,0.00085,184,0.00184
-24,14,4,100000,86,0.00086,170,0.0017
-24,14,5,100000,62,0.00062,146,0.00146
-24,15,0,100000,42,0.00042,124,0.00124
-24,15,1,100000,64,0.00064,145,0.00145
-24,15,2,100000,67,0.00067,182,0.00182
-24,15,3,100000,89,0.00089,189,0.00189
-24,15,4,100000,76,0.00076,175,0.00175
-24,15,5,100000,54,0.00054,138,0.00138
-24,16,0,100000,84,0.00084,147,0.00147
-24,16,1,100000,78,0.00078,164,0.00164
-24,16,2,100000,87,0.00087,176,0.00176
-24,16,3,100000,93,0.00093,170,0.0017
-24,16,4,100000,82,0.00082,162,0.00162
-24,16,5,100000,53,0.00053,127,0.00127
-24,17,0,100000,51,0.00051,120,0.0012
-24,17,1,100000,75,0.00075,132,0.00132
-24,17,2,100000,64,0.00064,149,0.00149
-24,17,3,100000,64,0.00064,166,0.00166
-24,17,4,100000,75,0.00075,158,0.00158
-24,17,5,100000,42,0.00042,106,0.00106
-24,18,0,100000,63,0.00063,123,0.00123
-24,18,1,100000,70,0.0007,148,0.00148
-24,18,2,100000,56,0.00056,165,0.00165
-24,18,3,100000,91,0.00091,194,0.00194
-24,18,4,100000,75,0.00075,179,0.00179
-24,18,5,100000,80,0.0008,111,0.00111
-24,19,0,100000,55,0.00055,113,0.00113
-24,19,1,100000,78,0.00078,150,0.0015
-24,19,2,100000,74,0.00074,159,0.00159
-24,19,3,100000,81,0.00081,183,0.00183
-24,19,4,100000,68,0.00068,180,0.0018
-24,19,5,100000,71,0.00071,136,0.00136
-24,20,0,100000,59,0.00059,116,0.00116
-24,20,1,100000,84,0.00084,118,0.00118
-24,20,2,100000,80,0.0008,168,0.00168
-24,20,3,100000,106,0.00106,186,0.00186
-24,20,4,100000,69,0.00069,155,0.00155
-24,20,5,100000,55,0.00055,143,0.00143
-24,21,0,100000,41,0.00041,120,0.0012
-24,21,1,100000,47,0.00047,129,0.00129
-24,21,2,100000,115,0.00115,161,0.00161
-24,21,3,100000,83,0.00083,184,0.00184
-24,21,4,100000,96,0.00096,166,0.00166
-24,21,5,100000,67,0.00067,130,0.0013
-24,22,0,100000,32,0.00032,114,0.00114
-24,22,1,100000,72,0.00072,149,0.00149
-24,22,2,100000,92,0.00092,178,0.00178
-24,22,3,100000,66,0.00066,159,0.00159
-24,22,4,100000,52,0.00052,145,0.00145
-24,22,5,100000,51,0.00051,119,0.00119
-24,23,0,100000,66,0.00066,141,0.00141
-24,23,1,100000,54,0.00054,141,0.00141
-24,23,2,100000,65,0.00065,158,0.00158
-24,23,3,100000,98,0.00098,189,0.00189
-24,23,4,100000,92,0.00092,165,0.00165
-24,23,5,100000,65,0.00065,139,0.00139
-24,24,0,100000,53,0.00053,117,0.00117
-24,24,1,100000,76,0.00076,137,0.00137
-24,24,2,100000,70,0.0007,162,0.00162
-24,24,3,100000,60,0.0006,142,0.00142
-24,24,4,100000,72,0.00072,159,0.00159
-24,24,5,100000,51,0.00051,142,0.00142
-24,25,0,100000,43,0.00043,134,0.00134
-24,25,1,100000,65,0.00065,132,0.00132
-24,25,2,100000,80,0.0008,173,0.00173
-24,25,3,100000,77,0.00077,149,0.00149
-24,25,4,100000,83,0.00083,165,0.00165
-24,25,5,100000,58,0.00058,131,0.00131
-24,26,0,100000,62,0.00062,141,0.00141
-24,26,1,100000,72,0.00072,130,0.0013
-24,26,2,100000,64,0.00064,148,0.00148
-24,26,3,100000,87,0.00087,174,0.00174
-24,26,4,100000,93,0.00093,168,0.00168
-24,26,5,100000,58,0.00058,126,0.00126
-24,27,0,100000,49,0.00049,120,0.0012
-24,27,1,100000,71,0.00071,141,0.00141
-24,27,2,100000,80,0.0008,156,0.00156
-24,27,3,100000,79,0.00079,174,0.00174
-24,27,4,100000,70,0.0007,171,0.00171
-24,27,5,100000,74,0.00074,136,0.00136
-24,28,0,100000,75,0.00075,138,0.00138
-24,28,1,100000,62,0.00062,141,0.00141
-24,28,2,100000,75,0.00075,161,0.00161
-24,28,3,100000,81,0.00081,169,0.00169
-24,28,4,100000,90,0.0009,166,0.00166
-24,28,5,100000,79,0.00079,148,0.00148
-24,29,0,100000,50,0.0005,120,0.0012
-24,29,1,100000,79,0.00079,149,0.00149
-24,29,2,100000,89,0.00089,177,0.00177
-24,29,3,100000,94,0.00094,191,0.00191
-24,29,4,100000,72,0.00072,149,0.00149
-24,29,5,100000,63,0.00063,134,0.00134
-24,30,0,100000,41,0.00041,111,0.00111
-24,30,1,100000,58,0.00058,149,0.00149
-24,30,2,100000,73,0.00073,158,0.00158
-24,30,3,100000,60,0.0006,150,0.0015
-24,30,4,100000,99,0.00099,158,0.00158
-24,30,5,100000,59,0.00059,144,0.00144
-24,31,0,100000,52,0.00052,123,0.00123
-24,31,1,100000,53,0.00053,125,0.00125
-24,31,2,100000,73,0.00073,160,0.0016
-24,31,3,100000,70,0.0007,195,0.00195
-24,31,4,100000,65,0.00065,173,0.00173
-24,31,5,100000,51,0.00051,123,0.00123
-24,32,0,100000,56,0.00056,109,0.00109
-24,32,1,100000,57,0.00057,132,0.00132
-24,32,2,100000,71,0.00071,172,0.00172
-24,32,3,100000,75,0.00075,181,0.00181
-24,32,4,100000,92,0.00092,144,0.00144
-24,32,5,100000,74,0.00074,133,0.00133
-24,33,0,100000,71,0.00071,106,0.00106
-24,33,1,100000,80,0.0008,138,0.00138
-24,33,2,100000,82,0.00082,178,0.00178
-24,33,3,100000,73,0.00073,165,0.00165
-24,33,4,100000,68,0.00068,151,0.00151
-24,33,5,100000,62,0.00062,131,0.00131
-24,34,0,100000,61,0.00061,135,0.00135
-24,34,1,100000,60,0.0006,132,0.00132
-24,34,2,100000,60,0.0006,143,0.00143
-24,34,3,100000,76,0.00076,165,0.00165
-24,34,4,100000,66,0.00066,155,0.00155
-24,34,5,100000,62,0.00062,136,0.00136
-24,35,0,100000,47,0.00047,119,0.00119
-24,35,1,100000,63,0.00063,149,0.00149
-24,35,2,100000,82,0.00082,162,0.00162
-24,35,3,100000,71,0.00071,172,0.00172
-24,35,4,100000,75,0.00075,159,0.00159
-24,35,5,100000,79,0.00079,132,0.00132
-24,36,0,100000,65,0.00065,112,0.00112
-24,36,1,100000,45,0.00045,107,0.00107
-24,36,2,100000,95,0.00095,187,0.00187
-24,36,3,100000,64,0.00064,149,0.00149
-24,36,4,100000,63,0.00063,152,0.00152
-24,36,5,100000,49,0.00049,124,0.00124
-24,37,0,100000,48,0.00048,115,0.00115
-24,37,1,100000,61,0.00061,125,0.00125
-24,37,2,100000,56,0.00056,133,0.00133
-24,37,3,100000,76,0.00076,174,0.00174
-24,37,4,100000,87,0.00087,157,0.00157
-24,37,5,100000,75,0.00075,133,0.00133
-24,38,0,100000,38,0.00038,96,0.00096
-24,38,1,100000,53,0.00053,129,0.00129
-24,38,2,100000,90,0.0009,168,0.00168
-24,38,3,100000,71,0.00071,146,0.00146
-24,38,4,100000,62,0.00062,151,0.00151
-24,38,5,100000,45,0.00045,119,0.00119
-24,39,0,100000,53,0.00053,105,0.00105
-24,39,1,100000,53,0.00053,97,0.00097
-24,39,2,100000,90,0.0009,148,0.00148
-24,39,3,100000,49,0.00049,131,0.00131
-24,39,4,100000,61,0.00061,131,0.00131
-24,39,5,100000,55,0.00055,125,0.00125
-24,40,0,100000,22,0.00022,83,0.00083
-24,40,1,100000,31,0.00031,89,0.00089
-24,40,2,100000,50,0.0005,102,0.00102
-24,40,3,100000,49,0.00049,119,0.00119
-24,40,4,100000,81,0.00081,120,0.0012
-24,40,5,100000,50,0.0005,103,0.00103
-24,41,0,100000,37,0.00037,94,0.00094
-24,41,1,100000,44,0.00044,103,0.00103
-24,41,2,100000,30,0.0003,92,0.00092
-24,41,3,100000,68,0.00068,110,0.0011
-24,41,4,100000,52,0.00052,121,0.00121
-24,41,5,100000,56,0.00056,89,0.00089
-24,42,0,100000,31,0.00031,78,0.00078
-24,42,1,100000,42,0.00042,102,0.00102
-24,42,2,100000,46,0.00046,109,0.00109
-24,42,3,100000,47,0.00047,101,0.00101
-24,42,4,100000,50,0.0005,109,0.00109
-24,42,5,100000,42,0.00042,78,0.00078
-24,43,0,100000,27,0.00027,79,0.00079
-24,43,1,100000,29,0.00029,95,0.00095
-24,43,2,100000,45,0.00045,85,0.00085
-24,43,3,100000,40,0.0004,73,0.00073
-24,43,4,100000,30,0.0003,85,0.00085
-24,43,5,100000,27,0.00027,72,0.00072
-24,44,0,100000,41,0.00041,88,0.00088
-24,44,1,100000,40,0.0004,77,0.00077
-24,44,2,100000,37,0.00037,88,0.00088
-24,44,3,100000,36,0.00036,78,0.00078
-24,44,4,100000,46,0.00046,84,0.00084
-24,44,5,100000,30,0.0003,92,0.00092
-24,45,0,100000,24,0.00024,81,0.00081
-24,45,1,100000,22,0.00022,59,0.00059
-24,45,2,100000,42,0.00042,85,0.00085
-24,45,3,100000,32,0.00032,72,0.00072
-24,45,4,100000,25,0.00025,94,0.00094
-24,45,5,100000,30,0.0003,70,0.0007
-24,46,0,100000,46,0.00046,81,0.00081
-24,46,1,100000,27,0.00027,82,0.00082
-24,46,2,100000,17,0.00017,80,0.0008
-24,46,3,100000,39,0.00039,85,0.00085
-24,46,4,100000,27,0.00027,85,0.00085
-24,46,5,100000,19,0.00019,57,0.00057
-24,47,0,100000,34,0.00034,86,0.00086
-24,47,1,100000,26,0.00026,65,0.00065
-24,47,2,100000,29,0.00029,66,0.00066
-24,47,3,100000,36,0.00036,54,0.00054
-24,47,4,100000,16,0.00016,62,0.00062
-24,47,5,100000,25,0.00025,69,0.00069
-24,48,0,100000,17,0.00017,67,0.00067
-24,48,1,100000,25,0.00025,69,0.00069
-24,48,2,100000,43,0.00043,80,0.0008
-24,48,3,100000,20,0.0002,71,0.00071
-24,48,4,100000,19,0.00019,65,0.00065
-24,48,5,100000,31,0.00031,75,0.00075
-24,49,0,100000,40,0.0004,80,0.0008
-24,49,1,100000,29,0.00029,71,0.00071
-24,49,2,100000,33,0.00033,62,0.00062
-24,49,3,100000,37,0.00037,72,0.00072
-24,49,4,100000,30,0.0003,81,0.00081
-24,49,5,100000,29,0.00029,61,0.00061
-24,50,0,100000,33,0.00033,89,0.00089
-24,50,1,100000,36,0.00036,64,0.00064
-24,50,2,100000,17,0.00017,74,0.00074
-24,50,3,100000,22,0.00022,76,0.00076
-24,50,4,100000,26,0.00026,65,0.00065
-24,50,5,100000,21,0.00021,66,0.00066
-23,-50,0,100000,35,0.00035,88,0.00088
-23,-50,1,100000,22,0.00022,72,0.00072
-23,-50,2,100000,19,0.00019,55,0.00055
-23,-50,3,100000,19,0.00019,72,0.00072
-23,-50,4,100000,12,0.00012,58,0.00058
-23,-50,5,100000,28,0.00028,71,0.00071
-23,-49,0,100000,28,0.00028,71,0.00071
-23,-49,1,100000,41,0.00041,74,0.00074
-23,-49,2,100000,11,0.00011,75,0.00075
-23,-49,3,100000,26,0.00026,84,0.00084
-23,-49,4,100000,29,0.00029,66,0.00066
-23,-49,5,100000,27,0.00027,79,0.00079
-23,-48,0,100000,28,0.00028,74,0.00074
-23,-48,1,100000,28,0.00028,74,0.00074
-23,-48,2,100000,17,0.00017,77,0.00077
-23,-48,3,100000,19,0.00019,71,0.00071
-23,-48,4,100000,28,0.00028,85,0.00085
-23,-48,5,100000,24,0.00024,70,0.0007
-23,-47,0,100000,67,0.00067,89,0.00089
-23,-47,1,100000,21,0.00021,62,0.00062
-23,-47,2,100000,33,0.00033,74,0.00074
-23,-47,3,100000,32,0.00032,70,0.0007
-23,-47,4,100000,36,0.00036,83,0.00083
-23,-47,5,100000,26,0.00026,64,0.00064
-23,-46,0,100000,24,0.00024,67,0.00067
-23,-46,1,100000,27,0.00027,75,0.00075
-23,-46,2,100000,26,0.00026,70,0.0007
-23,-46,3,100000,43,0.00043,85,0.00085
-23,-46,4,100000,37,0.00037,65,0.00065
-23,-46,5,100000,26,0.00026,83,0.00083
-23,-45,0,100000,39,0.00039,73,0.00073
-23,-45,1,100000,33,0.00033,81,0.00081
-23,-45,2,100000,51,0.00051,80,0.0008
-23,-45,3,100000,26,0.00026,70,0.0007
-23,-45,4,100000,33,0.00033,75,0.00075
-23,-45,5,100000,26,0.00026,74,0.00074
-23,-44,0,100000,41,0.00041,89,0.00089
-23,-44,1,100000,25,0.00025,71,0.00071
-23,-44,2,100000,31,0.00031,79,0.00079
-23,-44,3,100000,32,0.00032,86,0.00086
-23,-44,4,100000,36,0.00036,87,0.00087
-23,-44,5,100000,40,0.0004,93,0.00093
-23,-43,0,100000,48,0.00048,82,0.00082
-23,-43,1,100000,29,0.00029,74,0.00074
-23,-43,2,100000,26,0.00026,80,0.0008
-23,-43,3,100000,33,0.00033,83,0.00083
-23,-43,4,100000,47,0.00047,79,0.00079
-23,-43,5,100000,29,0.00029,101,0.00101
-23,-42,0,100000,54,0.00054,92,0.00092
-23,-42,1,100000,33,0.00033,84,0.00084
-23,-42,2,100000,56,0.00056,97,0.00097
-23,-42,3,100000,62,0.00062,113,0.00113
-23,-42,4,100000,46,0.00046,132,0.00132
-23,-42,5,100000,21,0.00021,88,0.00088
-23,-41,0,100000,38,0.00038,99,0.00099
-23,-41,1,100000,49,0.00049,103,0.00103
-23,-41,2,100000,56,0.00056,120,0.0012
-23,-41,3,100000,64,0.00064,146,0.00146
-23,-41,4,100000,60,0.0006,108,0.00108
-23,-41,5,100000,42,0.00042,108,0.00108
-23,-40,0,100000,33,0.00033,99,0.00099
-23,-40,1,100000,37,0.00037,88,0.00088
-23,-40,2,100000,70,0.0007,145,0.00145
-23,-40,3,100000,66,0.00066,129,0.00129
-23,-40,4,100000,54,0.00054,138,0.00138
-23,-40,5,100000,62,0.00062,109,0.00109
-23,-39,0,100000,49,0.00049,111,0.00111
-23,-39,1,100000,87,0.00087,135,0.00135
-23,-39,2,100000,63,0.00063,144,0.00144
-23,-39,3,100000,68,0.00068,142,0.00142
-23,-39,4,100000,68,0.00068,147,0.00147
-23,-39,5,100000,74,0.00074,150,0.0015
-23,-38,0,100000,65,0.00065,139,0.00139
-23,-38,1,100000,55,0.00055,148,0.00148
-23,-38,2,100000,78,0.00078,161,0.00161
-23,-38,3,100000,93,0.00093,164,0.00164
-23,-38,4,100000,74,0.00074,178,0.00178
-23,-38,5,100000,79,0.00079,171,0.00171
-23,-37,0,100000,77,0.00077,136,0.00136
-23,-37,1,100000,69,0.00069,173,0.00173
-23,-37,2,100000,87,0.00087,180,0.0018
-23,-37,3,100000,96,0.00096,193,0.00193
-23,-37,4,100000,77,0.00077,178,0.00178
-23,-37,5,100000,83,0.00083,158,0.00158
-23,-36,0,100000,71,0.00071,141,0.00141
-23,-36,1,100000,73,0.00073,157,0.00157
-23,-36,2,100000,80,0.0008,179,0.00179
-23,-36,3,100000,84,0.00084,178,0.00178
-23,-36,4,100000,71,0.00071,168,0.00168
-23,-36,5,100000,66,0.00066,150,0.0015
-23,-35,0,100000,86,0.00086,151,0.00151
-23,-35,1,100000,74,0.00074,153,0.00153
-23,-35,2,100000,92,0.00092,197,0.00197
-23,-35,3,100000,134,0.00134,235,0.00235
-23,-35,4,100000,100,0.001,227,0.00227
-23,-35,5,100000,72,0.00072,168,0.00168
-23,-34,0,100000,92,0.00092,146,0.00146
-23,-34,1,100000,73,0.00073,176,0.00176
-23,-34,2,100000,111,0.00111,207,0.00207
-23,-34,3,100000,96,0.00096,202,0.00202
-23,-34,4,100000,103,0.00103,199,0.00199
-23,-34,5,100000,85,0.00085,172,0.00172
-23,-33,0,100000,44,0.00044,131,0.00131
-23,-33,1,100000,56,0.00056,144,0.00144
-23,-33,2,100000,88,0.00088,184,0.00184
-23,-33,3,100000,112,0.00112,214,0.00214
-23,-33,4,100000,99,0.00099,209,0.00209
-23,-33,5,100000,76,0.00076,139,0.00139
-23,-32,0,100000,54,0.00054,104,0.00104
-23,-32,1,100000,99,0.00099,172,0.00172
-23,-32,2,100000,67,0.00067,198,0.00198
-23,-32,3,100000,96,0.00096,211,0.00211
-23,-32,4,100000,90,0.0009,200,0.002
-23,-32,5,100000,71,0.00071,167,0.00167
-23,-31,0,100000,56,0.00056,118,0.00118
-23,-31,1,100000,66,0.00066,157,0.00157
-23,-31,2,100000,72,0.00072,186,0.00186
-23,-31,3,100000,104,0.00104,202,0.00202
-23,-31,4,100000,135,0.00135,219,0.00219
-23,-31,5,100000,63,0.00063,157,0.00157
-23,-30,0,100000,44,0.00044,125,0.00125
-23,-30,1,100000,71,0.00071,175,0.00175
-23,-30,2,100000,111,0.00111,236,0.00236
-23,-30,3,100000,93,0.00093,202,0.00202
-23,-30,4,100000,101,0.00101,188,0.00188
-23,-30,5,100000,74,0.00074,156,0.00156
-23,-29,0,100000,64,0.00064,146,0.00146
-23,-29,1,100000,83,0.00083,163,0.00163
-23,-29,2,100000,101,0.00101,207,0.00207
-23,-29,3,100000,101,0.00101,232,0.00232
-23,-29,4,100000,113,0.00113,220,0.0022
-23,-29,5,100000,65,0.00065,147,0.00147
-23,-28,0,100000,74,0.00074,153,0.00153
-23,-28,1,100000,80,0.0008,151,0.00151
-23,-28,2,100000,70,0.0007,193,0.00193
-23,-28,3,100000,112,0.00112,222,0.00222
-23,-28,4,100000,98,0.00098,177,0.00177
-23,-28,5,100000,61,0.00061,149,0.00149
-23,-27,0,100000,47,0.00047,135,0.00135
-23,-27,1,100000,106,0.00106,187,0.00187
-23,-27,2,100000,105,0.00105,189,0.00189
-23,-27,3,100000,116,0.00116,218,0.00218
-23,-27,4,100000,111,0.00111,214,0.00214
-23,-27,5,100000,80,0.0008,160,0.0016
-23,-26,0,100000,80,0.0008,148,0.00148
-23,-26,1,100000,102,0.00102,159,0.00159
-23,-26,2,100000,97,0.00097,188,0.00188
-23,-26,3,100000,133,0.00133,223,0.00223
-23,-26,4,100000,78,0.00078,203,0.00203
-23,-26,5,100000,90,0.0009,149,0.00149
-23,-25,0,100000,56,0.00056,118,0.00118
-23,-25,1,100000,85,0.00085,179,0.00179
-23,-25,2,100000,80,0.0008,175,0.00175
-23,-25,3,100000,94,0.00094,195,0.00195
-23,-25,4,100000,109,0.00109,211,0.00211
-23,-25,5,100000,75,0.00075,159,0.00159
-23,-24,0,100000,55,0.00055,142,0.00142
-23,-24,1,100000,56,0.00056,146,0.00146
-23,-24,2,100000,84,0.00084,207,0.00207
-23,-24,3,100000,105,0.00105,227,0.00227
-23,-24,4,100000,92,0.00092,184,0.00184
-23,-24,5,100000,78,0.00078,148,0.00148
-23,-23,0,100000,69,0.00069,145,0.00145
-23,-23,1,100000,89,0.00089,164,0.00164
-23,-23,2,100000,90,0.0009,185,0.00185
-23,-23,3,100000,102,0.00102,206,0.00206
-23,-23,4,100000,95,0.00095,220,0.0022
-23,-23,5,100000,80,0.0008,165,0.00165
-23,-22,0,100000,80,0.0008,148,0.00148
-23,-22,1,100000,62,0.00062,151,0.00151
-23,-22,2,100000,122,0.00122,217,0.00217
-23,-22,3,100000,78,0.00078,191,0.00191
-23,-22,4,100000,92,0.00092,201,0.00201
-23,-22,5,100000,60,0.0006,133,0.00133
-23,-21,0,100000,67,0.00067,148,0.00148
-23,-21,1,100000,90,0.0009,171,0.00171
-23,-21,2,100000,82,0.00082,167,0.00167
-23,-21,3,100000,85,0.00085,198,0.00198
-23,-21,4,100000,72,0.00072,177,0.00177
-23,-21,5,100000,88,0.00088,180,0.0018
-23,-20,0,100000,51,0.00051,129,0.00129
-23,-20,1,100000,72,0.00072,171,0.00171
-23,-20,2,100000,87,0.00087,180,0.0018
-23,-20,3,100000,104,0.00104,213,0.00213
-23,-20,4,100000,91,0.00091,183,0.00183
-23,-20,5,100000,83,0.00083,154,0.00154
-23,-19,0,100000,84,0.00084,125,0.00125
-23,-19,1,100000,67,0.00067,150,0.0015
-23,-19,2,100000,90,0.0009,193,0.00193
-23,-19,3,100000,105,0.00105,234,0.00234
-23,-19,4,100000,100,0.001,204,0.00204
-23,-19,5,100000,83,0.00083,171,0.00171
-23,-18,0,100000,56,0.00056,127,0.00127
-23,-18,1,100000,83,0.00083,160,0.0016
-23,-18,2,100000,96,0.00096,197,0.00197
-23,-18,3,100000,94,0.00094,201,0.00201
-23,-18,4,100000,66,0.00066,188,0.00188
-23,-18,5,100000,63,0.00063,161,0.00161
-23,-17,0,100000,63,0.00063,152,0.00152
-23,-17,1,100000,78,0.00078,153,0.00153
-23,-17,2,100000,82,0.00082,202,0.00202
-23,-17,3,100000,95,0.00095,236,0.00236
-23,-17,4,100000,128,0.00128,213,0.00213
-23,-17,5,100000,72,0.00072,141,0.00141
-23,-16,0,100000,60,0.0006,141,0.00141
-23,-16,1,100000,77,0.00077,166,0.00166
-23,-16,2,100000,89,0.00089,187,0.00187
-23,-16,3,100000,109,0.00109,235,0.00235
-23,-16,4,100000,103,0.00103,211,0.00211
-23,-16,5,100000,85,0.00085,149,0.00149
-23,-15,0,100000,58,0.00058,133,0.00133
-23,-15,1,100000,75,0.00075,158,0.00158
-23,-15,2,100000,108,0.00108,191,0.00191
-23,-15,3,100000,100,0.001,227,0.00227
-23,-15,4,100000,90,0.0009,203,0.00203
-23,-15,5,100000,67,0.00067,150,0.0015
-23,-14,0,100000,56,0.00056,134,0.00134
-23,-14,1,100000,72,0.00072,165,0.00165
-23,-14,2,100000,91,0.00091,213,0.00213
-23,-14,3,100000,99,0.00099,219,0.00219
-23,-14,4,100000,81,0.00081,194,0.00194
-23,-14,5,100000,79,0.00079,177,0.00177
-23,-13,0,100000,59,0.00059,136,0.00136
-23,-13,1,100000,103,0.00103,185,0.00185
-23,-13,2,100000,93,0.00093,191,0.00191
-23,-13,3,100000,111,0.00111,241,0.00241
-23,-13,4,100000,100,0.001,188,0.00188
-23,-13,5,100000,86,0.00086,156,0.00156
-23,-12,0,100000,64,0.00064,134,0.00134
-23,-12,1,100000,75,0.00075,158,0.00158
-23,-12,2,100000,101,0.00101,198,0.00198
-23,-12,3,100000,105,0.00105,219,0.00219
-23,-12,4,100000,126,0.00126,227,0.00227
-23,-12,5,100000,65,0.00065,167,0.00167
-23,-11,0,100000,63,0.00063,131,0.00131
-23,-11,1,100000,82,0.00082,174,0.00174
-23,-11,2,100000,101,0.00101,189,0.00189
-23,-11,3,100000,77,0.00077,182,0.00182
-23,-11,4,100000,82,0.00082,192,0.00192
-23,-11,5,100000,68,0.00068,163,0.00163
-23,-10,0,100000,76,0.00076,145,0.00145
-23,-10,1,100000,111,0.00111,176,0.00176
-23,-10,2,100000,92,0.00092,191,0.00191
-23,-10,3,100000,120,0.0012,216,0.00216
-23,-10,4,100000,84,0.00084,194,0.00194
-23,-10,5,100000,68,0.00068,154,0.00154
-23,-9,0,100000,61,0.00061,118,0.00118
-23,-9,1,100000,62,0.00062,151,0.00151
-23,-9,2,100000,96,0.00096,189,0.00189
-23,-9,3,100000,102,0.00102,231,0.00231
-23,-9,4,100000,105,0.00105,212,0.00212
-23,-9,5,100000,65,0.00065,150,0.0015
-23,-8,0,100000,63,0.00063,123,0.00123
-23,-8,1,100000,87,0.00087,153,0.00153
-23,-8,2,100000,107,0.00107,207,0.00207
-23,-8,3,100000,96,0.00096,220,0.0022
-23,-8,4,100000,101,0.00101,198,0.00198
-23,-8,5,100000,92,0.00092,174,0.00174
-23,-7,0,100000,89,0.00089,144,0.00144
-23,-7,1,100000,85,0.00085,165,0.00165
-23,-7,2,100000,108,0.00108,213,0.00213
-23,-7,3,100000,90,0.0009,203,0.00203
-23,-7,4,100000,96,0.00096,205,0.00205
-23,-7,5,100000,91,0.00091,154,0.00154
-23,-6,0,100000,65,0.00065,137,0.00137
-23,-6,1,100000,77,0.00077,167,0.00167
-23,-6,2,100000,93,0.00093,213,0.00213
-23,-6,3,100000,89,0.00089,198,0.00198
-23,-6,4,100000,93,0.00093,202,0.00202
-23,-6,5,100000,98,0.00098,175,0.00175
-23,-5,0,100000,55,0.00055,130,0.0013
-23,-5,1,100000,94,0.00094,176,0.00176
-23,-5,2,100000,95,0.00095,205,0.00205
-23,-5,3,100000,122,0.00122,237,0.00237
-23,-5,4,100000,101,0.00101,193,0.00193
-23,-5,5,100000,83,0.00083,151,0.00151
-23,-4,0,100000,57,0.00057,131,0.00131
-23,-4,1,100000,58,0.00058,137,0.00137
-23,-4,2,100000,77,0.00077,195,0.00195
-23,-4,3,100000,114,0.00114,222,0.00222
-23,-4,4,100000,116,0.00116,216,0.00216
-23,-4,5,100000,74,0.00074,161,0.00161
-23,-3,0,100000,80,0.0008,146,0.00146
-23,-3,1,100000,58,0.00058,135,0.00135
-23,-3,2,100000,78,0.00078,186,0.00186
-23,-3,3,100000,94,0.00094,210,0.0021
-23,-3,4,100000,81,0.00081,176,0.00176
-23,-3,5,100000,74,0.00074,164,0.00164
-23,-2,0,100000,67,0.00067,127,0.00127
-23,-2,1,100000,72,0.00072,159,0.00159
-23,-2,2,100000,87,0.00087,197,0.00197
-23,-2,3,100000,74,0.00074,196,0.00196
-23,-2,4,100000,83,0.00083,188,0.00188
-23,-2,5,100000,79,0.00079,187,0.00187
-23,-1,0,100000,75,0.00075,134,0.00134
-23,-1,1,100000,61,0.00061,149,0.00149
-23,-1,2,100000,99,0.00099,213,0.00213
-23,-1,3,100000,74,0.00074,217,0.00217
-23,-1,4,100000,104,0.00104,199,0.00199
-23,-1,5,100000,59,0.00059,164,0.00164
-23,0,0,100000,46,0.00046,124,0.00124
-23,0,1,100000,107,0.00107,177,0.00177
-23,0,2,100000,75,0.00075,208,0.00208
-23,0,3,100000,88,0.00088,201,0.00201
-23,0,4,100000,78,0.00078,198,0.00198
-23,0,5,100000,76,0.00076,156,0.00156
-23,1,0,100000,62,0.00062,143,0.00143
-23,1,1,100000,79,0.00079,194,0.00194
-23,1,2,100000,98,0.00098,205,0.00205
-23,1,3,100000,96,0.00096,223,0.00223
-23,1,4,100000,101,0.00101,216,0.00216
-23,1,5,100000,89,0.00089,149,0.00149
-23,2,0,100000,62,0.00062,153,0.00153
-23,2,1,100000,56,0.00056,138,0.00138
-23,2,2,100000,113,0.00113,227,0.00227
-23,2,3,100000,117,0.00117,228,0.00228
-23,2,4,100000,84,0.00084,203,0.00203
-23,2,5,100000,72,0.00072,166,0.00166
-23,3,0,100000,64,0.00064,138,0.00138
-23,3,1,100000,85,0.00085,166,0.00166
-23,3,2,100000,94,0.00094,224,0.00224
-23,3,3,100000,99,0.00099,211,0.00211
-23,3,4,100000,113,0.00113,185,0.00185
-23,3,5,100000,79,0.00079,160,0.0016
-23,4,0,100000,76,0.00076,154,0.00154
-23,4,1,100000,65,0.00065,149,0.00149
-23,4,2,100000,101,0.00101,203,0.00203
-23,4,3,100000,93,0.00093,192,0.00192
-23,4,4,100000,113,0.00113,219,0.00219
-23,4,5,100000,54,0.00054,128,0.00128
-23,5,0,100000,58,0.00058,135,0.00135
-23,5,1,100000,85,0.00085,157,0.00157
-23,5,2,100000,101,0.00101,201,0.00201
-23,5,3,100000,93,0.00093,205,0.00205
-23,5,4,100000,71,0.00071,176,0.00176
-23,5,5,100000,84,0.00084,159,0.00159
-23,6,0,100000,78,0.00078,131,0.00131
-23,6,1,100000,72,0.00072,134,0.00134
-23,6,2,100000,106,0.00106,214,0.00214
-23,6,3,100000,90,0.0009,209,0.00209
-23,6,4,100000,86,0.00086,213,0.00213
-23,6,5,100000,64,0.00064,153,0.00153
-23,7,0,100000,65,0.00065,146,0.00146
-23,7,1,100000,80,0.0008,145,0.00145
-23,7,2,100000,101,0.00101,208,0.00208
-23,7,3,100000,97,0.00097,219,0.00219
-23,7,4,100000,86,0.00086,178,0.00178
-23,7,5,100000,84,0.00084,175,0.00175
-23,8,0,100000,66,0.00066,138,0.00138
-23,8,1,100000,76,0.00076,147,0.00147
-23,8,2,100000,105,0.00105,214,0.00214
-23,8,3,100000,89,0.00089,208,0.00208
-23,8,4,100000,87,0.00087,203,0.00203
-23,8,5,100000,67,0.00067,120,0.0012
-23,9,0,100000,73,0.00073,157,0.00157
-23,9,1,100000,74,0.00074,167,0.00167
-23,9,2,100000,83,0.00083,193,0.00193
-23,9,3,100000,99,0.00099,181,0.00181
-23,9,4,100000,87,0.00087,208,0.00208
-23,9,5,100000,52,0.00052,143,0.00143
-23,10,0,100000,70,0.0007,134,0.00134
-23,10,1,100000,77,0.00077,168,0.00168
-23,10,2,100000,91,0.00091,193,0.00193
-23,10,3,100000,90,0.0009,201,0.00201
-23,10,4,100000,101,0.00101,202,0.00202
-23,10,5,100000,75,0.00075,165,0.00165
-23,11,0,100000,57,0.00057,131,0.00131
-23,11,1,100000,77,0.00077,156,0.00156
-23,11,2,100000,106,0.00106,221,0.00221
-23,11,3,100000,87,0.00087,208,0.00208
-23,11,4,100000,93,0.00093,195,0.00195
-23,11,5,100000,73,0.00073,153,0.00153
-23,12,0,100000,64,0.00064,136,0.00136
-23,12,1,100000,71,0.00071,153,0.00153
-23,12,2,100000,112,0.00112,195,0.00195
-23,12,3,100000,84,0.00084,196,0.00196
-23,12,4,100000,95,0.00095,181,0.00181
-23,12,5,100000,92,0.00092,163,0.00163
-23,13,0,100000,54,0.00054,147,0.00147
-23,13,1,100000,82,0.00082,171,0.00171
-23,13,2,100000,111,0.00111,214,0.00214
-23,13,3,100000,103,0.00103,194,0.00194
-23,13,4,100000,87,0.00087,195,0.00195
-23,13,5,100000,66,0.00066,157,0.00157
-23,14,0,100000,58,0.00058,130,0.0013
-23,14,1,100000,53,0.00053,159,0.00159
-23,14,2,100000,75,0.00075,186,0.00186
-23,14,3,100000,84,0.00084,209,0.00209
-23,14,4,100000,89,0.00089,188,0.00188
-23,14,5,100000,72,0.00072,159,0.00159
-23,15,0,100000,99,0.00099,136,0.00136
-23,15,1,100000,74,0.00074,171,0.00171
-23,15,2,100000,90,0.0009,212,0.00212
-23,15,3,100000,109,0.00109,219,0.00219
-23,15,4,100000,93,0.00093,204,0.00204
-23,15,5,100000,80,0.0008,153,0.00153
-23,16,0,100000,51,0.00051,122,0.00122
-23,16,1,100000,82,0.00082,168,0.00168
-23,16,2,100000,101,0.00101,215,0.00215
-23,16,3,100000,90,0.0009,193,0.00193
-23,16,4,100000,102,0.00102,226,0.00226
-23,16,5,100000,78,0.00078,165,0.00165
-23,17,0,100000,70,0.0007,131,0.00131
-23,17,1,100000,76,0.00076,154,0.00154
-23,17,2,100000,89,0.00089,199,0.00199
-23,17,3,100000,92,0.00092,195,0.00195
-23,17,4,100000,92,0.00092,201,0.00201
-23,17,5,100000,56,0.00056,166,0.00166
-23,18,0,100000,78,0.00078,130,0.0013
-23,18,1,100000,74,0.00074,152,0.00152
-23,18,2,100000,72,0.00072,188,0.00188
-23,18,3,100000,76,0.00076,212,0.00212
-23,18,4,100000,97,0.00097,192,0.00192
-23,18,5,100000,80,0.0008,157,0.00157
-23,19,0,100000,58,0.00058,133,0.00133
-23,19,1,100000,82,0.00082,153,0.00153
-23,19,2,100000,92,0.00092,215,0.00215
-23,19,3,100000,80,0.0008,194,0.00194
-23,19,4,100000,77,0.00077,195,0.00195
-23,19,5,100000,73,0.00073,170,0.0017
-23,20,0,100000,77,0.00077,139,0.00139
-23,20,1,100000,85,0.00085,168,0.00168
-23,20,2,100000,71,0.00071,191,0.00191
-23,20,3,100000,80,0.0008,201,0.00201
-23,20,4,100000,96,0.00096,219,0.00219
-23,20,5,100000,64,0.00064,133,0.00133
-23,21,0,100000,77,0.00077,141,0.00141
-23,21,1,100000,72,0.00072,172,0.00172
-23,21,2,100000,84,0.00084,208,0.00208
-23,21,3,100000,81,0.00081,225,0.00225
-23,21,4,100000,112,0.00112,213,0.00213
-23,21,5,100000,66,0.00066,149,0.00149
-23,22,0,100000,45,0.00045,140,0.0014
-23,22,1,100000,68,0.00068,164,0.00164
-23,22,2,100000,75,0.00075,201,0.00201
-23,22,3,100000,103,0.00103,206,0.00206
-23,22,4,100000,105,0.00105,216,0.00216
-23,22,5,100000,109,0.00109,175,0.00175
-23,23,0,100000,68,0.00068,140,0.0014
-23,23,1,100000,86,0.00086,168,0.00168
-23,23,2,100000,86,0.00086,185,0.00185
-23,23,3,100000,86,0.00086,219,0.00219
-23,23,4,100000,69,0.00069,166,0.00166
-23,23,5,100000,61,0.00061,161,0.00161
-23,24,0,100000,61,0.00061,134,0.00134
-23,24,1,100000,87,0.00087,159,0.00159
-23,24,2,100000,91,0.00091,218,0.00218
-23,24,3,100000,86,0.00086,195,0.00195
-23,24,4,100000,116,0.00116,192,0.00192
-23,24,5,100000,65,0.00065,150,0.0015
-23,25,0,100000,77,0.00077,150,0.0015
-23,25,1,100000,81,0.00081,174,0.00174
-23,25,2,100000,98,0.00098,201,0.00201
-23,25,3,100000,73,0.00073,177,0.00177
-23,25,4,100000,103,0.00103,215,0.00215
-23,25,5,100000,61,0.00061,173,0.00173
-23,26,0,100000,51,0.00051,108,0.00108
-23,26,1,100000,90,0.0009,172,0.00172
-23,26,2,100000,98,0.00098,213,0.00213
-23,26,3,100000,105,0.00105,219,0.00219
-23,26,4,100000,98,0.00098,206,0.00206
-23,26,5,100000,77,0.00077,168,0.00168
-23,27,0,100000,75,0.00075,124,0.00124
-23,27,1,100000,64,0.00064,151,0.00151
-23,27,2,100000,93,0.00093,208,0.00208
-23,27,3,100000,108,0.00108,245,0.00245
-23,27,4,100000,89,0.00089,178,0.00178
-23,27,5,100000,91,0.00091,188,0.00188
-23,28,0,100000,54,0.00054,162,0.00162
-23,28,1,100000,94,0.00094,174,0.00174
-23,28,2,100000,83,0.00083,177,0.00177
-23,28,3,100000,93,0.00093,195,0.00195
-23,28,4,100000,97,0.00097,195,0.00195
-23,28,5,100000,73,0.00073,158,0.00158
-23,29,0,100000,48,0.00048,134,0.00134
-23,29,1,100000,53,0.00053,152,0.00152
-23,29,2,100000,84,0.00084,192,0.00192
-23,29,3,100000,93,0.00093,211,0.00211
-23,29,4,100000,115,0.00115,224,0.00224
-23,29,5,100000,84,0.00084,167,0.00167
-23,30,0,100000,65,0.00065,126,0.00126
-23,30,1,100000,76,0.00076,140,0.0014
-23,30,2,100000,87,0.00087,203,0.00203
-23,30,3,100000,107,0.00107,218,0.00218
-23,30,4,100000,111,0.00111,217,0.00217
-23,30,5,100000,78,0.00078,181,0.00181
-23,31,0,100000,65,0.00065,127,0.00127
-23,31,1,100000,70,0.0007,151,0.00151
-23,31,2,100000,82,0.00082,182,0.00182
-23,31,3,100000,104,0.00104,215,0.00215
-23,31,4,100000,95,0.00095,207,0.00207
-23,31,5,100000,74,0.00074,147,0.00147
-23,32,0,100000,49,0.00049,142,0.00142
-23,32,1,100000,99,0.00099,188,0.00188
-23,32,2,100000,93,0.00093,184,0.00184
-23,32,3,100000,111,0.00111,218,0.00218
-23,32,4,100000,101,0.00101,208,0.00208
-23,32,5,100000,67,0.00067,148,0.00148
-23,33,0,100000,52,0.00052,123,0.00123
-23,33,1,100000,97,0.00097,168,0.00168
-23,33,2,100000,108,0.00108,223,0.00223
-23,33,3,100000,105,0.00105,219,0.00219
-23,33,4,100000,116,0.00116,213,0.00213
-23,33,5,100000,84,0.00084,159,0.00159
-23,34,0,100000,93,0.00093,154,0.00154
-23,34,1,100000,68,0.00068,135,0.00135
-23,34,2,100000,128,0.00128,204,0.00204
-23,34,3,100000,119,0.00119,223,0.00223
-23,34,4,100000,76,0.00076,196,0.00196
-23,34,5,100000,63,0.00063,162,0.00162
-23,35,0,100000,70,0.0007,125,0.00125
-23,35,1,100000,94,0.00094,139,0.00139
-23,35,2,100000,102,0.00102,215,0.00215
-23,35,3,100000,107,0.00107,209,0.00209
-23,35,4,100000,82,0.00082,178,0.00178
-23,35,5,100000,80,0.0008,161,0.00161
-23,36,0,100000,50,0.0005,119,0.00119
-23,36,1,100000,79,0.00079,165,0.00165
-23,36,2,100000,90,0.0009,192,0.00192
-23,36,3,100000,108,0.00108,193,0.00193
-23,36,4,100000,82,0.00082,189,0.00189
-23,36,5,100000,80,0.0008,156,0.00156
-23,37,0,100000,59,0.00059,133,0.00133
-23,37,1,100000,63,0.00063,163,0.00163
-23,37,2,100000,59,0.00059,165,0.00165
-23,37,3,100000,85,0.00085,195,0.00195
-23,37,4,100000,122,0.00122,189,0.00189
-23,37,5,100000,61,0.00061,145,0.00145
-23,38,0,100000,54,0.00054,136,0.00136
-23,38,1,100000,70,0.0007,146,0.00146
-23,38,2,100000,80,0.0008,170,0.0017
-23,38,3,100000,77,0.00077,187,0.00187
-23,38,4,100000,79,0.00079,172,0.00172
-23,38,5,100000,65,0.00065,124,0.00124
-23,39,0,100000,43,0.00043,112,0.00112
-23,39,1,100000,58,0.00058,128,0.00128
-23,39,2,100000,74,0.00074,144,0.00144
-23,39,3,100000,65,0.00065,169,0.00169
-23,39,4,100000,65,0.00065,160,0.0016
-23,39,5,100000,54,0.00054,120,0.0012
-23,40,0,100000,59,0.00059,116,0.00116
-23,40,1,100000,59,0.00059,121,0.00121
-23,40,2,100000,51,0.00051,112,0.00112
-23,40,3,100000,56,0.00056,147,0.00147
-23,40,4,100000,59,0.00059,130,0.0013
-23,40,5,100000,59,0.00059,120,0.0012
-23,41,0,100000,30,0.0003,103,0.00103
-23,41,1,100000,59,0.00059,121,0.00121
-23,41,2,100000,54,0.00054,108,0.00108
-23,41,3,100000,51,0.00051,124,0.00124
-23,41,4,100000,43,0.00043,120,0.0012
-23,41,5,100000,38,0.00038,98,0.00098
-23,42,0,100000,29,0.00029,85,0.00085
-23,42,1,100000,40,0.0004,90,0.0009
-23,42,2,100000,37,0.00037,96,0.00096
-23,42,3,100000,35,0.00035,101,0.00101
-23,42,4,100000,37,0.00037,96,0.00096
-23,42,5,100000,31,0.00031,90,0.0009
-23,43,0,100000,33,0.00033,79,0.00079
-23,43,1,100000,42,0.00042,98,0.00098
-23,43,2,100000,32,0.00032,77,0.00077
-23,43,3,100000,32,0.00032,85,0.00085
-23,43,4,100000,42,0.00042,94,0.00094
-23,43,5,100000,60,0.0006,92,0.00092
-23,44,0,100000,41,0.00041,72,0.00072
-23,44,1,100000,45,0.00045,94,0.00094
-23,44,2,100000,58,0.00058,104,0.00104
-23,44,3,100000,48,0.00048,78,0.00078
-23,44,4,100000,30,0.0003,87,0.00087
-23,44,5,100000,41,0.00041,80,0.0008
-23,45,0,100000,21,0.00021,79,0.00079
-23,45,1,100000,39,0.00039,76,0.00076
-23,45,2,100000,31,0.00031,93,0.00093
-23,45,3,100000,31,0.00031,71,0.00071
-23,45,4,100000,25,0.00025,88,0.00088
-23,45,5,100000,19,0.00019,75,0.00075
-23,46,0,100000,48,0.00048,90,0.0009
-23,46,1,100000,31,0.00031,85,0.00085
-23,46,2,100000,35,0.00035,82,0.00082
-23,46,3,100000,33,0.00033,77,0.00077
-23,46,4,100000,33,0.00033,77,0.00077
-23,46,5,100000,47,0.00047,78,0.00078
-23,47,0,100000,24,0.00024,92,0.00092
-23,47,1,100000,31,0.00031,79,0.00079
-23,47,2,100000,28,0.00028,81,0.00081
-23,47,3,100000,64,0.00064,93,0.00093
-23,47,4,100000,22,0.00022,66,0.00066
-23,47,5,100000,26,0.00026,67,0.00067
-23,48,0,100000,40,0.0004,91,0.00091
-23,48,1,100000,31,0.00031,71,0.00071
-23,48,2,100000,50,0.0005,91,0.00091
-23,48,3,100000,29,0.00029,94,0.00094
-23,48,4,100000,44,0.00044,74,0.00074
-23,48,5,100000,36,0.00036,79,0.00079
-23,49,0,100000,37,0.00037,68,0.00068
-23,49,1,100000,28,0.00028,83,0.00083
-23,49,2,100000,30,0.0003,79,0.00079
-23,49,3,100000,24,0.00024,72,0.00072
-23,49,4,100000,24,0.00024,91,0.00091
-23,49,5,100000,30,0.0003,73,0.00073
-23,50,0,100000,20,0.0002,75,0.00075
-23,50,1,100000,31,0.00031,72,0.00072
-23,50,2,100000,25,0.00025,63,0.00063
-23,50,3,100000,23,0.00023,71,0.00071
-23,50,4,100000,33,0.00033,83,0.00083
-23,50,5,100000,27,0.00027,80,0.0008
-22,-50,0,100000,27,0.00027,64,0.00064
-22,-50,1,100000,33,0.00033,72,0.00072
-22,-50,2,100000,26,0.00026,63,0.00063
-22,-50,3,100000,35,0.00035,76,0.00076
-22,-50,4,100000,28,0.00028,60,0.0006
-22,-50,5,100000,27,0.00027,71,0.00071
-22,-49,0,100000,17,0.00017,76,0.00076
-22,-49,1,100000,14,0.00014,74,0.00074
-22,-49,2,100000,35,0.00035,89,0.00089
-22,-49,3,100000,58,0.00058,77,0.00077
-22,-49,4,100000,29,0.00029,80,0.0008
-22,-49,5,100000,28,0.00028,75,0.00075
-22,-48,0,100000,26,0.00026,85,0.00085
-22,-48,1,100000,57,0.00057,77,0.00077
-22,-48,2,100000,38,0.00038,69,0.00069
-22,-48,3,100000,23,0.00023,80,0.0008
-22,-48,4,100000,26,0.00026,87,0.00087
-22,-48,5,100000,19,0.00019,64,0.00064
-22,-47,0,100000,39,0.00039,93,0.00093
-22,-47,1,100000,24,0.00024,75,0.00075
-22,-47,2,100000,35,0.00035,61,0.00061
-22,-47,3,100000,31,0.00031,65,0.00065
-22,-47,4,100000,25,0.00025,67,0.00067
-22,-47,5,100000,24,0.00024,76,0.00076
-22,-46,0,100000,28,0.00028,66,0.00066
-22,-46,1,100000,29,0.00029,70,0.0007
-22,-46,2,100000,34,0.00034,76,0.00076
-22,-46,3,100000,44,0.00044,92,0.00092
-22,-46,4,100000,30,0.0003,72,0.00072
-22,-46,5,100000,48,0.00048,81,0.00081
-22,-45,0,100000,23,0.00023,80,0.0008
-22,-45,1,100000,52,0.00052,76,0.00076
-22,-45,2,100000,49,0.00049,83,0.00083
-22,-45,3,100000,40,0.0004,81,0.00081
-22,-45,4,100000,42,0.00042,93,0.00093
-22,-45,5,100000,42,0.00042,75,0.00075
-22,-44,0,100000,60,0.0006,78,0.00078
-22,-44,1,100000,24,0.00024,66,0.00066
-22,-44,2,100000,41,0.00041,88,0.00088
-22,-44,3,100000,48,0.00048,92,0.00092
-22,-44,4,100000,55,0.00055,94,0.00094
-22,-44,5,100000,54,0.00054,87,0.00087
-22,-43,0,100000,48,0.00048,77,0.00077
-22,-43,1,100000,53,0.00053,77,0.00077
-22,-43,2,100000,45,0.00045,95,0.00095
-22,-43,3,100000,31,0.00031,93,0.00093
-22,-43,4,100000,31,0.00031,77,0.00077
-22,-43,5,100000,33,0.00033,93,0.00093
-22,-42,0,100000,43,0.00043,88,0.00088
-22,-42,1,100000,35,0.00035,84,0.00084
-22,-42,2,100000,38,0.00038,108,0.00108
-22,-42,3,100000,59,0.00059,118,0.00118
-22,-42,4,100000,54,0.00054,132,0.00132
-22,-42,5,100000,57,0.00057,103,0.00103
-22,-41,0,100000,34,0.00034,108,0.00108
-22,-41,1,100000,35,0.00035,95,0.00095
-22,-41,2,100000,62,0.00062,132,0.00132
-22,-41,3,100000,53,0.00053,141,0.00141
-22,-41,4,100000,74,0.00074,139,0.00139
-22,-41,5,100000,58,0.00058,116,0.00116
-22,-40,0,100000,56,0.00056,106,0.00106
-22,-40,1,100000,67,0.00067,122,0.00122
-22,-40,2,100000,86,0.00086,180,0.0018
-22,-40,3,100000,79,0.00079,143,0.00143
-22,-40,4,100000,93,0.00093,156,0.00156
-22,-40,5,100000,62,0.00062,142,0.00142
-22,-39,0,100000,70,0.0007,145,0.00145
-22,-39,1,100000,47,0.00047,149,0.00149
-22,-39,2,100000,79,0.00079,168,0.00168
-22,-39,3,100000,75,0.00075,180,0.0018
-22,-39,4,100000,74,0.00074,194,0.00194
-22,-39,5,100000,55,0.00055,134,0.00134
-22,-38,0,100000,58,0.00058,148,0.00148
-22,-38,1,100000,60,0.0006,155,0.00155
-22,-38,2,100000,103,0.00103,195,0.00195
-22,-38,3,100000,106,0.00106,225,0.00225
-22,-38,4,100000,94,0.00094,203,0.00203
-22,-38,5,100000,76,0.00076,161,0.00161
-22,-37,0,100000,80,0.0008,160,0.0016
-22,-37,1,100000,88,0.00088,179,0.00179
-22,-37,2,100000,123,0.00123,256,0.00256
-22,-37,3,100000,126,0.00126,237,0.00237
-22,-37,4,100000,117,0.00117,226,0.00226
-22,-37,5,100000,86,0.00086,179,0.00179
-22,-36,0,100000,87,0.00087,173,0.00173
-22,-36,1,100000,94,0.00094,202,0.00202
-22,-36,2,100000,99,0.00099,195,0.00195
-22,-36,3,100000,105,0.00105,244,0.00244
-22,-36,4,100000,115,0.00115,240,0.0024
-22,-36,5,100000,81,0.00081,182,0.00182
-22,-35,0,100000,64,0.00064,153,0.00153
-22,-35,1,100000,93,0.00093,189,0.00189
-22,-35,2,100000,116,0.00116,249,0.00249
-22,-35,3,100000,133,0.00133,292,0.00292
-22,-35,4,100000,105,0.00105,232,0.00232
-22,-35,5,100000,83,0.00083,180,0.0018
-22,-34,0,100000,77,0.00077,155,0.00155
-22,-34,1,100000,75,0.00075,166,0.00166
-22,-34,2,100000,108,0.00108,247,0.00247
-22,-34,3,100000,108,0.00108,243,0.00243
-22,-34,4,100000,96,0.00096,254,0.00254
-22,-34,5,100000,89,0.00089,191,0.00191
-22,-33,0,100000,60,0.0006,157,0.00157
-22,-33,1,100000,93,0.00093,184,0.00184
-22,-33,2,100000,106,0.00106,250,0.0025
-22,-33,3,100000,125,0.00125,271,0.00271
-22,-33,4,100000,130,0.0013,237,0.00237
-22,-33,5,100000,83,0.00083,183,0.00183
-22,-32,0,100000,66,0.00066,145,0.00145
-22,-32,1,100000,87,0.00087,190,0.0019
-22,-32,2,100000,137,0.00137,248,0.00248
-22,-32,3,100000,127,0.00127,263,0.00263
-22,-32,4,100000,109,0.00109,216,0.00216
-22,-32,5,100000,95,0.00095,190,0.0019
-22,-31,0,100000,100,0.001,202,0.00202
-22,-31,1,100000,103,0.00103,191,0.00191
-22,-31,2,100000,97,0.00097,229,0.00229
-22,-31,3,100000,139,0.00139,268,0.00268
-22,-31,4,100000,119,0.00119,254,0.00254
-22,-31,5,100000,93,0.00093,184,0.00184
-22,-30,0,100000,80,0.0008,153,0.00153
-22,-30,1,100000,109,0.00109,180,0.0018
-22,-30,2,100000,112,0.00112,245,0.00245
-22,-30,3,100000,95,0.00095,231,0.00231
-22,-30,4,100000,130,0.0013,251,0.00251
-22,-30,5,100000,77,0.00077,180,0.0018
-22,-29,0,100000,54,0.00054,145,0.00145
-22,-29,1,100000,84,0.00084,196,0.00196
-22,-29,2,100000,106,0.00106,223,0.00223
-22,-29,3,100000,120,0.0012,255,0.00255
-22,-29,4,100000,121,0.00121,214,0.00214
-22,-29,5,100000,88,0.00088,173,0.00173
-22,-28,0,100000,99,0.00099,185,0.00185
-22,-28,1,100000,81,0.00081,192,0.00192
-22,-28,2,100000,130,0.0013,256,0.00256
-22,-28,3,100000,113,0.00113,255,0.00255
-22,-28,4,100000,114,0.00114,246,0.00246
-22,-28,5,100000,91,0.00091,195,0.00195
-22,-27,0,100000,72,0.00072,133,0.00133
-22,-27,1,100000,63,0.00063,191,0.00191
-22,-27,2,100000,107,0.00107,240,0.0024
-22,-27,3,100000,126,0.00126,262,0.00262
-22,-27,4,100000,98,0.00098,246,0.00246
-22,-27,5,100000,65,0.00065,179,0.00179
-22,-26,0,100000,80,0.0008,148,0.00148
-22,-26,1,100000,88,0.00088,201,0.00201
-22,-26,2,100000,106,0.00106,250,0.0025
-22,-26,3,100000,114,0.00114,230,0.0023
-22,-26,4,100000,134,0.00134,249,0.00249
-22,-26,5,100000,78,0.00078,181,0.00181
-22,-25,0,100000,79,0.00079,151,0.00151
-22,-25,1,100000,97,0.00097,175,0.00175
-22,-25,2,100000,104,0.00104,255,0.00255
-22,-25,3,100000,112,0.00112,253,0.00253
-22,-25,4,100000,85,0.00085,224,0.00224
-22,-25,5,100000,81,0.00081,193,0.00193
-22,-24,0,100000,75,0.00075,169,0.00169
-22,-24,1,100000,106,0.00106,188,0.00188
-22,-24,2,100000,96,0.00096,235,0.00235
-22,-24,3,100000,102,0.00102,267,0.00267
-22,-24,4,100000,116,0.00116,215,0.00215
-22,-24,5,100000,79,0.00079,190,0.0019
-22,-23,0,100000,63,0.00063,171,0.00171
-22,-23,1,100000,105,0.00105,199,0.00199
-22,-23,2,100000,137,0.00137,260,0.0026
-22,-23,3,100000,124,0.00124,267,0.00267
-22,-23,4,100000,109,0.00109,225,0.00225
-22,-23,5,100000,93,0.00093,196,0.00196
-22,-22,0,100000,79,0.00079,153,0.00153
-22,-22,1,100000,59,0.00059,196,0.00196
-22,-22,2,100000,148,0.00148,262,0.00262
-22,-22,3,100000,136,0.00136,267,0.00267
-22,-22,4,100000,121,0.00121,239,0.00239
-22,-22,5,100000,97,0.00097,197,0.00197
-22,-21,0,100000,90,0.0009,185,0.00185
-22,-21,1,100000,85,0.00085,209,0.00209
-22,-21,2,100000,130,0.0013,257,0.00257
-22,-21,3,100000,145,0.00145,267,0.00267
-22,-21,4,100000,101,0.00101,252,0.00252
-22,-21,5,100000,79,0.00079,204,0.00204
-22,-20,0,100000,63,0.00063,144,0.00144
-22,-20,1,100000,101,0.00101,187,0.00187
-22,-20,2,100000,107,0.00107,252,0.00252
-22,-20,3,100000,116,0.00116,247,0.00247
-22,-20,4,100000,139,0.00139,251,0.00251
-22,-20,5,100000,123,0.00123,202,0.00202
-22,-19,0,100000,64,0.00064,151,0.00151
-22,-19,1,100000,112,0.00112,211,0.00211
-22,-19,2,100000,116,0.00116,250,0.0025
-22,-19,3,100000,114,0.00114,266,0.00266
-22,-19,4,100000,136,0.00136,226,0.00226
-22,-19,5,100000,93,0.00093,196,0.00196
-22,-18,0,100000,65,0.00065,154,0.00154
-22,-18,1,100000,92,0.00092,196,0.00196
-22,-18,2,100000,122,0.00122,257,0.00257
-22,-18,3,100000,122,0.00122,265,0.00265
-22,-18,4,100000,101,0.00101,212,0.00212
-22,-18,5,100000,87,0.00087,199,0.00199
-22,-17,0,100000,81,0.00081,150,0.0015
-22,-17,1,100000,111,0.00111,216,0.00216
-22,-17,2,100000,93,0.00093,238,0.00238
-22,-17,3,100000,81,0.00081,244,0.00244
-22,-17,4,100000,104,0.00104,228,0.00228
-22,-17,5,100000,100,0.001,204,0.00204
-22,-16,0,100000,82,0.00082,158,0.00158
-22,-16,1,100000,106,0.00106,184,0.00184
-22,-16,2,100000,95,0.00095,214,0.00214
-22,-16,3,100000,112,0.00112,266,0.00266
-22,-16,4,100000,136,0.00136,271,0.00271
-22,-16,5,100000,75,0.00075,166,0.00166
-22,-15,0,100000,87,0.00087,169,0.00169
-22,-15,1,100000,96,0.00096,185,0.00185
-22,-15,2,100000,99,0.00099,253,0.00253
-22,-15,3,100000,121,0.00121,242,0.00242
-22,-15,4,100000,129,0.00129,247,0.00247
-22,-15,5,100000,90,0.0009,177,0.00177
-22,-14,0,100000,66,0.00066,145,0.00145
-22,-14,1,100000,87,0.00087,174,0.00174
-22,-14,2,100000,112,0.00112,269,0.00269
-22,-14,3,100000,119,0.00119,255,0.00255
-22,-14,4,100000,90,0.0009,230,0.0023
-22,-14,5,100000,88,0.00088,199,0.00199
-22,-13,0,100000,84,0.00084,160,0.0016
-22,-13,1,100000,81,0.00081,185,0.00185
-22,-13,2,100000,103,0.00103,226,0.00226
-22,-13,3,100000,126,0.00126,260,0.0026
-22,-13,4,100000,111,0.00111,247,0.00247
-22,-13,5,100000,77,0.00077,176,0.00176
-22,-12,0,100000,68,0.00068,154,0.00154
-22,-12,1,100000,83,0.00083,190,0.0019
-22,-12,2,100000,108,0.00108,206,0.00206
-22,-12,3,100000,126,0.00126,260,0.0026
-22,-12,4,100000,93,0.00093,227,0.00227
-22,-12,5,100000,104,0.00104,199,0.00199
-22,-11,0,100000,79,0.00079,150,0.0015
-22,-11,1,100000,63,0.00063,155,0.00155
-22,-11,2,100000,92,0.00092,230,0.0023
-22,-11,3,100000,139,0.00139,260,0.0026
-22,-11,4,100000,99,0.00099,232,0.00232
-22,-11,5,100000,79,0.00079,214,0.00214
-22,-10,0,100000,69,0.00069,161,0.00161
-22,-10,1,100000,79,0.00079,184,0.00184
-22,-10,2,100000,145,0.00145,251,0.00251
-22,-10,3,100000,126,0.00126,263,0.00263
-22,-10,4,100000,124,0.00124,261,0.00261
-22,-10,5,100000,98,0.00098,208,0.00208
-22,-9,0,100000,65,0.00065,142,0.00142
-22,-9,1,100000,92,0.00092,184,0.00184
-22,-9,2,100000,121,0.00121,246,0.00246
-22,-9,3,100000,121,0.00121,274,0.00274
-22,-9,4,100000,127,0.00127,264,0.00264
-22,-9,5,100000,95,0.00095,156,0.00156
-22,-8,0,100000,98,0.00098,173,0.00173
-22,-8,1,100000,118,0.00118,212,0.00212
-22,-8,2,100000,106,0.00106,258,0.00258
-22,-8,3,100000,130,0.0013,271,0.00271
-22,-8,4,100000,95,0.00095,245,0.00245
-22,-8,5,100000,79,0.00079,209,0.00209
-22,-7,0,100000,49,0.00049,127,0.00127
-22,-7,1,100000,93,0.00093,182,0.00182
-22,-7,2,100000,107,0.00107,249,0.00249
-22,-7,3,100000,138,0.00138,265,0.00265
-22,-7,4,100000,114,0.00114,245,0.00245
-22,-7,5,100000,99,0.00099,196,0.00196
-22,-6,0,100000,72,0.00072,147,0.00147
-22,-6,1,100000,103,0.00103,191,0.00191
-22,-6,2,100000,106,0.00106,237,0.00237
-22,-6,3,100000,139,0.00139,268,0.00268
-22,-6,4,100000,121,0.00121,236,0.00236
-22,-6,5,100000,74,0.00074,202,0.00202
-22,-5,0,100000,80,0.0008,176,0.00176
-22,-5,1,100000,102,0.00102,172,0.00172
-22,-5,2,100000,110,0.0011,247,0.00247
-22,-5,3,100000,111,0.00111,262,0.00262
-22,-5,4,100000,116,0.00116,231,0.00231
-22,-5,5,100000,94,0.00094,206,0.00206
-22,-4,0,100000,81,0.00081,152,0.00152
-22,-4,1,100000,93,0.00093,186,0.00186
-22,-4,2,100000,79,0.00079,226,0.00226
-22,-4,3,100000,130,0.0013,260,0.0026
-22,-4,4,100000,100,0.001,231,0.00231
-22,-4,5,100000,90,0.0009,189,0.00189
-22,-3,0,100000,78,0.00078,165,0.00165
-22,-3,1,100000,100,0.001,200,0.002
-22,-3,2,100000,131,0.00131,263,0.00263
-22,-3,3,100000,125,0.00125,260,0.0026
-22,-3,4,100000,113,0.00113,243,0.00243
-22,-3,5,100000,92,0.00092,169,0.00169
-22,-2,0,100000,84,0.00084,153,0.00153
-22,-2,1,100000,88,0.00088,195,0.00195
-22,-2,2,100000,108,0.00108,251,0.00251
-22,-2,3,100000,143,0.00143,275,0.00275
-22,-2,4,100000,131,0.00131,237,0.00237
-22,-2,5,100000,94,0.00094,193,0.00193
-22,-1,0,100000,72,0.00072,149,0.00149
-22,-1,1,100000,88,0.00088,197,0.00197
-22,-1,2,100000,132,0.00132,261,0.00261
-22,-1,3,100000,119,0.00119,268,0.00268
-22,-1,4,100000,113,0.00113,252,0.00252
-22,-1,5,100000,90,0.0009,172,0.00172
-22,0,0,100000,75,0.00075,165,0.00165
-22,0,1,100000,83,0.00083,203,0.00203
-22,0,2,100000,126,0.00126,256,0.00256
-22,0,3,100000,133,0.00133,247,0.00247
-22,0,4,100000,106,0.00106,218,0.00218
-22,0,5,100000,70,0.0007,168,0.00168
-22,1,0,100000,78,0.00078,176,0.00176
-22,1,1,100000,99,0.00099,195,0.00195
-22,1,2,100000,131,0.00131,264,0.00264
-22,1,3,100000,120,0.0012,231,0.00231
-22,1,4,100000,108,0.00108,260,0.0026
-22,1,5,100000,86,0.00086,191,0.00191
-22,2,0,100000,57,0.00057,145,0.00145
-22,2,1,100000,92,0.00092,197,0.00197
-22,2,2,100000,117,0.00117,239,0.00239
-22,2,3,100000,117,0.00117,253,0.00253
-22,2,4,100000,116,0.00116,240,0.0024
-22,2,5,100000,69,0.00069,176,0.00176
-22,3,0,100000,78,0.00078,171,0.00171
-22,3,1,100000,87,0.00087,185,0.00185
-22,3,2,100000,138,0.00138,267,0.00267
-22,3,3,100000,132,0.00132,247,0.00247
-22,3,4,100000,117,0.00117,249,0.00249
-22,3,5,100000,74,0.00074,193,0.00193
-22,4,0,100000,68,0.00068,156,0.00156
-22,4,1,100000,90,0.0009,200,0.002
-22,4,2,100000,119,0.00119,228,0.00228
-22,4,3,100000,120,0.0012,253,0.00253
-22,4,4,100000,125,0.00125,236,0.00236
-22,4,5,100000,107,0.00107,230,0.0023
-22,5,0,100000,79,0.00079,159,0.00159
-22,5,1,100000,104,0.00104,210,0.0021
-22,5,2,100000,109,0.00109,254,0.00254
-22,5,3,100000,118,0.00118,277,0.00277
-22,5,4,100000,109,0.00109,242,0.00242
-22,5,5,100000,93,0.00093,201,0.00201
-22,6,0,100000,61,0.00061,152,0.00152
-22,6,1,100000,98,0.00098,196,0.00196
-22,6,2,100000,129,0.00129,251,0.00251
-22,6,3,100000,124,0.00124,255,0.00255
-22,6,4,100000,101,0.00101,240,0.0024
-22,6,5,100000,87,0.00087,187,0.00187
-22,7,0,100000,57,0.00057,153,0.00153
-22,7,1,100000,95,0.00095,191,0.00191
-22,7,2,100000,122,0.00122,239,0.00239
-22,7,3,100000,116,0.00116,254,0.00254
-22,7,4,100000,124,0.00124,242,0.00242
-22,7,5,100000,115,0.00115,206,0.00206
-22,8,0,100000,73,0.00073,159,0.00159
-22,8,1,100000,89,0.00089,195,0.00195
-22,8,2,100000,118,0.00118,252,0.00252
-22,8,3,100000,146,0.00146,254,0.00254
-22,8,4,100000,112,0.00112,239,0.00239
-22,8,5,100000,93,0.00093,179,0.00179
-22,9,0,100000,83,0.00083,143,0.00143
-22,9,1,100000,116,0.00116,198,0.00198
-22,9,2,100000,118,0.00118,229,0.00229
-22,9,3,100000,120,0.0012,262,0.00262
-22,9,4,100000,90,0.0009,222,0.00222
-22,9,5,100000,68,0.00068,160,0.0016
-22,10,0,100000,59,0.00059,146,0.00146
-22,10,1,100000,90,0.0009,191,0.00191
-22,10,2,100000,122,0.00122,224,0.00224
-22,10,3,100000,127,0.00127,273,0.00273
-22,10,4,100000,123,0.00123,248,0.00248
-22,10,5,100000,76,0.00076,181,0.00181
-22,11,0,100000,77,0.00077,169,0.00169
-22,11,1,100000,84,0.00084,175,0.00175
-22,11,2,100000,106,0.00106,235,0.00235
-22,11,3,100000,127,0.00127,251,0.00251
-22,11,4,100000,135,0.00135,252,0.00252
-22,11,5,100000,92,0.00092,200,0.002
-22,12,0,100000,75,0.00075,169,0.00169
-22,12,1,100000,97,0.00097,187,0.00187
-22,12,2,100000,99,0.00099,254,0.00254
-22,12,3,100000,120,0.0012,246,0.00246
-22,12,4,100000,123,0.00123,252,0.00252
-22,12,5,100000,106,0.00106,193,0.00193
-22,13,0,100000,61,0.00061,146,0.00146
-22,13,1,100000,96,0.00096,190,0.0019
-22,13,2,100000,122,0.00122,237,0.00237
-22,13,3,100000,114,0.00114,255,0.00255
-22,13,4,100000,130,0.0013,252,0.00252
-22,13,5,100000,85,0.00085,196,0.00196
-22,14,0,100000,89,0.00089,168,0.00168
-22,14,1,100000,116,0.00116,217,0.00217
-22,14,2,100000,114,0.00114,255,0.00255
-22,14,3,100000,120,0.0012,245,0.00245
-22,14,4,100000,128,0.00128,267,0.00267
-22,14,5,100000,86,0.00086,178,0.00178
-22,15,0,100000,83,0.00083,153,0.00153
-22,15,1,100000,79,0.00079,202,0.00202
-22,15,2,100000,126,0.00126,236,0.00236
-22,15,3,100000,129,0.00129,263,0.00263
-22,15,4,100000,80,0.0008,235,0.00235
-22,15,5,100000,96,0.00096,190,0.0019
-22,16,0,100000,76,0.00076,169,0.00169
-22,16,1,100000,75,0.00075,185,0.00185
-22,16,2,100000,114,0.00114,219,0.00219
-22,16,3,100000,120,0.0012,240,0.0024
-22,16,4,100000,127,0.00127,262,0.00262
-22,16,5,100000,85,0.00085,202,0.00202
-22,17,0,100000,71,0.00071,151,0.00151
-22,17,1,100000,88,0.00088,174,0.00174
-22,17,2,100000,128,0.00128,264,0.00264
-22,17,3,100000,119,0.00119,255,0.00255
-22,17,4,100000,116,0.00116,234,0.00234
-22,17,5,100000,97,0.00097,191,0.00191
-22,18,0,100000,70,0.0007,142,0.00142
-22,18,1,100000,91,0.00091,196,0.00196
-22,18,2,100000,123,0.00123,269,0.00269
-22,18,3,100000,118,0.00118,248,0.00248
-22,18,4,100000,127,0.00127,256,0.00256
-22,18,5,100000,81,0.00081,187,0.00187
-22,19,0,100000,77,0.00077,153,0.00153
-22,19,1,100000,103,0.00103,196,0.00196
-22,19,2,100000,103,0.00103,253,0.00253
-22,19,3,100000,128,0.00128,282,0.00282
-22,19,4,100000,132,0.00132,248,0.00248
-22,19,5,100000,82,0.00082,186,0.00186
-22,20,0,100000,74,0.00074,138,0.00138
-22,20,1,100000,115,0.00115,205,0.00205
-22,20,2,100000,123,0.00123,237,0.00237
-22,20,3,100000,112,0.00112,249,0.00249
-22,20,4,100000,112,0.00112,251,0.00251
-22,20,5,100000,82,0.00082,191,0.00191
-22,21,0,100000,60,0.0006,157,0.00157
-22,21,1,100000,90,0.0009,194,0.00194
-22,21,2,100000,118,0.00118,257,0.00257
-22,21,3,100000,113,0.00113,230,0.0023
-22,21,4,100000,119,0.00119,238,0.00238
-22,21,5,100000,85,0.00085,202,0.00202
-22,22,0,100000,68,0.00068,153,0.00153
-22,22,1,100000,87,0.00087,178,0.00178
-22,22,2,100000,100,0.001,241,0.00241
-22,22,3,100000,128,0.00128,269,0.00269
-22,22,4,100000,115,0.00115,249,0.00249
-22,22,5,100000,105,0.00105,186,0.00186
-22,23,0,100000,65,0.00065,146,0.00146
-22,23,1,100000,99,0.00099,205,0.00205
-22,23,2,100000,112,0.00112,240,0.0024
-22,23,3,100000,112,0.00112,278,0.00278
-22,23,4,100000,122,0.00122,241,0.00241
-22,23,5,100000,97,0.00097,198,0.00198
-22,24,0,100000,60,0.0006,166,0.00166
-22,24,1,100000,110,0.0011,198,0.00198
-22,24,2,100000,132,0.00132,236,0.00236
-22,24,3,100000,128,0.00128,280,0.0028
-22,24,4,100000,128,0.00128,255,0.00255
-22,24,5,100000,78,0.00078,177,0.00177
-22,25,0,100000,72,0.00072,169,0.00169
-22,25,1,100000,75,0.00075,180,0.0018
-22,25,2,100000,113,0.00113,256,0.00256
-22,25,3,100000,116,0.00116,262,0.00262
-22,25,4,100000,97,0.00097,250,0.0025
-22,25,5,100000,94,0.00094,223,0.00223
-22,26,0,100000,75,0.00075,165,0.00165
-22,26,1,100000,82,0.00082,191,0.00191
-22,26,2,100000,111,0.00111,238,0.00238
-22,26,3,100000,159,0.00159,262,0.00262
-22,26,4,100000,130,0.0013,242,0.00242
-22,26,5,100000,80,0.0008,182,0.00182
-22,27,0,100000,65,0.00065,157,0.00157
-22,27,1,100000,79,0.00079,189,0.00189
-22,27,2,100000,98,0.00098,224,0.00224
-22,27,3,100000,119,0.00119,238,0.00238
-22,27,4,100000,126,0.00126,262,0.00262
-22,27,5,100000,94,0.00094,188,0.00188
-22,28,0,100000,79,0.00079,169,0.00169
-22,28,1,100000,93,0.00093,193,0.00193
-22,28,2,100000,143,0.00143,261,0.00261
-22,28,3,100000,135,0.00135,258,0.00258
-22,28,4,100000,111,0.00111,228,0.00228
-22,28,5,100000,96,0.00096,200,0.002
-22,29,0,100000,71,0.00071,147,0.00147
-22,29,1,100000,104,0.00104,189,0.00189
-22,29,2,100000,92,0.00092,235,0.00235
-22,29,3,100000,135,0.00135,280,0.0028
-22,29,4,100000,112,0.00112,224,0.00224
-22,29,5,100000,81,0.00081,177,0.00177
-22,30,0,100000,81,0.00081,154,0.00154
-22,30,1,100000,97,0.00097,177,0.00177
-22,30,2,100000,113,0.00113,261,0.00261
-22,30,3,100000,125,0.00125,250,0.0025
-22,30,4,100000,106,0.00106,240,0.0024
-22,30,5,100000,76,0.00076,198,0.00198
-22,31,0,100000,77,0.00077,152,0.00152
-22,31,1,100000,89,0.00089,178,0.00178
-22,31,2,100000,132,0.00132,250,0.0025
-22,31,3,100000,107,0.00107,217,0.00217
-22,31,4,100000,108,0.00108,222,0.00222
-22,31,5,100000,85,0.00085,205,0.00205
-22,32,0,100000,74,0.00074,153,0.00153
-22,32,1,100000,86,0.00086,192,0.00192
-22,32,2,100000,107,0.00107,243,0.00243
-22,32,3,100000,133,0.00133,282,0.00282
-22,32,4,100000,117,0.00117,222,0.00222
-22,32,5,100000,100,0.001,172,0.00172
-22,33,0,100000,65,0.00065,163,0.00163
-22,33,1,100000,115,0.00115,210,0.0021
-22,33,2,100000,133,0.00133,269,0.00269
-22,33,3,100000,123,0.00123,264,0.00264
-22,33,4,100000,100,0.001,235,0.00235
-22,33,5,100000,92,0.00092,176,0.00176
-22,34,0,100000,62,0.00062,164,0.00164
-22,34,1,100000,95,0.00095,204,0.00204
-22,34,2,100000,96,0.00096,235,0.00235
-22,34,3,100000,149,0.00149,304,0.00304
-22,34,4,100000,97,0.00097,229,0.00229
-22,34,5,100000,95,0.00095,187,0.00187
-22,35,0,100000,72,0.00072,162,0.00162
-22,35,1,100000,79,0.00079,186,0.00186
-22,35,2,100000,123,0.00123,252,0.00252
-22,35,3,100000,118,0.00118,261,0.00261
-22,35,4,100000,128,0.00128,250,0.0025
-22,35,5,100000,106,0.00106,197,0.00197
-22,36,0,100000,81,0.00081,172,0.00172
-22,36,1,100000,105,0.00105,203,0.00203
-22,36,2,100000,124,0.00124,250,0.0025
-22,36,3,100000,127,0.00127,238,0.00238
-22,36,4,100000,118,0.00118,239,0.00239
-22,36,5,100000,83,0.00083,162,0.00162
-22,37,0,100000,71,0.00071,154,0.00154
-22,37,1,100000,89,0.00089,171,0.00171
-22,37,2,100000,103,0.00103,238,0.00238
-22,37,3,100000,118,0.00118,253,0.00253
-22,37,4,100000,91,0.00091,198,0.00198
-22,37,5,100000,108,0.00108,196,0.00196
-22,38,0,100000,50,0.0005,125,0.00125
-22,38,1,100000,87,0.00087,177,0.00177
-22,38,2,100000,80,0.0008,196,0.00196
-22,38,3,100000,147,0.00147,219,0.00219
-22,38,4,100000,97,0.00097,193,0.00193
-22,38,5,100000,87,0.00087,167,0.00167
-22,39,0,100000,64,0.00064,120,0.0012
-22,39,1,100000,66,0.00066,140,0.0014
-22,39,2,100000,101,0.00101,159,0.00159
-22,39,3,100000,85,0.00085,188,0.00188
-22,39,4,100000,78,0.00078,152,0.00152
-22,39,5,100000,70,0.0007,147,0.00147
-22,40,0,100000,50,0.0005,110,0.0011
-22,40,1,100000,62,0.00062,132,0.00132
-22,40,2,100000,90,0.0009,152,0.00152
-22,40,3,100000,75,0.00075,170,0.0017
-22,40,4,100000,82,0.00082,160,0.0016
-22,40,5,100000,63,0.00063,140,0.0014
-22,41,0,100000,35,0.00035,86,0.00086
-22,41,1,100000,46,0.00046,142,0.00142
-22,41,2,100000,39,0.00039,117,0.00117
-22,41,3,100000,48,0.00048,126,0.00126
-22,41,4,100000,49,0.00049,141,0.00141
-22,41,5,100000,67,0.00067,98,0.00098
-22,42,0,100000,45,0.00045,91,0.00091
-22,42,1,100000,49,0.00049,107,0.00107
-22,42,2,100000,41,0.00041,115,0.00115
-22,42,3,100000,62,0.00062,109,0.00109
-22,42,4,100000,24,0.00024,104,0.00104
-22,42,5,100000,39,0.00039,88,0.00088
-22,43,0,100000,32,0.00032,97,0.00097
-22,43,1,100000,37,0.00037,80,0.0008
-22,43,2,100000,34,0.00034,96,0.00096
-22,43,3,100000,36,0.00036,86,0.00086
-22,43,4,100000,32,0.00032,75,0.00075
-22,43,5,100000,27,0.00027,68,0.00068
-22,44,0,100000,48,0.00048,88,0.00088
-22,44,1,100000,43,0.00043,85,0.00085
-22,44,2,100000,45,0.00045,87,0.00087
-22,44,3,100000,30,0.0003,81,0.00081
-22,44,4,100000,24,0.00024,73,0.00073
-22,44,5,100000,43,0.00043,102,0.00102
-22,45,0,100000,45,0.00045,70,0.0007
-22,45,1,100000,32,0.00032,83,0.00083
-22,45,2,100000,40,0.0004,104,0.00104
-22,45,3,100000,17,0.00017,75,0.00075
-22,45,4,100000,36,0.00036,67,0.00067
-22,45,5,100000,41,0.00041,74,0.00074
-22,46,0,100000,38,0.00038,83,0.00083
-22,46,1,100000,44,0.00044,75,0.00075
-22,46,2,100000,27,0.00027,81,0.00081
-22,46,3,100000,34,0.00034,69,0.00069
-22,46,4,100000,36,0.00036,71,0.00071
-22,46,5,100000,31,0.00031,68,0.00068
-22,47,0,100000,50,0.0005,98,0.00098
-22,47,1,100000,29,0.00029,66,0.00066
-22,47,2,100000,36,0.00036,91,0.00091
-22,47,3,100000,37,0.00037,68,0.00068
-22,47,4,100000,26,0.00026,75,0.00075
-22,47,5,100000,44,0.00044,71,0.00071
-22,48,0,100000,35,0.00035,72,0.00072
-22,48,1,100000,18,0.00018,75,0.00075
-22,48,2,100000,24,0.00024,89,0.00089
-22,48,3,100000,31,0.00031,64,0.00064
-22,48,4,100000,15,0.00015,58,0.00058
-22,48,5,100000,19,0.00019,65,0.00065
-22,49,0,100000,31,0.00031,84,0.00084
-22,49,1,100000,29,0.00029,66,0.00066
-22,49,2,100000,43,0.00043,88,0.00088
-22,49,3,100000,45,0.00045,87,0.00087
-22,49,4,100000,32,0.00032,79,0.00079
-22,49,5,100000,17,0.00017,67,0.00067
-22,50,0,100000,36,0.00036,81,0.00081
-22,50,1,100000,26,0.00026,73,0.00073
-22,50,2,100000,42,0.00042,87,0.00087
-22,50,3,100000,25,0.00025,67,0.00067
-22,50,4,100000,38,0.00038,78,0.00078
-22,50,5,100000,34,0.00034,61,0.00061
-21,-50,0,100000,41,0.00041,80,0.0008
-21,-50,1,100000,42,0.00042,76,0.00076
-21,-50,2,100000,32,0.00032,88,0.00088
-21,-50,3,100000,40,0.0004,85,0.00085
-21,-50,4,100000,20,0.0002,72,0.00072
-21,-50,5,100000,30,0.0003,73,0.00073
-21,-49,0,100000,45,0.00045,89,0.00089
-21,-49,1,100000,32,0.00032,68,0.00068
-21,-49,2,100000,26,0.00026,81,0.00081
-21,-49,3,100000,21,0.00021,65,0.00065
-21,-49,4,100000,22,0.00022,70,0.0007
-21,-49,5,100000,30,0.0003,93,0.00093
-21,-48,0,100000,27,0.00027,66,0.00066
-21,-48,1,100000,32,0.00032,76,0.00076
-21,-48,2,100000,37,0.00037,75,0.00075
-21,-48,3,100000,23,0.00023,87,0.00087
-21,-48,4,100000,21,0.00021,76,0.00076
-21,-48,5,100000,16,0.00016,65,0.00065
-21,-47,0,100000,36,0.00036,76,0.00076
-21,-47,1,100000,22,0.00022,78,0.00078
-21,-47,2,100000,39,0.00039,84,0.00084
-21,-47,3,100000,28,0.00028,85,0.00085
-21,-47,4,100000,53,0.00053,90,0.0009
-21,-47,5,100000,29,0.00029,78,0.00078
-21,-46,0,100000,37,0.00037,71,0.00071
-21,-46,1,100000,33,0.00033,71,0.00071
-21,-46,2,100000,25,0.00025,67,0.00067
-21,-46,3,100000,30,0.0003,68,0.00068
-21,-46,4,100000,24,0.00024,83,0.00083
-21,-46,5,100000,52,0.00052,89,0.00089
-21,-45,0,100000,32,0.00032,84,0.00084
-21,-45,1,100000,36,0.00036,76,0.00076
-21,-45,2,100000,47,0.00047,76,0.00076
-21,-45,3,100000,12,0.00012,62,0.00062
-21,-45,4,100000,33,0.00033,93,0.00093
-21,-45,5,100000,41,0.00041,83,0.00083
-21,-44,0,100000,62,0.00062,86,0.00086
-21,-44,1,100000,37,0.00037,81,0.00081
-21,-44,2,100000,28,0.00028,76,0.00076
-21,-44,3,100000,50,0.0005,95,0.00095
-21,-44,4,100000,33,0.00033,87,0.00087
-21,-44,5,100000,38,0.00038,94,0.00094
-21,-43,0,100000,27,0.00027,95,0.00095
-21,-43,1,100000,28,0.00028,80,0.0008
-21,-43,2,100000,47,0.00047,113,0.00113
-21,-43,3,100000,41,0.00041,91,0.00091
-21,-43,4,100000,48,0.00048,112,0.00112
-21,-43,5,100000,47,0.00047,88,0.00088
-21,-42,0,100000,44,0.00044,115,0.00115
-21,-42,1,100000,33,0.00033,89,0.00089
-21,-42,2,100000,41,0.00041,124,0.00124
-21,-42,3,100000,55,0.00055,118,0.00118
-21,-42,4,100000,63,0.00063,125,0.00125
-21,-42,5,100000,31,0.00031,117,0.00117
-21,-41,0,100000,49,0.00049,107,0.00107
-21,-41,1,100000,61,0.00061,112,0.00112
-21,-41,2,100000,70,0.0007,133,0.00133
-21,-41,3,100000,68,0.00068,163,0.00163
-21,-41,4,100000,52,0.00052,144,0.00144
-21,-41,5,100000,55,0.00055,154,0.00154
-21,-40,0,100000,74,0.00074,131,0.00131
-21,-40,1,100000,53,0.00053,151,0.00151
-21,-40,2,100000,89,0.00089,180,0.0018
-21,-40,3,100000,91,0.00091,184,0.00184
-21,-40,4,100000,63,0.00063,173,0.00173
-21,-40,5,100000,71,0.00071,149,0.00149
-21,-39,0,100000,83,0.00083,148,0.00148
-21,-39,1,100000,92,0.00092,173,0.00173
-21,-39,2,100000,76,0.00076,203,0.00203
-21,-39,3,100000,101,0.00101,237,0.00237
-21,-39,4,100000,83,0.00083,199,0.00199
-21,-39,5,100000,77,0.00077,167,0.00167
-21,-38,0,100000,79,0.00079,153,0.00153
-21,-38,1,100000,90,0.0009,183,0.00183
-21,-38,2,100000,134,0.00134,265,0.00265
-21,-38,3,100000,120,0.0012,262,0.00262
-21,-38,4,100000,109,0.00109,234,0.00234
-21,-38,5,100000,108,0.00108,197,0.00197
-21,-37,0,100000,69,0.00069,162,0.00162
-21,-37,1,100000,90,0.0009,222,0.00222
-21,-37,2,100000,131,0.00131,262,0.00262
-21,-37,3,100000,165,0.00165,319,0.00319
-21,-37,4,100000,133,0.00133,270,0.0027
-21,-37,5,100000,107,0.00107,230,0.0023
-21,-36,0,100000,83,0.00083,182,0.00182
-21,-36,1,100000,99,0.00099,224,0.00224
-21,-36,2,100000,157,0.00157,270,0.0027
-21,-36,3,100000,127,0.00127,299,0.00299
-21,-36,4,100000,116,0.00116,268,0.00268
-21,-36,5,100000,134,0.00134,236,0.00236
-21,-35,0,100000,72,0.00072,187,0.00187
-21,-35,1,100000,95,0.00095,209,0.00209
-21,-35,2,100000,137,0.00137,270,0.0027
-21,-35,3,100000,146,0.00146,298,0.00298
-21,-35,4,100000,123,0.00123,288,0.00288
-21,-35,5,100000,89,0.00089,217,0.00217
-21,-34,0,100000,100,0.001,191,0.00191
-21,-34,1,100000,124,0.00124,223,0.00223
-21,-34,2,100000,133,0.00133,279,0.00279
-21,-34,3,100000,184,0.00184,348,0.00348
-21,-34,4,100000,113,0.00113,288,0.00288
-21,-34,5,100000,103,0.00103,239,0.00239
-21,-33,0,100000,83,0.00083,166,0.00166
-21,-33,1,100000,100,0.001,211,0.00211
-21,-33,2,100000,137,0.00137,286,0.00286
-21,-33,3,100000,149,0.00149,315,0.00315
-21,-33,4,100000,125,0.00125,287,0.00287
-21,-33,5,100000,107,0.00107,217,0.00217
-21,-32,0,100000,78,0.00078,193,0.00193
-21,-32,1,100000,92,0.00092,239,0.00239
-21,-32,2,100000,133,0.00133,254,0.00254
-21,-32,3,100000,132,0.00132,315,0.00315
-21,-32,4,100000,139,0.00139,293,0.00293
-21,-32,5,100000,120,0.0012,237,0.00237
-21,-31,0,100000,92,0.00092,194,0.00194
-21,-31,1,100000,106,0.00106,232,0.00232
-21,-31,2,100000,104,0.00104,280,0.0028
-21,-31,3,100000,135,0.00135,309,0.00309
-21,-31,4,100000,147,0.00147,298,0.00298
-21,-31,5,100000,111,0.00111,225,0.00225
-21,-30,0,100000,82,0.00082,162,0.00162
-21,-30,1,100000,100,0.001,216,0.00216
-21,-30,2,100000,133,0.00133,285,0.00285
-21,-30,3,100000,153,0.00153,322,0.00322
-21,-30,4,100000,130,0.0013,280,0.0028
-21,-30,5,100000,121,0.00121,254,0.00254
-21,-29,0,100000,112,0.00112,198,0.00198
-21,-29,1,100000,121,0.00121,230,0.0023
-21,-29,2,100000,111,0.00111,287,0.00287
-21,-29,3,100000,148,0.00148,318,0.00318
-21,-29,4,100000,113,0.00113,297,0.00297
-21,-29,5,100000,113,0.00113,240,0.0024
-21,-28,0,100000,83,0.00083,187,0.00187
-21,-28,1,100000,107,0.00107,235,0.00235
-21,-28,2,100000,154,0.00154,321,0.00321
-21,-28,3,100000,163,0.00163,312,0.00312
-21,-28,4,100000,157,0.00157,300,0.003
-21,-28,5,100000,96,0.00096,226,0.00226
-21,-27,0,100000,97,0.00097,194,0.00194
-21,-27,1,100000,103,0.00103,203,0.00203
-21,-27,2,100000,133,0.00133,294,0.00294
-21,-27,3,100000,159,0.00159,343,0.00343
-21,-27,4,100000,132,0.00132,291,0.00291
-21,-27,5,100000,95,0.00095,212,0.00212
-21,-26,0,100000,81,0.00081,173,0.00173
-21,-26,1,100000,137,0.00137,237,0.00237
-21,-26,2,100000,168,0.00168,305,0.00305
-21,-26,3,100000,157,0.00157,338,0.00338
-21,-26,4,100000,133,0.00133,284,0.00284
-21,-26,5,100000,130,0.0013,234,0.00234
-21,-25,0,100000,92,0.00092,194,0.00194
-21,-25,1,100000,136,0.00136,228,0.00228
-21,-25,2,100000,165,0.00165,304,0.00304
-21,-25,3,100000,153,0.00153,323,0.00323
-21,-25,4,100000,159,0.00159,310,0.0031
-21,-25,5,100000,103,0.00103,238,0.00238
-21,-24,0,100000,86,0.00086,207,0.00207
-21,-24,1,100000,119,0.00119,241,0.00241
-21,-24,2,100000,154,0.00154,296,0.00296
-21,-24,3,100000,150,0.0015,323,0.00323
-21,-24,4,100000,137,0.00137,294,0.00294
-21,-24,5,100000,101,0.00101,225,0.00225
-21,-23,0,100000,91,0.00091,199,0.00199
-21,-23,1,100000,125,0.00125,249,0.00249
-21,-23,2,100000,131,0.00131,274,0.00274
-21,-23,3,100000,120,0.0012,324,0.00324
-21,-23,4,100000,124,0.00124,286,0.00286
-21,-23,5,100000,109,0.00109,212,0.00212
-21,-22,0,100000,67,0.00067,155,0.00155
-21,-22,1,100000,80,0.0008,238,0.00238
-21,-22,2,100000,127,0.00127,274,0.00274
-21,-22,3,100000,140,0.0014,308,0.00308
-21,-22,4,100000,145,0.00145,319,0.00319
-21,-22,5,100000,90,0.0009,198,0.00198
-21,-21,0,100000,103,0.00103,169,0.00169
-21,-21,1,100000,89,0.00089,212,0.00212
-21,-21,2,100000,128,0.00128,292,0.00292
-21,-21,3,100000,148,0.00148,323,0.00323
-21,-21,4,100000,146,0.00146,285,0.00285
-21,-21,5,100000,96,0.00096,248,0.00248
-21,-20,0,100000,79,0.00079,176,0.00176
-21,-20,1,100000,102,0.00102,196,0.00196
-21,-20,2,100000,139,0.00139,282,0.00282
-21,-20,3,100000,143,0.00143,315,0.00315
-21,-20,4,100000,140,0.0014,306,0.00306
-21,-20,5,100000,105,0.00105,246,0.00246
-21,-19,0,100000,85,0.00085,180,0.0018
-21,-19,1,100000,102,0.00102,245,0.00245
-21,-19,2,100000,127,0.00127,292,0.00292
-21,-19,3,100000,158,0.00158,327,0.00327
-21,-19,4,100000,168,0.00168,308,0.00308
-21,-19,5,100000,111,0.00111,205,0.00205
-21,-18,0,100000,62,0.00062,155,0.00155
-21,-18,1,100000,104,0.00104,259,0.00259
-21,-18,2,100000,144,0.00144,284,0.00284
-21,-18,3,100000,159,0.00159,332,0.00332
-21,-18,4,100000,133,0.00133,276,0.00276
-21,-18,5,100000,107,0.00107,226,0.00226
-21,-17,0,100000,77,0.00077,180,0.0018
-21,-17,1,100000,98,0.00098,224,0.00224
-21,-17,2,100000,108,0.00108,271,0.00271
-21,-17,3,100000,159,0.00159,317,0.00317
-21,-17,4,100000,131,0.00131,307,0.00307
-21,-17,5,100000,103,0.00103,235,0.00235
-21,-16,0,100000,106,0.00106,188,0.00188
-21,-16,1,100000,123,0.00123,236,0.00236
-21,-16,2,100000,142,0.00142,277,0.00277
-21,-16,3,100000,169,0.00169,325,0.00325
-21,-16,4,100000,148,0.00148,285,0.00285
-21,-16,5,100000,101,0.00101,210,0.0021
-21,-15,0,100000,77,0.00077,182,0.00182
-21,-15,1,100000,87,0.00087,213,0.00213
-21,-15,2,100000,117,0.00117,284,0.00284
-21,-15,3,100000,141,0.00141,315,0.00315
-21,-15,4,100000,131,0.00131,255,0.00255
-21,-15,5,100000,92,0.00092,225,0.00225
-21,-14,0,100000,80,0.0008,168,0.00168
-21,-14,1,100000,98,0.00098,246,0.00246
-21,-14,2,100000,117,0.00117,261,0.00261
-21,-14,3,100000,133,0.00133,323,0.00323
-21,-14,4,100000,134,0.00134,293,0.00293
-21,-14,5,100000,135,0.00135,248,0.00248
-21,-13,0,100000,97,0.00097,192,0.00192
-21,-13,1,100000,136,0.00136,232,0.00232
-21,-13,2,100000,130,0.0013,264,0.00264
-21,-13,3,100000,134,0.00134,340,0.0034
-21,-13,4,100000,166,0.00166,322,0.00322
-21,-13,5,100000,113,0.00113,231,0.00231
-21,-12,0,100000,81,0.00081,172,0.00172
-21,-12,1,100000,111,0.00111,242,0.00242
-21,-12,2,100000,144,0.00144,296,0.00296
-21,-12,3,100000,135,0.00135,304,0.00304
-21,-12,4,100000,147,0.00147,330,0.0033
-21,-12,5,100000,112,0.00112,226,0.00226
-21,-11,0,100000,79,0.00079,163,0.00163
-21,-11,1,100000,122,0.00122,237,0.00237
-21,-11,2,100000,144,0.00144,297,0.00297
-21,-11,3,100000,129,0.00129,286,0.00286
-21,-11,4,100000,135,0.00135,270,0.0027
-21,-11,5,100000,114,0.00114,242,0.00242
-21,-10,0,100000,81,0.00081,201,0.00201
-21,-10,1,100000,87,0.00087,216,0.00216
-21,-10,2,100000,135,0.00135,290,0.0029
-21,-10,3,100000,175,0.00175,311,0.00311
-21,-10,4,100000,147,0.00147,276,0.00276
-21,-10,5,100000,113,0.00113,222,0.00222
-21,-9,0,100000,115,0.00115,194,0.00194
-21,-9,1,100000,136,0.00136,222,0.00222
-21,-9,2,100000,133,0.00133,294,0.00294
-21,-9,3,100000,166,0.00166,323,0.00323
-21,-9,4,100000,144,0.00144,310,0.0031
-21,-9,5,100000,120,0.0012,213,0.00213
-21,-8,0,100000,102,0.00102,176,0.00176
-21,-8,1,100000,74,0.00074,190,0.0019
-21,-8,2,100000,155,0.00155,284,0.00284
-21,-8,3,100000,156,0.00156,329,0.00329
-21,-8,4,100000,148,0.00148,287,0.00287
-21,-8,5,100000,124,0.00124,233,0.00233
-21,-7,0,100000,94,0.00094,190,0.0019
-21,-7,1,100000,113,0.00113,221,0.00221
-21,-7,2,100000,135,0.00135,282,0.00282
-21,-7,3,100000,141,0.00141,333,0.00333
-21,-7,4,100000,152,0.00152,285,0.00285
-21,-7,5,100000,130,0.0013,237,0.00237
-21,-6,0,100000,97,0.00097,190,0.0019
-21,-6,1,100000,89,0.00089,216,0.00216
-21,-6,2,100000,157,0.00157,284,0.00284
-21,-6,3,100000,104,0.00104,315,0.00315
-21,-6,4,100000,147,0.00147,313,0.00313
-21,-6,5,100000,90,0.0009,227,0.00227
-21,-5,0,100000,92,0.00092,191,0.00191
-21,-5,1,100000,122,0.00122,222,0.00222
-21,-5,2,100000,157,0.00157,284,0.00284
-21,-5,3,100000,162,0.00162,328,0.00328
-21,-5,4,100000,151,0.00151,316,0.00316
-21,-5,5,100000,98,0.00098,212,0.00212
-21,-4,0,100000,81,0.00081,171,0.00171
-21,-4,1,100000,104,0.00104,229,0.00229
-21,-4,2,100000,169,0.00169,346,0.00346
-21,-4,3,100000,128,0.00128,302,0.00302
-21,-4,4,100000,134,0.00134,275,0.00275
-21,-4,5,100000,93,0.00093,213,0.00213
-21,-3,0,100000,95,0.00095,206,0.00206
-21,-3,1,100000,113,0.00113,203,0.00203
-21,-3,2,100000,139,0.00139,279,0.00279
-21,-3,3,100000,147,0.00147,314,0.00314
-21,-3,4,100000,141,0.00141,283,0.00283
-21,-3,5,100000,122,0.00122,238,0.00238
-21,-2,0,100000,74,0.00074,180,0.0018
-21,-2,1,100000,124,0.00124,223,0.00223
-21,-2,2,100000,133,0.00133,305,0.00305
-21,-2,3,100000,145,0.00145,304,0.00304
-21,-2,4,100000,135,0.00135,307,0.00307
-21,-2,5,100000,100,0.001,251,0.00251
-21,-1,0,100000,102,0.00102,211,0.00211
-21,-1,1,100000,111,0.00111,222,0.00222
-21,-1,2,100000,131,0.00131,272,0.00272
-21,-1,3,100000,182,0.00182,321,0.00321
-21,-1,4,100000,133,0.00133,284,0.00284
-21,-1,5,100000,119,0.00119,233,0.00233
-21,0,0,100000,103,0.00103,193,0.00193
-21,0,1,100000,112,0.00112,235,0.00235
-21,0,2,100000,173,0.00173,321,0.00321
-21,0,3,100000,162,0.00162,331,0.00331
-21,0,4,100000,150,0.0015,301,0.00301
-21,0,5,100000,92,0.00092,221,0.00221
-21,1,0,100000,77,0.00077,198,0.00198
-21,1,1,100000,120,0.0012,227,0.00227
-21,1,2,100000,124,0.00124,277,0.00277
-21,1,3,100000,138,0.00138,301,0.00301
-21,1,4,100000,142,0.00142,292,0.00292
-21,1,5,100000,109,0.00109,236,0.00236
-21,2,0,100000,97,0.00097,217,0.00217
-21,2,1,100000,107,0.00107,211,0.00211
-21,2,2,100000,139,0.00139,308,0.00308
-21,2,3,100000,156,0.00156,314,0.00314
-21,2,4,100000,136,0.00136,272,0.00272
-21,2,5,100000,119,0.00119,225,0.00225
-21,3,0,100000,70,0.0007,162,0.00162
-21,3,1,100000,101,0.00101,235,0.00235
-21,3,2,100000,144,0.00144,274,0.00274
-21,3,3,100000,143,0.00143,289,0.00289
-21,3,4,100000,165,0.00165,287,0.00287
-21,3,5,100000,104,0.00104,246,0.00246
-21,4,0,100000,99,0.00099,170,0.0017
-21,4,1,100000,112,0.00112,242,0.00242
-21,4,2,100000,138,0.00138,297,0.00297
-21,4,3,100000,195,0.00195,338,0.00338
-21,4,4,100000,152,0.00152,313,0.00313
-21,4,5,100000,113,0.00113,219,0.00219
-21,5,0,100000,97,0.00097,198,0.00198
-21,5,1,100000,115,0.00115,222,0.00222
-21,5,2,100000,160,0.0016,305,0.00305
-21,5,3,100000,129,0.00129,316,0.00316
-21,5,4,100000,166,0.00166,314,0.00314
-21,5,5,100000,115,0.00115,230,0.0023
-21,6,0,100000,88,0.00088,183,0.00183
-21,6,1,100000,101,0.00101,250,0.0025
-21,6,2,100000,126,0.00126,312,0.00312
-21,6,3,100000,147,0.00147,298,0.00298
-21,6,4,100000,138,0.00138,300,0.003
-21,6,5,100000,116,0.00116,238,0.00238
-21,7,0,100000,74,0.00074,151,0.00151
-21,7,1,100000,131,0.00131,265,0.00265
-21,7,2,100000,119,0.00119,293,0.00293
-21,7,3,100000,129,0.00129,289,0.00289
-21,7,4,100000,145,0.00145,304,0.00304
-21,7,5,100000,110,0.0011,214,0.00214
-21,8,0,100000,67,0.00067,171,0.00171
-21,8,1,100000,109,0.00109,232,0.00232
-21,8,2,100000,146,0.00146,275,0.00275
-21,8,3,100000,163,0.00163,339,0.00339
-21,8,4,100000,141,0.00141,306,0.00306
-21,8,5,100000,121,0.00121,231,0.00231
-21,9,0,100000,87,0.00087,180,0.0018
-21,9,1,100000,106,0.00106,224,0.00224
-21,9,2,100000,153,0.00153,292,0.00292
-21,9,3,100000,128,0.00128,312,0.00312
-21,9,4,100000,152,0.00152,292,0.00292
-21,9,5,100000,125,0.00125,248,0.00248
-21,10,0,100000,88,0.00088,174,0.00174
-21,10,1,100000,120,0.0012,230,0.0023
-21,10,2,100000,144,0.00144,331,0.00331
-21,10,3,100000,175,0.00175,350,0.0035
-21,10,4,100000,143,0.00143,285,0.00285
-21,10,5,100000,116,0.00116,258,0.00258
-21,11,0,100000,84,0.00084,189,0.00189
-21,11,1,100000,110,0.0011,251,0.00251
-21,11,2,100000,143,0.00143,294,0.00294
-21,11,3,100000,136,0.00136,315,0.00315
-21,11,4,100000,151,0.00151,314,0.00314
-21,11,5,100000,115,0.00115,223,0.00223
-21,12,0,100000,85,0.00085,199,0.00199
-21,12,1,100000,95,0.00095,212,0.00212
-21,12,2,100000,143,0.00143,319,0.00319
-21,12,3,100000,130,0.0013,293,0.00293
-21,12,4,100000,121,0.00121,286,0.00286
-21,12,5,100000,89,0.00089,201,0.00201
-21,13,0,100000,93,0.00093,187,0.00187
-21,13,1,100000,109,0.00109,234,0.00234
-21,13,2,100000,116,0.00116,257,0.00257
-21,13,3,100000,145,0.00145,285,0.00285
-21,13,4,100000,142,0.00142,291,0.00291
-21,13,5,100000,121,0.00121,228,0.00228
-21,14,0,100000,117,0.00117,221,0.00221
-21,14,1,100000,99,0.00099,216,0.00216
-21,14,2,100000,130,0.0013,289,0.00289
-21,14,3,100000,161,0.00161,305,0.00305
-21,14,4,100000,158,0.00158,326,0.00326
-21,14,5,100000,112,0.00112,212,0.00212
-21,15,0,100000,88,0.00088,189,0.00189
-21,15,1,100000,97,0.00097,228,0.00228
-21,15,2,100000,135,0.00135,303,0.00303
-21,15,3,100000,124,0.00124,296,0.00296
-21,15,4,100000,126,0.00126,292,0.00292
-21,15,5,100000,120,0.0012,207,0.00207
-21,16,0,100000,140,0.0014,218,0.00218
-21,16,1,100000,128,0.00128,242,0.00242
-21,16,2,100000,137,0.00137,315,0.00315
-21,16,3,100000,136,0.00136,293,0.00293
-21,16,4,100000,166,0.00166,298,0.00298
-21,16,5,100000,111,0.00111,238,0.00238
-21,17,0,100000,114,0.00114,196,0.00196
-21,17,1,100000,83,0.00083,209,0.00209
-21,17,2,100000,169,0.00169,315,0.00315
-21,17,3,100000,130,0.0013,289,0.00289
-21,17,4,100000,105,0.00105,263,0.00263
-21,17,5,100000,106,0.00106,223,0.00223
-21,18,0,100000,82,0.00082,178,0.00178
-21,18,1,100000,118,0.00118,236,0.00236
-21,18,2,100000,146,0.00146,308,0.00308
-21,18,3,100000,177,0.00177,346,0.00346
-21,18,4,100000,127,0.00127,289,0.00289
-21,18,5,100000,108,0.00108,219,0.00219
-21,19,0,100000,96,0.00096,213,0.00213
-21,19,1,100000,102,0.00102,225,0.00225
-21,19,2,100000,166,0.00166,276,0.00276
-21,19,3,100000,175,0.00175,332,0.00332
-21,19,4,100000,152,0.00152,306,0.00306
-21,19,5,100000,109,0.00109,238,0.00238
-21,20,0,100000,106,0.00106,174,0.00174
-21,20,1,100000,107,0.00107,233,0.00233
-21,20,2,100000,124,0.00124,257,0.00257
-21,20,3,100000,173,0.00173,350,0.0035
-21,20,4,100000,147,0.00147,273,0.00273
-21,20,5,100000,114,0.00114,250,0.0025
-21,21,0,100000,89,0.00089,172,0.00172
-21,21,1,100000,100,0.001,232,0.00232
-21,21,2,100000,178,0.00178,321,0.00321
-21,21,3,100000,153,0.00153,316,0.00316
-21,21,4,100000,147,0.00147,278,0.00278
-21,21,5,100000,104,0.00104,228,0.00228
-21,22,0,100000,96,0.00096,188,0.00188
-21,22,1,100000,119,0.00119,217,0.00217
-21,22,2,100000,116,0.00116,291,0.00291
-21,22,3,100000,158,0.00158,317,0.00317
-21,22,4,100000,117,0.00117,261,0.00261
-21,22,5,100000,125,0.00125,244,0.00244
-21,23,0,100000,99,0.00099,185,0.00185
-21,23,1,100000,113,0.00113,241,0.00241
-21,23,2,100000,124,0.00124,258,0.00258
-21,23,3,100000,143,0.00143,330,0.0033
-21,23,4,100000,120,0.0012,290,0.0029
-21,23,5,100000,124,0.00124,214,0.00214
-21,24,0,100000,92,0.00092,171,0.00171
-21,24,1,100000,161,0.00161,247,0.00247
-21,24,2,100000,137,0.00137,285,0.00285
-21,24,3,100000,185,0.00185,329,0.00329
-21,24,4,100000,125,0.00125,263,0.00263
-21,24,5,100000,109,0.00109,237,0.00237
-21,25,0,100000,95,0.00095,168,0.00168
-21,25,1,100000,103,0.00103,237,0.00237
-21,25,2,100000,158,0.00158,304,0.00304
-21,25,3,100000,150,0.0015,309,0.00309
-21,25,4,100000,157,0.00157,297,0.00297
-21,25,5,100000,103,0.00103,219,0.00219
-21,26,0,100000,89,0.00089,176,0.00176
-21,26,1,100000,108,0.00108,229,0.00229
-21,26,2,100000,130,0.0013,276,0.00276
-21,26,3,100000,162,0.00162,336,0.00336
-21,26,4,100000,142,0.00142,320,0.0032
-21,26,5,100000,108,0.00108,200,0.002
-21,27,0,100000,92,0.00092,149,0.00149
-21,27,1,100000,102,0.00102,218,0.00218
-21,27,2,100000,139,0.00139,305,0.00305
-21,27,3,100000,146,0.00146,321,0.00321
-21,27,4,100000,141,0.00141,269,0.00269
-21,27,5,100000,119,0.00119,213,0.00213
-21,28,0,100000,95,0.00095,182,0.00182
-21,28,1,100000,120,0.0012,236,0.00236
-21,28,2,100000,120,0.0012,283,0.00283
-21,28,3,100000,132,0.00132,304,0.00304
-21,28,4,100000,146,0.00146,304,0.00304
-21,28,5,100000,110,0.0011,246,0.00246
-21,29,0,100000,90,0.0009,178,0.00178
-21,29,1,100000,104,0.00104,238,0.00238
-21,29,2,100000,142,0.00142,283,0.00283
-21,29,3,100000,125,0.00125,310,0.0031
-21,29,4,100000,119,0.00119,272,0.00272
-21,29,5,100000,129,0.00129,219,0.00219
-21,30,0,100000,64,0.00064,160,0.0016
-21,30,1,100000,102,0.00102,213,0.00213
-21,30,2,100000,155,0.00155,287,0.00287
-21,30,3,100000,125,0.00125,324,0.00324
-21,30,4,100000,122,0.00122,266,0.00266
-21,30,5,100000,104,0.00104,234,0.00234
-21,31,0,100000,77,0.00077,157,0.00157
-21,31,1,100000,101,0.00101,206,0.00206
-21,31,2,100000,149,0.00149,292,0.00292
-21,31,3,100000,130,0.0013,296,0.00296
-21,31,4,100000,168,0.00168,265,0.00265
-21,31,5,100000,127,0.00127,225,0.00225
-21,32,0,100000,100,0.001,176,0.00176
-21,32,1,100000,103,0.00103,220,0.0022
-21,32,2,100000,156,0.00156,336,0.00336
-21,32,3,100000,153,0.00153,348,0.00348
-21,32,4,100000,151,0.00151,295,0.00295
-21,32,5,100000,88,0.00088,188,0.00188
-21,33,0,100000,94,0.00094,217,0.00217
-21,33,1,100000,138,0.00138,263,0.00263
-21,33,2,100000,134,0.00134,295,0.00295
-21,33,3,100000,162,0.00162,328,0.00328
-21,33,4,100000,145,0.00145,291,0.00291
-21,33,5,100000,91,0.00091,219,0.00219
-21,34,0,100000,84,0.00084,187,0.00187
-21,34,1,100000,102,0.00102,211,0.00211
-21,34,2,100000,145,0.00145,282,0.00282
-21,34,3,100000,165,0.00165,334,0.00334
-21,34,4,100000,135,0.00135,299,0.00299
-21,34,5,100000,125,0.00125,250,0.0025
-21,35,0,100000,95,0.00095,195,0.00195
-21,35,1,100000,126,0.00126,245,0.00245
-21,35,2,100000,139,0.00139,294,0.00294
-21,35,3,100000,161,0.00161,330,0.0033
-21,35,4,100000,164,0.00164,308,0.00308
-21,35,5,100000,116,0.00116,197,0.00197
-21,36,0,100000,104,0.00104,178,0.00178
-21,36,1,100000,141,0.00141,237,0.00237
-21,36,2,100000,121,0.00121,253,0.00253
-21,36,3,100000,162,0.00162,306,0.00306
-21,36,4,100000,134,0.00134,258,0.00258
-21,36,5,100000,94,0.00094,223,0.00223
-21,37,0,100000,72,0.00072,178,0.00178
-21,37,1,100000,106,0.00106,225,0.00225
-21,37,2,100000,148,0.00148,287,0.00287
-21,37,3,100000,133,0.00133,261,0.00261
-21,37,4,100000,131,0.00131,264,0.00264
-21,37,5,100000,92,0.00092,225,0.00225
-21,38,0,100000,72,0.00072,164,0.00164
-21,38,1,100000,79,0.00079,181,0.00181
-21,38,2,100000,97,0.00097,233,0.00233
-21,38,3,100000,110,0.0011,245,0.00245
-21,38,4,100000,106,0.00106,223,0.00223
-21,38,5,100000,95,0.00095,197,0.00197
-21,39,0,100000,63,0.00063,140,0.0014
-21,39,1,100000,95,0.00095,172,0.00172
-21,39,2,100000,96,0.00096,223,0.00223
-21,39,3,100000,112,0.00112,228,0.00228
-21,39,4,100000,114,0.00114,249,0.00249
-21,39,5,100000,95,0.00095,182,0.00182
-21,40,0,100000,84,0.00084,141,0.00141
-21,40,1,100000,65,0.00065,155,0.00155
-21,40,2,100000,98,0.00098,189,0.00189
-21,40,3,100000,86,0.00086,195,0.00195
-21,40,4,100000,80,0.0008,173,0.00173
-21,40,5,100000,66,0.00066,149,0.00149
-21,41,0,100000,39,0.00039,102,0.00102
-21,41,1,100000,82,0.00082,138,0.00138
-21,41,2,100000,82,0.00082,158,0.00158
-21,41,3,100000,58,0.00058,162,0.00162
-21,41,4,100000,56,0.00056,137,0.00137
-21,41,5,100000,72,0.00072,137,0.00137
-21,42,0,100000,65,0.00065,110,0.0011
-21,42,1,100000,60,0.0006,132,0.00132
-21,42,2,100000,68,0.00068,142,0.00142
-21,42,3,100000,62,0.00062,125,0.00125
-21,42,4,100000,55,0.00055,130,0.0013
-21,42,5,100000,36,0.00036,91,0.00091
-21,43,0,100000,42,0.00042,109,0.00109
-21,43,1,100000,50,0.0005,109,0.00109
-21,43,2,100000,50,0.0005,97,0.00097
-21,43,3,100000,60,0.0006,103,0.00103
-21,43,4,100000,42,0.00042,108,0.00108
-21,43,5,100000,40,0.0004,101,0.00101
-21,44,0,100000,41,0.00041,92,0.00092
-21,44,1,100000,65,0.00065,97,0.00097
-21,44,2,100000,37,0.00037,83,0.00083
-21,44,3,100000,50,0.0005,90,0.0009
-21,44,4,100000,19,0.00019,74,0.00074
-21,44,5,100000,33,0.00033,68,0.00068
-21,45,0,100000,34,0.00034,79,0.00079
-21,45,1,100000,45,0.00045,96,0.00096
-21,45,2,100000,33,0.00033,83,0.00083
-21,45,3,100000,29,0.00029,85,0.00085
-21,45,4,100000,46,0.00046,73,0.00073
-21,45,5,100000,34,0.00034,64,0.00064
-21,46,0,100000,36,0.00036,83,0.00083
-21,46,1,100000,46,0.00046,77,0.00077
-21,46,2,100000,30,0.0003,75,0.00075
-21,46,3,100000,41,0.00041,81,0.00081
-21,46,4,100000,38,0.00038,79,0.00079
-21,46,5,100000,19,0.00019,76,0.00076
-21,47,0,100000,32,0.00032,87,0.00087
-21,47,1,100000,29,0.00029,74,0.00074
-21,47,2,100000,20,0.0002,76,0.00076
-21,47,3,100000,39,0.00039,77,0.00077
-21,47,4,100000,33,0.00033,69,0.00069
-21,47,5,100000,17,0.00017,76,0.00076
-21,48,0,100000,18,0.00018,66,0.00066
-21,48,1,100000,60,0.0006,91,0.00091
-21,48,2,100000,41,0.00041,84,0.00084
-21,48,3,100000,38,0.00038,75,0.00075
-21,48,4,100000,36,0.00036,89,0.00089
-21,48,5,100000,50,0.0005,79,0.00079
-21,49,0,100000,29,0.00029,73,0.00073
-21,49,1,100000,22,0.00022,76,0.00076
-21,49,2,100000,40,0.0004,86,0.00086
-21,49,3,100000,16,0.00016,69,0.00069
-21,49,4,100000,30,0.0003,67,0.00067
-21,49,5,100000,29,0.00029,79,0.00079
-21,50,0,100000,16,0.00016,75,0.00075
-21,50,1,100000,27,0.00027,81,0.00081
-21,50,2,100000,14,0.00014,50,0.0005
-21,50,3,100000,15,0.00015,73,0.00073
-21,50,4,100000,26,0.00026,87,0.00087
-21,50,5,100000,32,0.00032,64,0.00064
-20,-50,0,100000,35,0.00035,81,0.00081
-20,-50,1,100000,20,0.0002,82,0.00082
-20,-50,2,100000,26,0.00026,71,0.00071
-20,-50,3,100000,36,0.00036,65,0.00065
-20,-50,4,100000,31,0.00031,82,0.00082
-20,-50,5,100000,46,0.00046,71,0.00071
-20,-49,0,100000,31,0.00031,75,0.00075
-20,-49,1,100000,28,0.00028,63,0.00063
-20,-49,2,100000,37,0.00037,75,0.00075
-20,-49,3,100000,16,0.00016,74,0.00074
-20,-49,4,100000,35,0.00035,70,0.0007
-20,-49,5,100000,41,0.00041,72,0.00072
-20,-48,0,100000,40,0.0004,75,0.00075
-20,-48,1,100000,51,0.00051,93,0.00093
-20,-48,2,100000,35,0.00035,72,0.00072
-20,-48,3,100000,23,0.00023,80,0.0008
-20,-48,4,100000,19,0.00019,87,0.00087
-20,-48,5,100000,21,0.00021,74,0.00074
-20,-47,0,100000,26,0.00026,70,0.0007
-20,-47,1,100000,27,0.00027,74,0.00074
-20,-47,2,100000,40,0.0004,84,0.00084
-20,-47,3,100000,40,0.0004,82,0.00082
-20,-47,4,100000,41,0.00041,84,0.00084
-20,-47,5,100000,28,0.00028,74,0.00074
-20,-46,0,100000,18,0.00018,74,0.00074
-20,-46,1,100000,29,0.00029,73,0.00073
-20,-46,2,100000,27,0.00027,60,0.0006
-20,-46,3,100000,33,0.00033,57,0.00057
-20,-46,4,100000,28,0.00028,82,0.00082
-20,-46,5,100000,21,0.00021,63,0.00063
-20,-45,0,100000,32,0.00032,90,0.0009
-20,-45,1,100000,21,0.00021,61,0.00061
-20,-45,2,100000,40,0.0004,65,0.00065
-20,-45,3,100000,26,0.00026,82,0.00082
-20,-45,4,100000,37,0.00037,67,0.00067
-20,-45,5,100000,44,0.00044,79,0.00079
-20,-44,0,100000,62,0.00062,96,0.00096
-20,-44,1,100000,39,0.00039,80,0.0008
-20,-44,2,100000,28,0.00028,77,0.00077
-20,-44,3,100000,41,0.00041,94,0.00094
-20,-44,4,100000,43,0.00043,90,0.0009
-20,-44,5,100000,62,0.00062,111,0.00111
-20,-43,0,100000,57,0.00057,101,0.00101
-20,-43,1,100000,64,0.00064,85,0.00085
-20,-43,2,100000,42,0.00042,87,0.00087
-20,-43,3,100000,49,0.00049,118,0.00118
-20,-43,4,100000,61,0.00061,116,0.00116
-20,-43,5,100000,52,0.00052,99,0.00099
-20,-42,0,100000,31,0.00031,101,0.00101
-20,-42,1,100000,47,0.00047,99,0.00099
-20,-42,2,100000,69,0.00069,150,0.0015
-20,-42,3,100000,92,0.00092,145,0.00145
-20,-42,4,100000,70,0.0007,147,0.00147
-20,-42,5,100000,76,0.00076,147,0.00147
-20,-41,0,100000,42,0.00042,131,0.00131
-20,-41,1,100000,80,0.0008,161,0.00161
-20,-41,2,100000,83,0.00083,181,0.00181
-20,-41,3,100000,96,0.00096,179,0.00179
-20,-41,4,100000,92,0.00092,168,0.00168
-20,-41,5,100000,76,0.00076,143,0.00143
-20,-40,0,100000,79,0.00079,167,0.00167
-20,-40,1,100000,79,0.00079,196,0.00196
-20,-40,2,100000,130,0.0013,235,0.00235
-20,-40,3,100000,120,0.0012,242,0.00242
-20,-40,4,100000,90,0.0009,188,0.00188
-20,-40,5,100000,72,0.00072,192,0.00192
-20,-39,0,100000,67,0.00067,177,0.00177
-20,-39,1,100000,90,0.0009,192,0.00192
-20,-39,2,100000,122,0.00122,237,0.00237
-20,-39,3,100000,151,0.00151,284,0.00284
-20,-39,4,100000,106,0.00106,235,0.00235
-20,-39,5,100000,130,0.0013,237,0.00237
-20,-38,0,100000,99,0.00099,209,0.00209
-20,-38,1,100000,117,0.00117,236,0.00236
-20,-38,2,100000,150,0.0015,312,0.00312
-20,-38,3,100000,137,0.00137,315,0.00315
-20,-38,4,100000,148,0.00148,289,0.00289
-20,-38,5,100000,128,0.00128,251,0.00251
-20,-37,0,100000,111,0.00111,238,0.00238
-20,-37,1,100000,123,0.00123,281,0.00281
-20,-37,2,100000,147,0.00147,354,0.00354
-20,-37,3,100000,222,0.00222,383,0.00383
-20,-37,4,100000,165,0.00165,321,0.00321
-20,-37,5,100000,134,0.00134,264,0.00264
-20,-36,0,100000,93,0.00093,207,0.00207
-20,-36,1,100000,122,0.00122,252,0.00252
-20,-36,2,100000,179,0.00179,371,0.00371
-20,-36,3,100000,173,0.00173,370,0.0037
-20,-36,4,100000,165,0.00165,326,0.00326
-20,-36,5,100000,132,0.00132,265,0.00265
-20,-35,0,100000,83,0.00083,190,0.0019
-20,-35,1,100000,130,0.0013,260,0.0026
-20,-35,2,100000,161,0.00161,369,0.00369
-20,-35,3,100000,196,0.00196,371,0.00371
-20,-35,4,100000,185,0.00185,350,0.0035
-20,-35,5,100000,148,0.00148,271,0.00271
-20,-34,0,100000,138,0.00138,230,0.0023
-20,-34,1,100000,153,0.00153,269,0.00269
-20,-34,2,100000,184,0.00184,403,0.00403
-20,-34,3,100000,172,0.00172,381,0.00381
-20,-34,4,100000,182,0.00182,378,0.00378
-20,-34,5,100000,157,0.00157,281,0.00281
-20,-33,0,100000,99,0.00099,220,0.0022
-20,-33,1,100000,142,0.00142,271,0.00271
-20,-33,2,100000,188,0.00188,333,0.00333
-20,-33,3,100000,155,0.00155,376,0.00376
-20,-33,4,100000,189,0.00189,357,0.00357
-20,-33,5,100000,150,0.0015,285,0.00285
-20,-32,0,100000,113,0.00113,229,0.00229
-20,-32,1,100000,114,0.00114,249,0.00249
-20,-32,2,100000,188,0.00188,383,0.00383
-20,-32,3,100000,195,0.00195,398,0.00398
-20,-32,4,100000,178,0.00178,361,0.00361
-20,-32,5,100000,124,0.00124,286,0.00286
-20,-31,0,100000,121,0.00121,228,0.00228
-20,-31,1,100000,128,0.00128,259,0.00259
-20,-31,2,100000,141,0.00141,334,0.00334
-20,-31,3,100000,158,0.00158,368,0.00368
-20,-31,4,100000,200,0.002,375,0.00375
-20,-31,5,100000,121,0.00121,282,0.00282
-20,-30,0,100000,96,0.00096,225,0.00225
-20,-30,1,100000,146,0.00146,271,0.00271
-20,-30,2,100000,167,0.00167,346,0.00346
-20,-30,3,100000,175,0.00175,388,0.00388
-20,-30,4,100000,155,0.00155,373,0.00373
-20,-30,5,100000,105,0.00105,273,0.00273
-20,-29,0,100000,101,0.00101,224,0.00224
-20,-29,1,100000,130,0.0013,252,0.00252
-20,-29,2,100000,182,0.00182,366,0.00366
-20,-29,3,100000,190,0.0019,399,0.00399
-20,-29,4,100000,175,0.00175,352,0.00352
-20,-29,5,100000,141,0.00141,293,0.00293
-20,-28,0,100000,103,0.00103,230,0.0023
-20,-28,1,100000,139,0.00139,287,0.00287
-20,-28,2,100000,190,0.0019,353,0.00353
-20,-28,3,100000,203,0.00203,412,0.00412
-20,-28,4,100000,175,0.00175,335,0.00335
-20,-28,5,100000,128,0.00128,287,0.00287
-20,-27,0,100000,82,0.00082,192,0.00192
-20,-27,1,100000,136,0.00136,266,0.00266
-20,-27,2,100000,167,0.00167,370,0.0037
-20,-27,3,100000,166,0.00166,376,0.00376
-20,-27,4,100000,194,0.00194,383,0.00383
-20,-27,5,100000,138,0.00138,257,0.00257
-20,-26,0,100000,103,0.00103,199,0.00199
-20,-26,1,100000,109,0.00109,267,0.00267
-20,-26,2,100000,176,0.00176,386,0.00386
-20,-26,3,100000,177,0.00177,408,0.00408
-20,-26,4,100000,211,0.00211,400,0.004
-20,-26,5,100000,158,0.00158,280,0.0028
-20,-25,0,100000,109,0.00109,221,0.00221
-20,-25,1,100000,125,0.00125,278,0.00278
-20,-25,2,100000,178,0.00178,372,0.00372
-20,-25,3,100000,175,0.00175,384,0.00384
-20,-25,4,100000,158,0.00158,359,0.00359
-20,-25,5,100000,132,0.00132,247,0.00247
-20,-24,0,100000,117,0.00117,207,0.00207
-20,-24,1,100000,153,0.00153,308,0.00308
-20,-24,2,100000,171,0.00171,351,0.00351
-20,-24,3,100000,171,0.00171,372,0.00372
-20,-24,4,100000,189,0.00189,383,0.00383
-20,-24,5,100000,162,0.00162,291,0.00291
-20,-23,0,100000,91,0.00091,215,0.00215
-20,-23,1,100000,132,0.00132,250,0.0025
-20,-23,2,100000,173,0.00173,319,0.00319
-20,-23,3,100000,169,0.00169,385,0.00385
-20,-23,4,100000,163,0.00163,383,0.00383
-20,-23,5,100000,149,0.00149,272,0.00272
-20,-22,0,100000,103,0.00103,232,0.00232
-20,-22,1,100000,124,0.00124,309,0.00309
-20,-22,2,100000,185,0.00185,343,0.00343
-20,-22,3,100000,166,0.00166,358,0.00358
-20,-22,4,100000,185,0.00185,372,0.00372
-20,-22,5,100000,160,0.0016,269,0.00269
-20,-21,0,100000,91,0.00091,205,0.00205
-20,-21,1,100000,128,0.00128,274,0.00274
-20,-21,2,100000,181,0.00181,350,0.0035
-20,-21,3,100000,157,0.00157,384,0.00384
-20,-21,4,100000,148,0.00148,324,0.00324
-20,-21,5,100000,121,0.00121,264,0.00264
-20,-20,0,100000,100,0.001,203,0.00203
-20,-20,1,100000,127,0.00127,258,0.00258
-20,-20,2,100000,181,0.00181,359,0.00359
-20,-20,3,100000,177,0.00177,372,0.00372
-20,-20,4,100000,181,0.00181,359,0.00359
-20,-20,5,100000,127,0.00127,267,0.00267
-20,-19,0,100000,93,0.00093,209,0.00209
-20,-19,1,100000,136,0.00136,294,0.00294
-20,-19,2,100000,141,0.00141,344,0.00344
-20,-19,3,100000,201,0.00201,390,0.0039
-20,-19,4,100000,186,0.00186,399,0.00399
-20,-19,5,100000,124,0.00124,263,0.00263
-20,-18,0,100000,112,0.00112,216,0.00216
-20,-18,1,100000,132,0.00132,267,0.00267
-20,-18,2,100000,159,0.00159,318,0.00318
-20,-18,3,100000,188,0.00188,408,0.00408
-20,-18,4,100000,176,0.00176,363,0.00363
-20,-18,5,100000,130,0.0013,278,0.00278
-20,-17,0,100000,114,0.00114,225,0.00225
-20,-17,1,100000,149,0.00149,277,0.00277
-20,-17,2,100000,168,0.00168,366,0.00366
-20,-17,3,100000,191,0.00191,394,0.00394
-20,-17,4,100000,151,0.00151,336,0.00336
-20,-17,5,100000,139,0.00139,295,0.00295
-20,-16,0,100000,109,0.00109,210,0.0021
-20,-16,1,100000,109,0.00109,252,0.00252
-20,-16,2,100000,152,0.00152,330,0.0033
-20,-16,3,100000,169,0.00169,334,0.00334
-20,-16,4,100000,198,0.00198,379,0.00379
-20,-16,5,100000,135,0.00135,255,0.00255
-20,-15,0,100000,111,0.00111,217,0.00217
-20,-15,1,100000,119,0.00119,287,0.00287
-20,-15,2,100000,168,0.00168,332,0.00332
-20,-15,3,100000,186,0.00186,391,0.00391
-20,-15,4,100000,152,0.00152,340,0.0034
-20,-15,5,100000,123,0.00123,267,0.00267
-20,-14,0,100000,98,0.00098,199,0.00199
-20,-14,1,100000,132,0.00132,299,0.00299
-20,-14,2,100000,180,0.0018,332,0.00332
-20,-14,3,100000,195,0.00195,416,0.00416
-20,-14,4,100000,155,0.00155,355,0.00355
-20,-14,5,100000,140,0.0014,294,0.00294
-20,-13,0,100000,98,0.00098,220,0.0022
-20,-13,1,100000,180,0.0018,310,0.0031
-20,-13,2,100000,152,0.00152,324,0.00324
-20,-13,3,100000,168,0.00168,398,0.00398
-20,-13,4,100000,139,0.00139,328,0.00328
-20,-13,5,100000,170,0.0017,301,0.00301
-20,-12,0,100000,103,0.00103,213,0.00213
-20,-12,1,100000,117,0.00117,273,0.00273
-20,-12,2,100000,150,0.0015,349,0.00349
-20,-12,3,100000,180,0.0018,382,0.00382
-20,-12,4,100000,149,0.00149,361,0.00361
-20,-12,5,100000,130,0.0013,311,0.00311
-20,-11,0,100000,106,0.00106,224,0.00224
-20,-11,1,100000,153,0.00153,271,0.00271
-20,-11,2,100000,179,0.00179,372,0.00372
-20,-11,3,100000,159,0.00159,392,0.00392
-20,-11,4,100000,165,0.00165,344,0.00344
-20,-11,5,100000,143,0.00143,282,0.00282
-20,-10,0,100000,121,0.00121,225,0.00225
-20,-10,1,100000,119,0.00119,255,0.00255
-20,-10,2,100000,159,0.00159,314,0.00314
-20,-10,3,100000,184,0.00184,393,0.00393
-20,-10,4,100000,188,0.00188,377,0.00377
-20,-10,5,100000,141,0.00141,282,0.00282
-20,-9,0,100000,117,0.00117,229,0.00229
-20,-9,1,100000,136,0.00136,269,0.00269
-20,-9,2,100000,184,0.00184,355,0.00355
-20,-9,3,100000,197,0.00197,366,0.00366
-20,-9,4,100000,180,0.0018,361,0.00361
-20,-9,5,100000,145,0.00145,303,0.00303
-20,-8,0,100000,107,0.00107,222,0.00222
-20,-8,1,100000,113,0.00113,279,0.00279
-20,-8,2,100000,152,0.00152,349,0.00349
-20,-8,3,100000,215,0.00215,428,0.00428
-20,-8,4,100000,182,0.00182,366,0.00366
-20,-8,5,100000,104,0.00104,245,0.00245
-20,-7,0,100000,84,0.00084,205,0.00205
-20,-7,1,100000,125,0.00125,282,0.00282
-20,-7,2,100000,207,0.00207,388,0.00388
-20,-7,3,100000,174,0.00174,371,0.00371
-20,-7,4,100000,190,0.0019,349,0.00349
-20,-7,5,100000,147,0.00147,274,0.00274
-20,-6,0,100000,98,0.00098,217,0.00217
-20,-6,1,100000,154,0.00154,311,0.00311
-20,-6,2,100000,173,0.00173,347,0.00347
-20,-6,3,100000,154,0.00154,363,0.00363
-20,-6,4,100000,166,0.00166,367,0.00367
-20,-6,5,100000,128,0.00128,283,0.00283
-20,-5,0,100000,104,0.00104,213,0.00213
-20,-5,1,100000,149,0.00149,283,0.00283
-20,-5,2,100000,165,0.00165,383,0.00383
-20,-5,3,100000,202,0.00202,401,0.00401
-20,-5,4,100000,197,0.00197,370,0.0037
-20,-5,5,100000,123,0.00123,287,0.00287
-20,-4,0,100000,96,0.00096,236,0.00236
-20,-4,1,100000,155,0.00155,292,0.00292
-20,-4,2,100000,177,0.00177,359,0.00359
-20,-4,3,100000,165,0.00165,380,0.0038
-20,-4,4,100000,179,0.00179,366,0.00366
-20,-4,5,100000,175,0.00175,282,0.00282
-20,-3,0,100000,125,0.00125,224,0.00224
-20,-3,1,100000,139,0.00139,299,0.00299
-20,-3,2,100000,172,0.00172,338,0.00338
-20,-3,3,100000,158,0.00158,377,0.00377
-20,-3,4,100000,160,0.0016,358,0.00358
-20,-3,5,100000,149,0.00149,289,0.00289
-20,-2,0,100000,79,0.00079,191,0.00191
-20,-2,1,100000,114,0.00114,262,0.00262
-20,-2,2,100000,173,0.00173,381,0.00381
-20,-2,3,100000,196,0.00196,399,0.00399
-20,-2,4,100000,145,0.00145,346,0.00346
-20,-2,5,100000,153,0.00153,290,0.0029
-20,-1,0,100000,101,0.00101,218,0.00218
-20,-1,1,100000,144,0.00144,299,0.00299
-20,-1,2,100000,183,0.00183,345,0.00345
-20,-1,3,100000,227,0.00227,418,0.00418
-20,-1,4,100000,159,0.00159,357,0.00357
-20,-1,5,100000,126,0.00126,290,0.0029
-20,0,0,100000,97,0.00097,213,0.00213
-20,0,1,100000,140,0.0014,276,0.00276
-20,0,2,100000,167,0.00167,352,0.00352
-20,0,3,100000,202,0.00202,398,0.00398
-20,0,4,100000,186,0.00186,337,0.00337
-20,0,5,100000,140,0.0014,259,0.00259
-20,1,0,100000,122,0.00122,239,0.00239
-20,1,1,100000,140,0.0014,289,0.00289
-20,1,2,100000,189,0.00189,384,0.00384
-20,1,3,100000,206,0.00206,398,0.00398
-20,1,4,100000,168,0.00168,360,0.0036
-20,1,5,100000,105,0.00105,258,0.00258
-20,2,0,100000,100,0.001,212,0.00212
-20,2,1,100000,151,0.00151,252,0.00252
-20,2,2,100000,173,0.00173,345,0.00345
-20,2,3,100000,186,0.00186,385,0.00385
-20,2,4,100000,177,0.00177,368,0.00368
-20,2,5,100000,144,0.00144,303,0.00303
-20,3,0,100000,124,0.00124,211,0.00211
-20,3,1,100000,139,0.00139,272,0.00272
-20,3,2,100000,188,0.00188,358,0.00358
-20,3,3,100000,173,0.00173,376,0.00376
-20,3,4,100000,145,0.00145,342,0.00342
-20,3,5,100000,131,0.00131,275,0.00275
-20,4,0,100000,110,0.0011,223,0.00223
-20,4,1,100000,131,0.00131,263,0.00263
-20,4,2,100000,154,0.00154,358,0.00358
-20,4,3,100000,199,0.00199,396,0.00396
-20,4,4,100000,181,0.00181,349,0.00349
-20,4,5,100000,146,0.00146,265,0.00265
-20,5,0,100000,91,0.00091,214,0.00214
-20,5,1,100000,152,0.00152,292,0.00292
-20,5,2,100000,177,0.00177,355,0.00355
-20,5,3,100000,159,0.00159,360,0.0036
-20,5,4,100000,184,0.00184,356,0.00356
-20,5,5,100000,132,0.00132,271,0.00271
-20,6,0,100000,94,0.00094,213,0.00213
-20,6,1,100000,127,0.00127,302,0.00302
-20,6,2,100000,168,0.00168,349,0.00349
-20,6,3,100000,185,0.00185,383,0.00383
-20,6,4,100000,182,0.00182,387,0.00387
-20,6,5,100000,120,0.0012,304,0.00304
-20,7,0,100000,106,0.00106,229,0.00229
-20,7,1,100000,158,0.00158,281,0.00281
-20,7,2,100000,159,0.00159,338,0.00338
-20,7,3,100000,152,0.00152,368,0.00368
-20,7,4,100000,201,0.00201,359,0.00359
-20,7,5,100000,109,0.00109,270,0.0027
-20,8,0,100000,103,0.00103,218,0.00218
-20,8,1,100000,118,0.00118,267,0.00267
-20,8,2,100000,162,0.00162,340,0.0034
-20,8,3,100000,170,0.0017,341,0.00341
-20,8,4,100000,166,0.00166,343,0.00343
-20,8,5,100000,128,0.00128,266,0.00266
-20,9,0,100000,89,0.00089,218,0.00218
-20,9,1,100000,134,0.00134,291,0.00291
-20,9,2,100000,187,0.00187,382,0.00382
-20,9,3,100000,191,0.00191,393,0.00393
-20,9,4,100000,166,0.00166,368,0.00368
-20,9,5,100000,141,0.00141,289,0.00289
-20,10,0,100000,92,0.00092,227,0.00227
-20,10,1,100000,121,0.00121,268,0.00268
-20,10,2,100000,185,0.00185,374,0.00374
-20,10,3,100000,167,0.00167,398,0.00398
-20,10,4,100000,193,0.00193,373,0.00373
-20,10,5,100000,147,0.00147,273,0.00273
-20,11,0,100000,120,0.0012,231,0.00231
-20,11,1,100000,120,0.0012,259,0.00259
-20,11,2,100000,187,0.00187,347,0.00347
-20,11,3,100000,177,0.00177,380,0.0038
-20,11,4,100000,145,0.00145,338,0.00338
-20,11,5,100000,134,0.00134,249,0.00249
-20,12,0,100000,101,0.00101,192,0.00192
-20,12,1,100000,124,0.00124,272,0.00272
-20,12,2,100000,205,0.00205,384,0.00384
-20,12,3,100000,217,0.00217,450,0.0045
-20,12,4,100000,169,0.00169,363,0.00363
-20,12,5,100000,97,0.00097,251,0.00251
-20,13,0,100000,119,0.00119,241,0.00241
-20,13,1,100000,108,0.00108,227,0.00227
-20,13,2,100000,177,0.00177,334,0.00334
-20,13,3,100000,168,0.00168,373,0.00373
-20,13,4,100000,153,0.00153,325,0.00325
-20,13,5,100000,138,0.00138,287,0.00287
-20,14,0,100000,112,0.00112,228,0.00228
-20,14,1,100000,164,0.00164,274,0.00274
-20,14,2,100000,197,0.00197,363,0.00363
-20,14,3,100000,184,0.00184,405,0.00405
-20,14,4,100000,149,0.00149,300,0.003
-20,14,5,100000,151,0.00151,274,0.00274
-20,15,0,100000,96,0.00096,228,0.00228
-20,15,1,100000,124,0.00124,258,0.00258
-20,15,2,100000,170,0.0017,376,0.00376
-20,15,3,100000,190,0.0019,378,0.00378
-20,15,4,100000,174,0.00174,361,0.00361
-20,15,5,100000,129,0.00129,259,0.00259
-20,16,0,100000,84,0.00084,204,0.00204
-20,16,1,100000,147,0.00147,293,0.00293
-20,16,2,100000,177,0.00177,389,0.00389
-20,16,3,100000,168,0.00168,374,0.00374
-20,16,4,100000,157,0.00157,348,0.00348
-20,16,5,100000,148,0.00148,283,0.00283
-20,17,0,100000,108,0.00108,228,0.00228
-20,17,1,100000,144,0.00144,286,0.00286
-20,17,2,100000,206,0.00206,395,0.00395
-20,17,3,100000,173,0.00173,355,0.00355
-20,17,4,100000,190,0.0019,373,0.00373
-20,17,5,100000,144,0.00144,291,0.00291
-20,18,0,100000,104,0.00104,236,0.00236
-20,18,1,100000,135,0.00135,276,0.00276
-20,18,2,100000,163,0.00163,347,0.00347
-20,18,3,100000,204,0.00204,385,0.00385
-20,18,4,100000,160,0.0016,351,0.00351
-20,18,5,100000,129,0.00129,272,0.00272
-20,19,0,100000,124,0.00124,220,0.0022
-20,19,1,100000,123,0.00123,286,0.00286
-20,19,2,100000,193,0.00193,364,0.00364
-20,19,3,100000,168,0.00168,371,0.00371
-20,19,4,100000,146,0.00146,353,0.00353
-20,19,5,100000,129,0.00129,258,0.00258
-20,20,0,100000,83,0.00083,196,0.00196
-20,20,1,100000,135,0.00135,295,0.00295
-20,20,2,100000,175,0.00175,390,0.0039
-20,20,3,100000,170,0.0017,363,0.00363
-20,20,4,100000,147,0.00147,327,0.00327
-20,20,5,100000,119,0.00119,256,0.00256
-20,21,0,100000,111,0.00111,221,0.00221
-20,21,1,100000,166,0.00166,284,0.00284
-20,21,2,100000,174,0.00174,372,0.00372
-20,21,3,100000,210,0.0021,419,0.00419
-20,21,4,100000,150,0.0015,348,0.00348
-20,21,5,100000,133,0.00133,285,0.00285
-20,22,0,100000,115,0.00115,226,0.00226
-20,22,1,100000,119,0.00119,252,0.00252
-20,22,2,100000,162,0.00162,351,0.00351
-20,22,3,100000,185,0.00185,366,0.00366
-20,22,4,100000,173,0.00173,352,0.00352
-20,22,5,100000,128,0.00128,276,0.00276
-20,23,0,100000,81,0.00081,194,0.00194
-20,23,1,100000,124,0.00124,269,0.00269
-20,23,2,100000,189,0.00189,347,0.00347
-20,23,3,100000,173,0.00173,392,0.00392
-20,23,4,100000,173,0.00173,377,0.00377
-20,23,5,100000,110,0.0011,265,0.00265
-20,24,0,100000,114,0.00114,214,0.00214
-20,24,1,100000,111,0.00111,269,0.00269
-20,24,2,100000,157,0.00157,342,0.00342
-20,24,3,100000,205,0.00205,384,0.00384
-20,24,4,100000,154,0.00154,313,0.00313
-20,24,5,100000,131,0.00131,273,0.00273
-20,25,0,100000,121,0.00121,248,0.00248
-20,25,1,100000,130,0.0013,279,0.00279
-20,25,2,100000,165,0.00165,337,0.00337
-20,25,3,100000,191,0.00191,400,0.004
-20,25,4,100000,177,0.00177,359,0.00359
-20,25,5,100000,135,0.00135,264,0.00264
-20,26,0,100000,96,0.00096,214,0.00214
-20,26,1,100000,163,0.00163,282,0.00282
-20,26,2,100000,157,0.00157,333,0.00333
-20,26,3,100000,173,0.00173,388,0.00388
-20,26,4,100000,170,0.0017,326,0.00326
-20,26,5,100000,88,0.00088,243,0.00243
-20,27,0,100000,96,0.00096,215,0.00215
-20,27,1,100000,138,0.00138,258,0.00258
-20,27,2,100000,151,0.00151,334,0.00334
-20,27,3,100000,176,0.00176,372,0.00372
-20,27,4,100000,186,0.00186,356,0.00356
-20,27,5,100000,101,0.00101,243,0.00243
-20,28,0,100000,129,0.00129,224,0.00224
-20,28,1,100000,135,0.00135,291,0.00291
-20,28,2,100000,167,0.00167,359,0.00359
-20,28,3,100000,202,0.00202,347,0.00347
-20,28,4,100000,174,0.00174,353,0.00353
-20,28,5,100000,105,0.00105,272,0.00272
-20,29,0,100000,76,0.00076,200,0.002
-20,29,1,100000,125,0.00125,245,0.00245
-20,29,2,100000,166,0.00166,337,0.00337
-20,29,3,100000,183,0.00183,410,0.0041
-20,29,4,100000,164,0.00164,353,0.00353
-20,29,5,100000,107,0.00107,265,0.00265
-20,30,0,100000,102,0.00102,244,0.00244
-20,30,1,100000,155,0.00155,278,0.00278
-20,30,2,100000,177,0.00177,353,0.00353
-20,30,3,100000,195,0.00195,399,0.00399
-20,30,4,100000,158,0.00158,333,0.00333
-20,30,5,100000,135,0.00135,294,0.00294
-20,31,0,100000,109,0.00109,221,0.00221
-20,31,1,100000,130,0.0013,238,0.00238
-20,31,2,100000,177,0.00177,354,0.00354
-20,31,3,100000,150,0.0015,363,0.00363
-20,31,4,100000,179,0.00179,361,0.00361
-20,31,5,100000,139,0.00139,262,0.00262
-20,32,0,100000,87,0.00087,210,0.0021
-20,32,1,100000,136,0.00136,260,0.0026
-20,32,2,100000,184,0.00184,378,0.00378
-20,32,3,100000,158,0.00158,378,0.00378
-20,32,4,100000,180,0.0018,377,0.00377
-20,32,5,100000,118,0.00118,260,0.0026
-20,33,0,100000,108,0.00108,221,0.00221
-20,33,1,100000,123,0.00123,276,0.00276
-20,33,2,100000,155,0.00155,356,0.00356
-20,33,3,100000,172,0.00172,372,0.00372
-20,33,4,100000,193,0.00193,368,0.00368
-20,33,5,100000,122,0.00122,259,0.00259
-20,34,0,100000,107,0.00107,211,0.00211
-20,34,1,100000,134,0.00134,289,0.00289
-20,34,2,100000,188,0.00188,349,0.00349
-20,34,3,100000,193,0.00193,405,0.00405
-20,34,4,100000,182,0.00182,379,0.00379
-20,34,5,100000,114,0.00114,252,0.00252
-20,35,0,100000,95,0.00095,217,0.00217
-20,35,1,100000,130,0.0013,300,0.003
-20,35,2,100000,166,0.00166,345,0.00345
-20,35,3,100000,191,0.00191,381,0.00381
-20,35,4,100000,152,0.00152,337,0.00337
-20,35,5,100000,135,0.00135,253,0.00253
-20,36,0,100000,82,0.00082,220,0.0022
-20,36,1,100000,164,0.00164,294,0.00294
-20,36,2,100000,168,0.00168,371,0.00371
-20,36,3,100000,197,0.00197,378,0.00378
-20,36,4,100000,179,0.00179,352,0.00352
-20,36,5,100000,142,0.00142,278,0.00278
-20,37,0,100000,95,0.00095,193,0.00193
-20,37,1,100000,144,0.00144,260,0.0026
-20,37,2,100000,159,0.00159,341,0.00341
-20,37,3,100000,172,0.00172,355,0.00355
-20,37,4,100000,209,0.00209,361,0.00361
-20,37,5,100000,141,0.00141,249,0.00249
-20,38,0,100000,99,0.00099,201,0.00201
-20,38,1,100000,97,0.00097,244,0.00244
-20,38,2,100000,141,0.00141,275,0.00275
-20,38,3,100000,143,0.00143,324,0.00324
-20,38,4,100000,146,0.00146,295,0.00295
-20,38,5,100000,108,0.00108,254,0.00254
-20,39,0,100000,67,0.00067,156,0.00156
-20,39,1,100000,90,0.0009,200,0.002
-20,39,2,100000,116,0.00116,250,0.0025
-20,39,3,100000,141,0.00141,311,0.00311
-20,39,4,100000,175,0.00175,293,0.00293
-20,39,5,100000,78,0.00078,196,0.00196
-20,40,0,100000,62,0.00062,127,0.00127
-20,40,1,100000,107,0.00107,200,0.002
-20,40,2,100000,121,0.00121,206,0.00206
-20,40,3,100000,118,0.00118,237,0.00237
-20,40,4,100000,118,0.00118,204,0.00204
-20,40,5,100000,72,0.00072,163,0.00163
-20,41,0,100000,79,0.00079,134,0.00134
-20,41,1,100000,52,0.00052,135,0.00135
-20,41,2,100000,81,0.00081,161,0.00161
-20,41,3,100000,70,0.0007,165,0.00165
-20,41,4,100000,55,0.00055,144,0.00144
-20,41,5,100000,69,0.00069,150,0.0015
-20,42,0,100000,73,0.00073,135,0.00135
-20,42,1,100000,62,0.00062,134,0.00134
-20,42,2,100000,77,0.00077,166,0.00166
-20,42,3,100000,50,0.0005,115,0.00115
-20,42,4,100000,75,0.00075,139,0.00139
-20,42,5,100000,47,0.00047,103,0.00103
-20,43,0,100000,74,0.00074,120,0.0012
-20,43,1,100000,43,0.00043,106,0.00106
-20,43,2,100000,79,0.00079,115,0.00115
-20,43,3,100000,67,0.00067,115,0.00115
-20,43,4,100000,46,0.00046,96,0.00096
-20,43,5,100000,29,0.00029,82,0.00082
-20,44,0,100000,47,0.00047,78,0.00078
-20,44,1,100000,32,0.00032,93,0.00093
-20,44,2,100000,47,0.00047,92,0.00092
-20,44,3,100000,45,0.00045,93,0.00093
-20,44,4,100000,33,0.00033,70,0.0007
-20,44,5,100000,48,0.00048,93,0.00093
-20,45,0,100000,51,0.00051,95,0.00095
-20,45,1,100000,22,0.00022,72,0.00072
-20,45,2,100000,20,0.0002,93,0.00093
-20,45,3,100000,34,0.00034,60,0.0006
-20,45,4,100000,44,0.00044,71,0.00071
-20,45,5,100000,30,0.0003,96,0.00096
-20,46,0,100000,37,0.00037,86,0.00086
-20,46,1,100000,48,0.00048,94,0.00094
-20,46,2,100000,29,0.00029,73,0.00073
-20,46,3,100000,40,0.0004,84,0.00084
-20,46,4,100000,28,0.00028,80,0.0008
-20,46,5,100000,34,0.00034,79,0.00079
-20,47,0,100000,19,0.00019,70,0.0007
-20,47,1,100000,28,0.00028,63,0.00063
-20,47,2,100000,42,0.00042,84,0.00084
-20,47,3,100000,29,0.00029,81,0.00081
-20,47,4,100000,26,0.00026,71,0.00071
-20,47,5,100000,21,0.00021,65,0.00065
-20,48,0,100000,34,0.00034,77,0.00077
-20,48,1,100000,49,0.00049,72,0.00072
-20,48,2,100000,20,0.0002,74,0.00074
-20,48,3,100000,47,0.00047,85,0.00085
-20,48,4,100000,15,0.00015,59,0.00059
-20,48,5,100000,30,0.0003,83,0.00083
-20,49,0,100000,21,0.00021,72,0.00072
-20,49,1,100000,36,0.00036,80,0.0008
-20,49,2,100000,34,0.00034,62,0.00062
-20,49,3,100000,29,0.00029,74,0.00074
-20,49,4,100000,42,0.00042,79,0.00079
-20,49,5,100000,31,0.00031,71,0.00071
-20,50,0,100000,23,0.00023,81,0.00081
-20,50,1,100000,40,0.0004,65,0.00065
-20,50,2,100000,8,8e-05,54,0.00054
-20,50,3,100000,23,0.00023,70,0.0007
-20,50,4,100000,37,0.00037,74,0.00074
-20,50,5,100000,23,0.00023,85,0.00085
-19,-50,0,100000,37,0.00037,87,0.00087
-19,-50,1,100000,25,0.00025,75,0.00075
-19,-50,2,100000,23,0.00023,76,0.00076
-19,-50,3,100000,23,0.00023,66,0.00066
-19,-50,4,100000,40,0.0004,82,0.00082
-19,-50,5,100000,20,0.0002,69,0.00069
-19,-49,0,100000,39,0.00039,74,0.00074
-19,-49,1,100000,27,0.00027,74,0.00074
-19,-49,2,100000,29,0.00029,72,0.00072
-19,-49,3,100000,38,0.00038,95,0.00095
-19,-49,4,100000,22,0.00022,68,0.00068
-19,-49,5,100000,16,0.00016,76,0.00076
-19,-48,0,100000,33,0.00033,65,0.00065
-19,-48,1,100000,29,0.00029,68,0.00068
-19,-48,2,100000,19,0.00019,71,0.00071
-19,-48,3,100000,31,0.00031,95,0.00095
-19,-48,4,100000,24,0.00024,68,0.00068
-19,-48,5,100000,37,0.00037,70,0.0007
-19,-47,0,100000,42,0.00042,74,0.00074
-19,-47,1,100000,24,0.00024,66,0.00066
-19,-47,2,100000,28,0.00028,69,0.00069
-19,-47,3,100000,33,0.00033,91,0.00091
-19,-47,4,100000,35,0.00035,92,0.00092
-19,-47,5,100000,33,0.00033,66,0.00066
-19,-46,0,100000,30,0.0003,68,0.00068
-19,-46,1,100000,23,0.00023,75,0.00075
-19,-46,2,100000,17,0.00017,62,0.00062
-19,-46,3,100000,21,0.00021,79,0.00079
-19,-46,4,100000,28,0.00028,63,0.00063
-19,-46,5,100000,36,0.00036,90,0.0009
-19,-45,0,100000,41,0.00041,93,0.00093
-19,-45,1,100000,45,0.00045,92,0.00092
-19,-45,2,100000,18,0.00018,83,0.00083
-19,-45,3,100000,30,0.0003,79,0.00079
-19,-45,4,100000,37,0.00037,75,0.00075
-19,-45,5,100000,42,0.00042,83,0.00083
-19,-44,0,100000,43,0.00043,103,0.00103
-19,-44,1,100000,46,0.00046,77,0.00077
-19,-44,2,100000,50,0.0005,81,0.00081
-19,-44,3,100000,31,0.00031,79,0.00079
-19,-44,4,100000,33,0.00033,86,0.00086
-19,-44,5,100000,36,0.00036,83,0.00083
-19,-43,0,100000,45,0.00045,86,0.00086
-19,-43,1,100000,30,0.0003,83,0.00083
-19,-43,2,100000,33,0.00033,88,0.00088
-19,-43,3,100000,47,0.00047,98,0.00098
-19,-43,4,100000,46,0.00046,117,0.00117
-19,-43,5,100000,43,0.00043,108,0.00108
-19,-42,0,100000,61,0.00061,116,0.00116
-19,-42,1,100000,38,0.00038,102,0.00102
-19,-42,2,100000,71,0.00071,136,0.00136
-19,-42,3,100000,65,0.00065,146,0.00146
-19,-42,4,100000,95,0.00095,155,0.00155
-19,-42,5,100000,66,0.00066,148,0.00148
-19,-41,0,100000,70,0.0007,160,0.0016
-19,-41,1,100000,71,0.00071,173,0.00173
-19,-41,2,100000,88,0.00088,202,0.00202
-19,-41,3,100000,84,0.00084,195,0.00195
-19,-41,4,100000,103,0.00103,192,0.00192
-19,-41,5,100000,82,0.00082,171,0.00171
-19,-40,0,100000,77,0.00077,168,0.00168
-19,-40,1,100000,96,0.00096,198,0.00198
-19,-40,2,100000,97,0.00097,224,0.00224
-19,-40,3,100000,124,0.00124,260,0.0026
-19,-40,4,100000,135,0.00135,244,0.00244
-19,-40,5,100000,111,0.00111,226,0.00226
-19,-39,0,100000,117,0.00117,198,0.00198
-19,-39,1,100000,121,0.00121,236,0.00236
-19,-39,2,100000,155,0.00155,303,0.00303
-19,-39,3,100000,160,0.0016,324,0.00324
-19,-39,4,100000,138,0.00138,317,0.00317
-19,-39,5,100000,123,0.00123,245,0.00245
-19,-38,0,100000,125,0.00125,235,0.00235
-19,-38,1,100000,153,0.00153,312,0.00312
-19,-38,2,100000,159,0.00159,343,0.00343
-19,-38,3,100000,187,0.00187,397,0.00397
-19,-38,4,100000,195,0.00195,390,0.0039
-19,-38,5,100000,141,0.00141,303,0.00303
-19,-37,0,100000,134,0.00134,254,0.00254
-19,-37,1,100000,161,0.00161,306,0.00306
-19,-37,2,100000,208,0.00208,414,0.00414
-19,-37,3,100000,226,0.00226,450,0.0045
-19,-37,4,100000,211,0.00211,460,0.0046
-19,-37,5,100000,120,0.0012,275,0.00275
-19,-36,0,100000,129,0.00129,267,0.00267
-19,-36,1,100000,164,0.00164,337,0.00337
-19,-36,2,100000,212,0.00212,445,0.00445
-19,-36,3,100000,240,0.0024,480,0.0048
-19,-36,4,100000,217,0.00217,428,0.00428
-19,-36,5,100000,172,0.00172,336,0.00336
-19,-35,0,100000,115,0.00115,248,0.00248
-19,-35,1,100000,171,0.00171,323,0.00323
-19,-35,2,100000,220,0.0022,445,0.00445
-19,-35,3,100000,267,0.00267,501,0.00501
-19,-35,4,100000,243,0.00243,467,0.00467
-19,-35,5,100000,163,0.00163,344,0.00344
-19,-34,0,100000,149,0.00149,245,0.00245
-19,-34,1,100000,121,0.00121,308,0.00308
-19,-34,2,100000,172,0.00172,417,0.00417
-19,-34,3,100000,216,0.00216,466,0.00466
-19,-34,4,100000,169,0.00169,397,0.00397
-19,-34,5,100000,138,0.00138,319,0.00319
-19,-33,0,100000,134,0.00134,257,0.00257
-19,-33,1,100000,143,0.00143,290,0.0029
-19,-33,2,100000,189,0.00189,396,0.00396
-19,-33,3,100000,190,0.0019,431,0.00431
-19,-33,4,100000,200,0.002,425,0.00425
-19,-33,5,100000,120,0.0012,309,0.00309
-19,-32,0,100000,131,0.00131,271,0.00271
-19,-32,1,100000,166,0.00166,354,0.00354
-19,-32,2,100000,215,0.00215,432,0.00432
-19,-32,3,100000,213,0.00213,474,0.00474
-19,-32,4,100000,207,0.00207,430,0.0043
-19,-32,5,100000,153,0.00153,335,0.00335
-19,-31,0,100000,117,0.00117,272,0.00272
-19,-31,1,100000,144,0.00144,333,0.00333
-19,-31,2,100000,209,0.00209,435,0.00435
-19,-31,3,100000,256,0.00256,498,0.00498
-19,-31,4,100000,206,0.00206,447,0.00447
-19,-31,5,100000,171,0.00171,353,0.00353
-19,-30,0,100000,118,0.00118,261,0.00261
-19,-30,1,100000,153,0.00153,331,0.00331
-19,-30,2,100000,189,0.00189,437,0.00437
-19,-30,3,100000,280,0.0028,529,0.00529
-19,-30,4,100000,192,0.00192,435,0.00435
-19,-30,5,100000,173,0.00173,351,0.00351
-19,-29,0,100000,125,0.00125,270,0.0027
-19,-29,1,100000,172,0.00172,328,0.00328
-19,-29,2,100000,238,0.00238,457,0.00457
-19,-29,3,100000,221,0.00221,487,0.00487
-19,-29,4,100000,180,0.0018,444,0.00444
-19,-29,5,100000,194,0.00194,335,0.00335
-19,-28,0,100000,125,0.00125,273,0.00273
-19,-28,1,100000,180,0.0018,344,0.00344
-19,-28,2,100000,235,0.00235,435,0.00435
-19,-28,3,100000,231,0.00231,493,0.00493
-19,-28,4,100000,169,0.00169,403,0.00403
-19,-28,5,100000,189,0.00189,346,0.00346
-19,-27,0,100000,115,0.00115,232,0.00232
-19,-27,1,100000,126,0.00126,308,0.00308
-19,-27,2,100000,188,0.00188,424,0.00424
-19,-27,3,100000,229,0.00229,432,0.00432
-19,-27,4,100000,221,0.00221,447,0.00447
-19,-27,5,100000,154,0.00154,317,0.00317
-19,-26,0,100000,127,0.00127,263,0.00263
-19,-26,1,100000,142,0.00142,321,0.00321
-19,-26,2,100000,174,0.00174,405,0.00405
-19,-26,3,100000,199,0.00199,426,0.00426
-19,-26,4,100000,199,0.00199,438,0.00438
-19,-26,5,100000,157,0.00157,327,0.00327
-19,-25,0,100000,122,0.00122,253,0.00253
-19,-25,1,100000,141,0.00141,315,0.00315
-19,-25,2,100000,212,0.00212,434,0.00434
-19,-25,3,100000,192,0.00192,456,0.00456
-19,-25,4,100000,231,0.00231,464,0.00464
-19,-25,5,100000,162,0.00162,335,0.00335
-19,-24,0,100000,128,0.00128,248,0.00248
-19,-24,1,100000,161,0.00161,312,0.00312
-19,-24,2,100000,222,0.00222,460,0.0046
-19,-24,3,100000,210,0.0021,450,0.0045
-19,-24,4,100000,214,0.00214,442,0.00442
-19,-24,5,100000,136,0.00136,321,0.00321
-19,-23,0,100000,119,0.00119,255,0.00255
-19,-23,1,100000,157,0.00157,313,0.00313
-19,-23,2,100000,190,0.0019,414,0.00414
-19,-23,3,100000,208,0.00208,399,0.00399
-19,-23,4,100000,224,0.00224,438,0.00438
-19,-23,5,100000,186,0.00186,332,0.00332
-19,-22,0,100000,130,0.0013,247,0.00247
-19,-22,1,100000,144,0.00144,319,0.00319
-19,-22,2,100000,233,0.00233,429,0.00429
-19,-22,3,100000,256,0.00256,489,0.00489
-19,-22,4,100000,206,0.00206,434,0.00434
-19,-22,5,100000,158,0.00158,330,0.0033
-19,-21,0,100000,109,0.00109,268,0.00268
-19,-21,1,100000,151,0.00151,322,0.00322
-19,-21,2,100000,232,0.00232,452,0.00452
-19,-21,3,100000,216,0.00216,482,0.00482
-19,-21,4,100000,221,0.00221,448,0.00448
-19,-21,5,100000,145,0.00145,350,0.0035
-19,-20,0,100000,135,0.00135,254,0.00254
-19,-20,1,100000,139,0.00139,315,0.00315
-19,-20,2,100000,210,0.0021,440,0.0044
-19,-20,3,100000,236,0.00236,476,0.00476
-19,-20,4,100000,239,0.00239,439,0.00439
-19,-20,5,100000,152,0.00152,313,0.00313
-19,-19,0,100000,139,0.00139,266,0.00266
-19,-19,1,100000,167,0.00167,353,0.00353
-19,-19,2,100000,199,0.00199,402,0.00402
-19,-19,3,100000,190,0.0019,439,0.00439
-19,-19,4,100000,182,0.00182,453,0.00453
-19,-19,5,100000,209,0.00209,370,0.0037
-19,-18,0,100000,115,0.00115,265,0.00265
-19,-18,1,100000,179,0.00179,361,0.00361
-19,-18,2,100000,205,0.00205,423,0.00423
-19,-18,3,100000,221,0.00221,453,0.00453
-19,-18,4,100000,191,0.00191,404,0.00404
-19,-18,5,100000,167,0.00167,304,0.00304
-19,-17,0,100000,132,0.00132,279,0.00279
-19,-17,1,100000,166,0.00166,331,0.00331
-19,-17,2,100000,217,0.00217,457,0.00457
-19,-17,3,100000,206,0.00206,473,0.00473
-19,-17,4,100000,184,0.00184,444,0.00444
-19,-17,5,100000,134,0.00134,303,0.00303
-19,-16,0,100000,137,0.00137,247,0.00247
-19,-16,1,100000,145,0.00145,319,0.00319
-19,-16,2,100000,207,0.00207,446,0.00446
-19,-16,3,100000,238,0.00238,458,0.00458
-19,-16,4,100000,217,0.00217,438,0.00438
-19,-16,5,100000,168,0.00168,348,0.00348
-19,-15,0,100000,121,0.00121,223,0.00223
-19,-15,1,100000,178,0.00178,352,0.00352
-19,-15,2,100000,203,0.00203,429,0.00429
-19,-15,3,100000,247,0.00247,514,0.00514
-19,-15,4,100000,227,0.00227,447,0.00447
-19,-15,5,100000,141,0.00141,284,0.00284
-19,-14,0,100000,152,0.00152,273,0.00273
-19,-14,1,100000,167,0.00167,346,0.00346
-19,-14,2,100000,182,0.00182,427,0.00427
-19,-14,3,100000,207,0.00207,453,0.00453
-19,-14,4,100000,191,0.00191,422,0.00422
-19,-14,5,100000,176,0.00176,335,0.00335
-19,-13,0,100000,101,0.00101,265,0.00265
-19,-13,1,100000,153,0.00153,317,0.00317
-19,-13,2,100000,186,0.00186,403,0.00403
-19,-13,3,100000,223,0.00223,460,0.0046
-19,-13,4,100000,184,0.00184,450,0.0045
-19,-13,5,100000,156,0.00156,332,0.00332
-19,-12,0,100000,106,0.00106,253,0.00253
-19,-12,1,100000,145,0.00145,350,0.0035
-19,-12,2,100000,219,0.00219,395,0.00395
-19,-12,3,100000,234,0.00234,459,0.00459
-19,-12,4,100000,256,0.00256,486,0.00486
-19,-12,5,100000,157,0.00157,329,0.00329
-19,-11,0,100000,117,0.00117,247,0.00247
-19,-11,1,100000,139,0.00139,301,0.00301
-19,-11,2,100000,221,0.00221,437,0.00437
-19,-11,3,100000,213,0.00213,483,0.00483
-19,-11,4,100000,185,0.00185,405,0.00405
-19,-11,5,100000,208,0.00208,340,0.0034
-19,-10,0,100000,124,0.00124,233,0.00233
-19,-10,1,100000,159,0.00159,289,0.00289
-19,-10,2,100000,210,0.0021,433,0.00433
-19,-10,3,100000,188,0.00188,453,0.00453
-19,-10,4,100000,206,0.00206,449,0.00449
-19,-10,5,100000,188,0.00188,332,0.00332
-19,-9,0,100000,131,0.00131,272,0.00272
-19,-9,1,100000,150,0.0015,296,0.00296
-19,-9,2,100000,209,0.00209,441,0.00441
-19,-9,3,100000,247,0.00247,461,0.00461
-19,-9,4,100000,211,0.00211,431,0.00431
-19,-9,5,100000,155,0.00155,346,0.00346
-19,-8,0,100000,95,0.00095,245,0.00245
-19,-8,1,100000,183,0.00183,374,0.00374
-19,-8,2,100000,201,0.00201,414,0.00414
-19,-8,3,100000,220,0.0022,471,0.00471
-19,-8,4,100000,199,0.00199,391,0.00391
-19,-8,5,100000,119,0.00119,299,0.00299
-19,-7,0,100000,162,0.00162,269,0.00269
-19,-7,1,100000,169,0.00169,342,0.00342
-19,-7,2,100000,214,0.00214,403,0.00403
-19,-7,3,100000,192,0.00192,451,0.00451
-19,-7,4,100000,219,0.00219,465,0.00465
-19,-7,5,100000,166,0.00166,341,0.00341
-19,-6,0,100000,88,0.00088,214,0.00214
-19,-6,1,100000,154,0.00154,333,0.00333
-19,-6,2,100000,219,0.00219,448,0.00448
-19,-6,3,100000,244,0.00244,490,0.0049
-19,-6,4,100000,207,0.00207,486,0.00486
-19,-6,5,100000,161,0.00161,300,0.003
-19,-5,0,100000,148,0.00148,293,0.00293
-19,-5,1,100000,173,0.00173,308,0.00308
-19,-5,2,100000,242,0.00242,442,0.00442
-19,-5,3,100000,191,0.00191,464,0.00464
-19,-5,4,100000,234,0.00234,475,0.00475
-19,-5,5,100000,174,0.00174,308,0.00308
-19,-4,0,100000,131,0.00131,264,0.00264
-19,-4,1,100000,156,0.00156,316,0.00316
-19,-4,2,100000,186,0.00186,393,0.00393
-19,-4,3,100000,235,0.00235,489,0.00489
-19,-4,4,100000,226,0.00226,478,0.00478
-19,-4,5,100000,162,0.00162,334,0.00334
-19,-3,0,100000,138,0.00138,265,0.00265
-19,-3,1,100000,163,0.00163,332,0.00332
-19,-3,2,100000,235,0.00235,469,0.00469
-19,-3,3,100000,229,0.00229,483,0.00483
-19,-3,4,100000,185,0.00185,461,0.00461
-19,-3,5,100000,156,0.00156,341,0.00341
-19,-2,0,100000,135,0.00135,251,0.00251
-19,-2,1,100000,183,0.00183,363,0.00363
-19,-2,2,100000,199,0.00199,442,0.00442
-19,-2,3,100000,216,0.00216,476,0.00476
-19,-2,4,100000,204,0.00204,441,0.00441
-19,-2,5,100000,141,0.00141,331,0.00331
-19,-1,0,100000,114,0.00114,262,0.00262
-19,-1,1,100000,177,0.00177,360,0.0036
-19,-1,2,100000,239,0.00239,446,0.00446
-19,-1,3,100000,233,0.00233,465,0.00465
-19,-1,4,100000,200,0.002,465,0.00465
-19,-1,5,100000,155,0.00155,311,0.00311
-19,0,0,100000,114,0.00114,250,0.0025
-19,0,1,100000,157,0.00157,313,0.00313
-19,0,2,100000,212,0.00212,428,0.00428
-19,0,3,100000,174,0.00174,441,0.00441
-19,0,4,100000,207,0.00207,438,0.00438
-19,0,5,100000,125,0.00125,315,0.00315
-19,1,0,100000,116,0.00116,231,0.00231
-19,1,1,100000,128,0.00128,301,0.00301
-19,1,2,100000,192,0.00192,453,0.00453
-19,1,3,100000,236,0.00236,460,0.0046
-19,1,4,100000,196,0.00196,400,0.004
-19,1,5,100000,150,0.0015,323,0.00323
-19,2,0,100000,127,0.00127,263,0.00263
-19,2,1,100000,148,0.00148,340,0.0034
-19,2,2,100000,218,0.00218,435,0.00435
-19,2,3,100000,219,0.00219,484,0.00484
-19,2,4,100000,191,0.00191,430,0.0043
-19,2,5,100000,149,0.00149,337,0.00337
-19,3,0,100000,137,0.00137,266,0.00266
-19,3,1,100000,168,0.00168,340,0.0034
-19,3,2,100000,197,0.00197,444,0.00444
-19,3,3,100000,252,0.00252,501,0.00501
-19,3,4,100000,160,0.0016,396,0.00396
-19,3,5,100000,143,0.00143,315,0.00315
-19,4,0,100000,100,0.001,250,0.0025
-19,4,1,100000,162,0.00162,321,0.00321
-19,4,2,100000,214,0.00214,445,0.00445
-19,4,3,100000,215,0.00215,471,0.00471
-19,4,4,100000,221,0.00221,440,0.0044
-19,4,5,100000,137,0.00137,326,0.00326
-19,5,0,100000,142,0.00142,289,0.00289
-19,5,1,100000,166,0.00166,326,0.00326
-19,5,2,100000,190,0.0019,431,0.00431
-19,5,3,100000,220,0.0022,434,0.00434
-19,5,4,100000,210,0.0021,426,0.00426
-19,5,5,100000,167,0.00167,327,0.00327
-19,6,0,100000,159,0.00159,285,0.00285
-19,6,1,100000,163,0.00163,351,0.00351
-19,6,2,100000,249,0.00249,445,0.00445
-19,6,3,100000,221,0.00221,464,0.00464
-19,6,4,100000,226,0.00226,442,0.00442
-19,6,5,100000,189,0.00189,331,0.00331
-19,7,0,100000,127,0.00127,254,0.00254
-19,7,1,100000,184,0.00184,338,0.00338
-19,7,2,100000,228,0.00228,453,0.00453
-19,7,3,100000,193,0.00193,459,0.00459
-19,7,4,100000,217,0.00217,437,0.00437
-19,7,5,100000,168,0.00168,335,0.00335
-19,8,0,100000,115,0.00115,240,0.0024
-19,8,1,100000,169,0.00169,340,0.0034
-19,8,2,100000,180,0.0018,405,0.00405
-19,8,3,100000,190,0.0019,422,0.00422
-19,8,4,100000,198,0.00198,449,0.00449
-19,8,5,100000,148,0.00148,311,0.00311
-19,9,0,100000,114,0.00114,246,0.00246
-19,9,1,100000,161,0.00161,325,0.00325
-19,9,2,100000,210,0.0021,479,0.00479
-19,9,3,100000,246,0.00246,488,0.00488
-19,9,4,100000,226,0.00226,462,0.00462
-19,9,5,100000,168,0.00168,311,0.00311
-19,10,0,100000,100,0.001,262,0.00262
-19,10,1,100000,155,0.00155,348,0.00348
-19,10,2,100000,225,0.00225,448,0.00448
-19,10,3,100000,210,0.0021,462,0.00462
-19,10,4,100000,247,0.00247,438,0.00438
-19,10,5,100000,167,0.00167,316,0.00316
-19,11,0,100000,129,0.00129,271,0.00271
-19,11,1,100000,148,0.00148,322,0.00322
-19,11,2,100000,219,0.00219,443,0.00443
-19,11,3,100000,213,0.00213,454,0.00454
-19,11,4,100000,230,0.0023,482,0.00482
-19,11,5,100000,176,0.00176,343,0.00343
-19,12,0,100000,132,0.00132,256,0.00256
-19,12,1,100000,164,0.00164,349,0.00349
-19,12,2,100000,188,0.00188,409,0.00409
-19,12,3,100000,234,0.00234,471,0.00471
-19,12,4,100000,213,0.00213,424,0.00424
-19,12,5,100000,133,0.00133,341,0.00341
-19,13,0,100000,122,0.00122,242,0.00242
-19,13,1,100000,192,0.00192,340,0.0034
-19,13,2,100000,216,0.00216,455,0.00455
-19,13,3,100000,215,0.00215,477,0.00477
-19,13,4,100000,198,0.00198,390,0.0039
-19,13,5,100000,159,0.00159,331,0.00331
-19,14,0,100000,126,0.00126,237,0.00237
-19,14,1,100000,184,0.00184,344,0.00344
-19,14,2,100000,213,0.00213,454,0.00454
-19,14,3,100000,225,0.00225,485,0.00485
-19,14,4,100000,227,0.00227,413,0.00413
-19,14,5,100000,161,0.00161,350,0.0035
-19,15,0,100000,127,0.00127,283,0.00283
-19,15,1,100000,171,0.00171,341,0.00341
-19,15,2,100000,186,0.00186,430,0.0043
-19,15,3,100000,228,0.00228,475,0.00475
-19,15,4,100000,220,0.0022,447,0.00447
-19,15,5,100000,138,0.00138,338,0.00338
-19,16,0,100000,136,0.00136,272,0.00272
-19,16,1,100000,165,0.00165,324,0.00324
-19,16,2,100000,183,0.00183,400,0.004
-19,16,3,100000,240,0.0024,511,0.00511
-19,16,4,100000,198,0.00198,421,0.00421
-19,16,5,100000,153,0.00153,308,0.00308
-19,17,0,100000,138,0.00138,257,0.00257
-19,17,1,100000,192,0.00192,363,0.00363
-19,17,2,100000,191,0.00191,395,0.00395
-19,17,3,100000,234,0.00234,485,0.00485
-19,17,4,100000,194,0.00194,441,0.00441
-19,17,5,100000,161,0.00161,318,0.00318
-19,18,0,100000,138,0.00138,264,0.00264
-19,18,1,100000,161,0.00161,332,0.00332
-19,18,2,100000,187,0.00187,430,0.0043
-19,18,3,100000,239,0.00239,490,0.0049
-19,18,4,100000,236,0.00236,467,0.00467
-19,18,5,100000,153,0.00153,347,0.00347
-19,19,0,100000,126,0.00126,269,0.00269
-19,19,1,100000,138,0.00138,321,0.00321
-19,19,2,100000,195,0.00195,419,0.00419
-19,19,3,100000,229,0.00229,479,0.00479
-19,19,4,100000,198,0.00198,428,0.00428
-19,19,5,100000,137,0.00137,302,0.00302
-19,20,0,100000,155,0.00155,288,0.00288
-19,20,1,100000,185,0.00185,368,0.00368
-19,20,2,100000,205,0.00205,465,0.00465
-19,20,3,100000,234,0.00234,469,0.00469
-19,20,4,100000,196,0.00196,420,0.0042
-19,20,5,100000,148,0.00148,323,0.00323
-19,21,0,100000,100,0.001,258,0.00258
-19,21,1,100000,163,0.00163,351,0.00351
-19,21,2,100000,211,0.00211,422,0.00422
-19,21,3,100000,218,0.00218,463,0.00463
-19,21,4,100000,184,0.00184,409,0.00409
-19,21,5,100000,150,0.0015,308,0.00308
-19,22,0,100000,134,0.00134,249,0.00249
-19,22,1,100000,163,0.00163,341,0.00341
-19,22,2,100000,226,0.00226,456,0.00456
-19,22,3,100000,242,0.00242,525,0.00525
-19,22,4,100000,209,0.00209,427,0.00427
-19,22,5,100000,169,0.00169,315,0.00315
-19,23,0,100000,137,0.00137,273,0.00273
-19,23,1,100000,142,0.00142,305,0.00305
-19,23,2,100000,179,0.00179,407,0.00407
-19,23,3,100000,252,0.00252,456,0.00456
-19,23,4,100000,242,0.00242,450,0.0045
-19,23,5,100000,132,0.00132,339,0.00339
-19,24,0,100000,143,0.00143,263,0.00263
-19,24,1,100000,149,0.00149,315,0.00315
-19,24,2,100000,196,0.00196,433,0.00433
-19,24,3,100000,193,0.00193,431,0.00431
-19,24,4,100000,209,0.00209,432,0.00432
-19,24,5,100000,174,0.00174,351,0.00351
-19,25,0,100000,125,0.00125,261,0.00261
-19,25,1,100000,169,0.00169,341,0.00341
-19,25,2,100000,201,0.00201,434,0.00434
-19,25,3,100000,241,0.00241,490,0.0049
-19,25,4,100000,202,0.00202,448,0.00448
-19,25,5,100000,165,0.00165,326,0.00326
-19,26,0,100000,136,0.00136,261,0.00261
-19,26,1,100000,151,0.00151,325,0.00325
-19,26,2,100000,231,0.00231,416,0.00416
-19,26,3,100000,243,0.00243,462,0.00462
-19,26,4,100000,207,0.00207,426,0.00426
-19,26,5,100000,114,0.00114,310,0.0031
-19,27,0,100000,128,0.00128,270,0.0027
-19,27,1,100000,147,0.00147,306,0.00306
-19,27,2,100000,211,0.00211,426,0.00426
-19,27,3,100000,212,0.00212,465,0.00465
-19,27,4,100000,217,0.00217,415,0.00415
-19,27,5,100000,153,0.00153,332,0.00332
-19,28,0,100000,125,0.00125,287,0.00287
-19,28,1,100000,134,0.00134,293,0.00293
-19,28,2,100000,219,0.00219,444,0.00444
-19,28,3,100000,230,0.0023,473,0.00473
-19,28,4,100000,227,0.00227,443,0.00443
-19,28,5,100000,220,0.0022,330,0.0033
-19,29,0,100000,121,0.00121,267,0.00267
-19,29,1,100000,142,0.00142,316,0.00316
-19,29,2,100000,164,0.00164,402,0.00402
-19,29,3,100000,198,0.00198,445,0.00445
-19,29,4,100000,196,0.00196,424,0.00424
-19,29,5,100000,202,0.00202,350,0.0035
-19,30,0,100000,113,0.00113,258,0.00258
-19,30,1,100000,163,0.00163,315,0.00315
-19,30,2,100000,235,0.00235,474,0.00474
-19,30,3,100000,231,0.00231,458,0.00458
-19,30,4,100000,232,0.00232,431,0.00431
-19,30,5,100000,172,0.00172,350,0.0035
-19,31,0,100000,117,0.00117,249,0.00249
-19,31,1,100000,152,0.00152,304,0.00304
-19,31,2,100000,221,0.00221,435,0.00435
-19,31,3,100000,168,0.00168,436,0.00436
-19,31,4,100000,190,0.0019,416,0.00416
-19,31,5,100000,180,0.0018,352,0.00352
-19,32,0,100000,145,0.00145,257,0.00257
-19,32,1,100000,167,0.00167,366,0.00366
-19,32,2,100000,211,0.00211,415,0.00415
-19,32,3,100000,228,0.00228,437,0.00437
-19,32,4,100000,209,0.00209,418,0.00418
-19,32,5,100000,165,0.00165,326,0.00326
-19,33,0,100000,121,0.00121,260,0.0026
-19,33,1,100000,174,0.00174,375,0.00375
-19,33,2,100000,236,0.00236,464,0.00464
-19,33,3,100000,214,0.00214,442,0.00442
-19,33,4,100000,182,0.00182,392,0.00392
-19,33,5,100000,156,0.00156,283,0.00283
-19,34,0,100000,123,0.00123,243,0.00243
-19,34,1,100000,164,0.00164,318,0.00318
-19,34,2,100000,190,0.0019,427,0.00427
-19,34,3,100000,217,0.00217,469,0.00469
-19,34,4,100000,200,0.002,422,0.00422
-19,34,5,100000,153,0.00153,335,0.00335
-19,35,0,100000,120,0.0012,242,0.00242
-19,35,1,100000,141,0.00141,322,0.00322
-19,35,2,100000,217,0.00217,444,0.00444
-19,35,3,100000,237,0.00237,469,0.00469
-19,35,4,100000,211,0.00211,438,0.00438
-19,35,5,100000,158,0.00158,329,0.00329
-19,36,0,100000,141,0.00141,274,0.00274
-19,36,1,100000,145,0.00145,342,0.00342
-19,36,2,100000,199,0.00199,425,0.00425
-19,36,3,100000,234,0.00234,470,0.0047
-19,36,4,100000,220,0.0022,449,0.00449
-19,36,5,100000,159,0.00159,336,0.00336
-19,37,0,100000,123,0.00123,272,0.00272
-19,37,1,100000,166,0.00166,318,0.00318
-19,37,2,100000,194,0.00194,380,0.0038
-19,37,3,100000,223,0.00223,427,0.00427
-19,37,4,100000,178,0.00178,411,0.00411
-19,37,5,100000,154,0.00154,330,0.0033
-19,38,0,100000,102,0.00102,228,0.00228
-19,38,1,100000,125,0.00125,289,0.00289
-19,38,2,100000,187,0.00187,353,0.00353
-19,38,3,100000,181,0.00181,396,0.00396
-19,38,4,100000,174,0.00174,346,0.00346
-19,38,5,100000,143,0.00143,272,0.00272
-19,39,0,100000,84,0.00084,158,0.00158
-19,39,1,100000,105,0.00105,248,0.00248
-19,39,2,100000,144,0.00144,329,0.00329
-19,39,3,100000,169,0.00169,355,0.00355
-19,39,4,100000,160,0.0016,350,0.0035
-19,39,5,100000,128,0.00128,274,0.00274
-19,40,0,100000,76,0.00076,148,0.00148
-19,40,1,100000,83,0.00083,194,0.00194
-19,40,2,100000,133,0.00133,255,0.00255
-19,40,3,100000,110,0.0011,251,0.00251
-19,40,4,100000,107,0.00107,252,0.00252
-19,40,5,100000,124,0.00124,223,0.00223
-19,41,0,100000,64,0.00064,149,0.00149
-19,41,1,100000,77,0.00077,182,0.00182
-19,41,2,100000,91,0.00091,186,0.00186
-19,41,3,100000,106,0.00106,215,0.00215
-19,41,4,100000,97,0.00097,194,0.00194
-19,41,5,100000,69,0.00069,147,0.00147
-19,42,0,100000,56,0.00056,117,0.00117
-19,42,1,100000,67,0.00067,129,0.00129
-19,42,2,100000,80,0.0008,162,0.00162
-19,42,3,100000,52,0.00052,121,0.00121
-19,42,4,100000,73,0.00073,137,0.00137
-19,42,5,100000,32,0.00032,98,0.00098
-19,43,0,100000,47,0.00047,102,0.00102
-19,43,1,100000,62,0.00062,111,0.00111
-19,43,2,100000,42,0.00042,129,0.00129
-19,43,3,100000,60,0.0006,111,0.00111
-19,43,4,100000,33,0.00033,75,0.00075
-19,43,5,100000,26,0.00026,86,0.00086
-19,44,0,100000,40,0.0004,87,0.00087
-19,44,1,100000,47,0.00047,94,0.00094
-19,44,2,100000,49,0.00049,94,0.00094
-19,44,3,100000,49,0.00049,82,0.00082
-19,44,4,100000,38,0.00038,110,0.0011
-19,44,5,100000,24,0.00024,69,0.00069
-19,45,0,100000,28,0.00028,68,0.00068
-19,45,1,100000,21,0.00021,70,0.0007
-19,45,2,100000,13,0.00013,66,0.00066
-19,45,3,100000,26,0.00026,81,0.00081
-19,45,4,100000,23,0.00023,72,0.00072
-19,45,5,100000,51,0.00051,66,0.00066
-19,46,0,100000,36,0.00036,93,0.00093
-19,46,1,100000,39,0.00039,87,0.00087
-19,46,2,100000,34,0.00034,98,0.00098
-19,46,3,100000,46,0.00046,75,0.00075
-19,46,4,100000,32,0.00032,74,0.00074
-19,46,5,100000,27,0.00027,73,0.00073
-19,47,0,100000,27,0.00027,57,0.00057
-19,47,1,100000,22,0.00022,75,0.00075
-19,47,2,100000,33,0.00033,60,0.0006
-19,47,3,100000,33,0.00033,77,0.00077
-19,47,4,100000,38,0.00038,71,0.00071
-19,47,5,100000,21,0.00021,60,0.0006
-19,48,0,100000,46,0.00046,77,0.00077
-19,48,1,100000,21,0.00021,70,0.0007
-19,48,2,100000,18,0.00018,67,0.00067
-19,48,3,100000,25,0.00025,73,0.00073
-19,48,4,100000,21,0.00021,67,0.00067
-19,48,5,100000,20,0.0002,75,0.00075
-19,49,0,100000,33,0.00033,63,0.00063
-19,49,1,100000,16,0.00016,63,0.00063
-19,49,2,100000,20,0.0002,59,0.00059
-19,49,3,100000,15,0.00015,66,0.00066
-19,49,4,100000,30,0.0003,73,0.00073
-19,49,5,100000,22,0.00022,65,0.00065
-19,50,0,100000,32,0.00032,68,0.00068
-19,50,1,100000,29,0.00029,59,0.00059
-19,50,2,100000,25,0.00025,75,0.00075
-19,50,3,100000,15,0.00015,72,0.00072
-19,50,4,100000,36,0.00036,94,0.00094
-19,50,5,100000,23,0.00023,70,0.0007
-18,-50,0,100000,32,0.00032,85,0.00085
-18,-50,1,100000,10,0.0001,61,0.00061
-18,-50,2,100000,37,0.00037,79,0.00079
-18,-50,3,100000,44,0.00044,65,0.00065
-18,-50,4,100000,31,0.00031,81,0.00081
-18,-50,5,100000,47,0.00047,93,0.00093
-18,-49,0,100000,28,0.00028,77,0.00077
-18,-49,1,100000,40,0.0004,65,0.00065
-18,-49,2,100000,32,0.00032,80,0.0008
-18,-49,3,100000,32,0.00032,74,0.00074
-18,-49,4,100000,25,0.00025,70,0.0007
-18,-49,5,100000,26,0.00026,71,0.00071
-18,-48,0,100000,35,0.00035,85,0.00085
-18,-48,1,100000,31,0.00031,75,0.00075
-18,-48,2,100000,39,0.00039,80,0.0008
-18,-48,3,100000,30,0.0003,82,0.00082
-18,-48,4,100000,34,0.00034,65,0.00065
-18,-48,5,100000,28,0.00028,77,0.00077
-18,-47,0,100000,34,0.00034,85,0.00085
-18,-47,1,100000,27,0.00027,72,0.00072
-18,-47,2,100000,26,0.00026,68,0.00068
-18,-47,3,100000,43,0.00043,87,0.00087
-18,-47,4,100000,55,0.00055,82,0.00082
-18,-47,5,100000,24,0.00024,81,0.00081
-18,-46,0,100000,32,0.00032,87,0.00087
-18,-46,1,100000,40,0.0004,87,0.00087
-18,-46,2,100000,27,0.00027,70,0.0007
-18,-46,3,100000,45,0.00045,81,0.00081
-18,-46,4,100000,39,0.00039,76,0.00076
-18,-46,5,100000,46,0.00046,75,0.00075
-18,-45,0,100000,20,0.0002,78,0.00078
-18,-45,1,100000,47,0.00047,89,0.00089
-18,-45,2,100000,36,0.00036,73,0.00073
-18,-45,3,100000,26,0.00026,69,0.00069
-18,-45,4,100000,24,0.00024,76,0.00076
-18,-45,5,100000,45,0.00045,88,0.00088
-18,-44,0,100000,35,0.00035,90,0.0009
-18,-44,1,100000,34,0.00034,79,0.00079
-18,-44,2,100000,41,0.00041,73,0.00073
-18,-44,3,100000,31,0.00031,76,0.00076
-18,-44,4,100000,51,0.00051,76,0.00076
-18,-44,5,100000,34,0.00034,88,0.00088
-18,-43,0,100000,40,0.0004,95,0.00095
-18,-43,1,100000,14,0.00014,77,0.00077
-18,-43,2,100000,30,0.0003,101,0.00101
-18,-43,3,100000,46,0.00046,105,0.00105
-18,-43,4,100000,59,0.00059,123,0.00123
-18,-43,5,100000,46,0.00046,109,0.00109
-18,-42,0,100000,69,0.00069,128,0.00128
-18,-42,1,100000,67,0.00067,130,0.0013
-18,-42,2,100000,43,0.00043,126,0.00126
-18,-42,3,100000,82,0.00082,177,0.00177
-18,-42,4,100000,70,0.0007,171,0.00171
-18,-42,5,100000,96,0.00096,154,0.00154
-18,-41,0,100000,66,0.00066,129,0.00129
-18,-41,1,100000,74,0.00074,183,0.00183
-18,-41,2,100000,89,0.00089,196,0.00196
-18,-41,3,100000,138,0.00138,246,0.00246
-18,-41,4,100000,94,0.00094,207,0.00207
-18,-41,5,100000,92,0.00092,212,0.00212
-18,-40,0,100000,96,0.00096,190,0.0019
-18,-40,1,100000,108,0.00108,228,0.00228
-18,-40,2,100000,144,0.00144,284,0.00284
-18,-40,3,100000,202,0.00202,320,0.0032
-18,-40,4,100000,142,0.00142,280,0.0028
-18,-40,5,100000,116,0.00116,231,0.00231
-18,-39,0,100000,131,0.00131,222,0.00222
-18,-39,1,100000,170,0.0017,308,0.00308
-18,-39,2,100000,199,0.00199,446,0.00446
-18,-39,3,100000,224,0.00224,423,0.00423
-18,-39,4,100000,160,0.0016,348,0.00348
-18,-39,5,100000,114,0.00114,274,0.00274
-18,-38,0,100000,123,0.00123,277,0.00277
-18,-38,1,100000,146,0.00146,361,0.00361
-18,-38,2,100000,239,0.00239,464,0.00464
-18,-38,3,100000,224,0.00224,498,0.00498
-18,-38,4,100000,184,0.00184,450,0.0045
-18,-38,5,100000,184,0.00184,367,0.00367
-18,-37,0,100000,144,0.00144,290,0.0029
-18,-37,1,100000,229,0.00229,387,0.00387
-18,-37,2,100000,292,0.00292,526,0.00526
-18,-37,3,100000,228,0.00228,510,0.0051
-18,-37,4,100000,249,0.00249,478,0.00478
-18,-37,5,100000,197,0.00197,393,0.00393
-18,-36,0,100000,143,0.00143,312,0.00312
-18,-36,1,100000,160,0.0016,375,0.00375
-18,-36,2,100000,263,0.00263,513,0.00513
-18,-36,3,100000,257,0.00257,538,0.00538
-18,-36,4,100000,248,0.00248,510,0.0051
-18,-36,5,100000,204,0.00204,389,0.00389
-18,-35,0,100000,135,0.00135,309,0.00309
-18,-35,1,100000,175,0.00175,362,0.00362
-18,-35,2,100000,250,0.0025,531,0.00531
-18,-35,3,100000,264,0.00264,549,0.00549
-18,-35,4,100000,263,0.00263,518,0.00518
-18,-35,5,100000,177,0.00177,404,0.00404
-18,-34,0,100000,150,0.0015,306,0.00306
-18,-34,1,100000,177,0.00177,406,0.00406
-18,-34,2,100000,218,0.00218,482,0.00482
-18,-34,3,100000,282,0.00282,595,0.00595
-18,-34,4,100000,231,0.00231,483,0.00483
-18,-34,5,100000,214,0.00214,413,0.00413
-18,-33,0,100000,155,0.00155,298,0.00298
-18,-33,1,100000,194,0.00194,394,0.00394
-18,-33,2,100000,264,0.00264,527,0.00527
-18,-33,3,100000,253,0.00253,550,0.0055
-18,-33,4,100000,253,0.00253,511,0.00511
-18,-33,5,100000,165,0.00165,350,0.0035
-18,-32,0,100000,146,0.00146,283,0.00283
-18,-32,1,100000,177,0.00177,394,0.00394
-18,-32,2,100000,271,0.00271,520,0.0052
-18,-32,3,100000,279,0.00279,586,0.00586
-18,-32,4,100000,232,0.00232,499,0.00499
-18,-32,5,100000,202,0.00202,404,0.00404
-18,-31,0,100000,161,0.00161,319,0.00319
-18,-31,1,100000,187,0.00187,395,0.00395
-18,-31,2,100000,257,0.00257,536,0.00536
-18,-31,3,100000,276,0.00276,556,0.00556
-18,-31,4,100000,276,0.00276,517,0.00517
-18,-31,5,100000,208,0.00208,396,0.00396
-18,-30,0,100000,149,0.00149,320,0.0032
-18,-30,1,100000,197,0.00197,377,0.00377
-18,-30,2,100000,226,0.00226,483,0.00483
-18,-30,3,100000,273,0.00273,585,0.00585
-18,-30,4,100000,242,0.00242,495,0.00495
-18,-30,5,100000,202,0.00202,390,0.0039
-18,-29,0,100000,159,0.00159,320,0.0032
-18,-29,1,100000,205,0.00205,387,0.00387
-18,-29,2,100000,251,0.00251,511,0.00511
-18,-29,3,100000,271,0.00271,541,0.00541
-18,-29,4,100000,261,0.00261,509,0.00509
-18,-29,5,100000,181,0.00181,392,0.00392
-18,-28,0,100000,152,0.00152,296,0.00296
-18,-28,1,100000,183,0.00183,374,0.00374
-18,-28,2,100000,240,0.0024,487,0.00487
-18,-28,3,100000,257,0.00257,545,0.00545
-18,-28,4,100000,228,0.00228,491,0.00491
-18,-28,5,100000,191,0.00191,402,0.00402
-18,-27,0,100000,127,0.00127,289,0.00289
-18,-27,1,100000,181,0.00181,370,0.0037
-18,-27,2,100000,227,0.00227,514,0.00514
-18,-27,3,100000,280,0.0028,548,0.00548
-18,-27,4,100000,232,0.00232,474,0.00474
-18,-27,5,100000,187,0.00187,399,0.00399
-18,-26,0,100000,170,0.0017,307,0.00307
-18,-26,1,100000,188,0.00188,390,0.0039
-18,-26,2,100000,231,0.00231,527,0.00527
-18,-26,3,100000,280,0.0028,596,0.00596
-18,-26,4,100000,232,0.00232,529,0.00529
-18,-26,5,100000,195,0.00195,436,0.00436
-18,-25,0,100000,120,0.0012,284,0.00284
-18,-25,1,100000,222,0.00222,411,0.00411
-18,-25,2,100000,259,0.00259,533,0.00533
-18,-25,3,100000,248,0.00248,551,0.00551
-18,-25,4,100000,217,0.00217,481,0.00481
-18,-25,5,100000,224,0.00224,423,0.00423
-18,-24,0,100000,122,0.00122,293,0.00293
-18,-24,1,100000,161,0.00161,385,0.00385
-18,-24,2,100000,248,0.00248,521,0.00521
-18,-24,3,100000,247,0.00247,531,0.00531
-18,-24,4,100000,247,0.00247,529,0.00529
-18,-24,5,100000,198,0.00198,407,0.00407
-18,-23,0,100000,200,0.002,335,0.00335
-18,-23,1,100000,203,0.00203,379,0.00379
-18,-23,2,100000,227,0.00227,514,0.00514
-18,-23,3,100000,285,0.00285,570,0.0057
-18,-23,4,100000,221,0.00221,507,0.00507
-18,-23,5,100000,220,0.0022,390,0.0039
-18,-22,0,100000,156,0.00156,280,0.0028
-18,-22,1,100000,162,0.00162,390,0.0039
-18,-22,2,100000,229,0.00229,490,0.0049
-18,-22,3,100000,277,0.00277,544,0.00544
-18,-22,4,100000,264,0.00264,526,0.00526
-18,-22,5,100000,200,0.002,355,0.00355
-18,-21,0,100000,157,0.00157,309,0.00309
-18,-21,1,100000,186,0.00186,420,0.0042
-18,-21,2,100000,247,0.00247,494,0.00494
-18,-21,3,100000,268,0.00268,558,0.00558
-18,-21,4,100000,257,0.00257,491,0.00491
-18,-21,5,100000,185,0.00185,392,0.00392
-18,-20,0,100000,122,0.00122,278,0.00278
-18,-20,1,100000,187,0.00187,392,0.00392
-18,-20,2,100000,227,0.00227,512,0.00512
-18,-20,3,100000,237,0.00237,560,0.0056
-18,-20,4,100000,246,0.00246,514,0.00514
-18,-20,5,100000,206,0.00206,379,0.00379
-18,-19,0,100000,163,0.00163,325,0.00325
-18,-19,1,100000,183,0.00183,383,0.00383
-18,-19,2,100000,222,0.00222,530,0.0053
-18,-19,3,100000,321,0.00321,571,0.00571
-18,-19,4,100000,241,0.00241,524,0.00524
-18,-19,5,100000,193,0.00193,389,0.00389
-18,-18,0,100000,126,0.00126,298,0.00298
-18,-18,1,100000,183,0.00183,357,0.00357
-18,-18,2,100000,236,0.00236,494,0.00494
-18,-18,3,100000,257,0.00257,563,0.00563
-18,-18,4,100000,238,0.00238,545,0.00545
-18,-18,5,100000,176,0.00176,350,0.0035
-18,-17,0,100000,137,0.00137,320,0.0032
-18,-17,1,100000,235,0.00235,435,0.00435
-18,-17,2,100000,246,0.00246,524,0.00524
-18,-17,3,100000,248,0.00248,547,0.00547
-18,-17,4,100000,278,0.00278,501,0.00501
-18,-17,5,100000,170,0.0017,381,0.00381
-18,-16,0,100000,122,0.00122,299,0.00299
-18,-16,1,100000,183,0.00183,370,0.0037
-18,-16,2,100000,282,0.00282,551,0.00551
-18,-16,3,100000,275,0.00275,561,0.00561
-18,-16,4,100000,270,0.0027,517,0.00517
-18,-16,5,100000,188,0.00188,369,0.00369
-18,-15,0,100000,157,0.00157,319,0.00319
-18,-15,1,100000,193,0.00193,387,0.00387
-18,-15,2,100000,238,0.00238,475,0.00475
-18,-15,3,100000,316,0.00316,605,0.00605
-18,-15,4,100000,244,0.00244,510,0.0051
-18,-15,5,100000,218,0.00218,401,0.00401
-18,-14,0,100000,153,0.00153,316,0.00316
-18,-14,1,100000,195,0.00195,394,0.00394
-18,-14,2,100000,266,0.00266,559,0.00559
-18,-14,3,100000,266,0.00266,577,0.00577
-18,-14,4,100000,257,0.00257,516,0.00516
-18,-14,5,100000,192,0.00192,391,0.00391
-18,-13,0,100000,134,0.00134,325,0.00325
-18,-13,1,100000,187,0.00187,420,0.0042
-18,-13,2,100000,229,0.00229,505,0.00505
-18,-13,3,100000,237,0.00237,534,0.00534
-18,-13,4,100000,264,0.00264,571,0.00571
-18,-13,5,100000,172,0.00172,399,0.00399
-18,-12,0,100000,159,0.00159,304,0.00304
-18,-12,1,100000,184,0.00184,385,0.00385
-18,-12,2,100000,238,0.00238,539,0.00539
-18,-12,3,100000,296,0.00296,576,0.00576
-18,-12,4,100000,264,0.00264,529,0.00529
-18,-12,5,100000,201,0.00201,389,0.00389
-18,-11,0,100000,130,0.0013,284,0.00284
-18,-11,1,100000,234,0.00234,424,0.00424
-18,-11,2,100000,241,0.00241,492,0.00492
-18,-11,3,100000,241,0.00241,578,0.00578
-18,-11,4,100000,261,0.00261,549,0.00549
-18,-11,5,100000,170,0.0017,386,0.00386
-18,-10,0,100000,167,0.00167,303,0.00303
-18,-10,1,100000,205,0.00205,378,0.00378
-18,-10,2,100000,235,0.00235,502,0.00502
-18,-10,3,100000,271,0.00271,594,0.00594
-18,-10,4,100000,229,0.00229,490,0.0049
-18,-10,5,100000,196,0.00196,395,0.00395
-18,-9,0,100000,154,0.00154,321,0.00321
-18,-9,1,100000,208,0.00208,396,0.00396
-18,-9,2,100000,234,0.00234,494,0.00494
-18,-9,3,100000,287,0.00287,550,0.0055
-18,-9,4,100000,249,0.00249,471,0.00471
-18,-9,5,100000,189,0.00189,386,0.00386
-18,-8,0,100000,161,0.00161,312,0.00312
-18,-8,1,100000,191,0.00191,414,0.00414
-18,-8,2,100000,296,0.00296,562,0.00562
-18,-8,3,100000,255,0.00255,530,0.0053
-18,-8,4,100000,229,0.00229,459,0.00459
-18,-8,5,100000,213,0.00213,422,0.00422
-18,-7,0,100000,138,0.00138,289,0.00289
-18,-7,1,100000,190,0.0019,411,0.00411
-18,-7,2,100000,239,0.00239,535,0.00535
-18,-7,3,100000,295,0.00295,599,0.00599
-18,-7,4,100000,249,0.00249,508,0.00508
-18,-7,5,100000,159,0.00159,410,0.0041
-18,-6,0,100000,138,0.00138,281,0.00281
-18,-6,1,100000,185,0.00185,371,0.00371
-18,-6,2,100000,250,0.0025,517,0.00517
-18,-6,3,100000,309,0.00309,592,0.00592
-18,-6,4,100000,270,0.0027,544,0.00544
-18,-6,5,100000,200,0.002,385,0.00385
-18,-5,0,100000,146,0.00146,298,0.00298
-18,-5,1,100000,174,0.00174,354,0.00354
-18,-5,2,100000,270,0.0027,519,0.00519
-18,-5,3,100000,277,0.00277,549,0.00549
-18,-5,4,100000,280,0.0028,538,0.00538
-18,-5,5,100000,183,0.00183,388,0.00388
-18,-4,0,100000,138,0.00138,268,0.00268
-18,-4,1,100000,212,0.00212,406,0.00406
-18,-4,2,100000,282,0.00282,490,0.0049
-18,-4,3,100000,278,0.00278,584,0.00584
-18,-4,4,100000,259,0.00259,528,0.00528
-18,-4,5,100000,200,0.002,370,0.0037
-18,-3,0,100000,179,0.00179,324,0.00324
-18,-3,1,100000,211,0.00211,428,0.00428
-18,-3,2,100000,247,0.00247,511,0.00511
-18,-3,3,100000,298,0.00298,571,0.00571
-18,-3,4,100000,273,0.00273,534,0.00534
-18,-3,5,100000,197,0.00197,384,0.00384
-18,-2,0,100000,149,0.00149,290,0.0029
-18,-2,1,100000,202,0.00202,385,0.00385
-18,-2,2,100000,266,0.00266,540,0.0054
-18,-2,3,100000,248,0.00248,570,0.0057
-18,-2,4,100000,233,0.00233,531,0.00531
-18,-2,5,100000,185,0.00185,367,0.00367
-18,-1,0,100000,123,0.00123,292,0.00292
-18,-1,1,100000,180,0.0018,373,0.00373
-18,-1,2,100000,264,0.00264,536,0.00536
-18,-1,3,100000,268,0.00268,557,0.00557
-18,-1,4,100000,220,0.0022,502,0.00502
-18,-1,5,100000,201,0.00201,377,0.00377
-18,0,0,100000,133,0.00133,287,0.00287
-18,0,1,100000,186,0.00186,393,0.00393
-18,0,2,100000,265,0.00265,516,0.00516
-18,0,3,100000,251,0.00251,498,0.00498
-18,0,4,100000,230,0.0023,514,0.00514
-18,0,5,100000,195,0.00195,389,0.00389
-18,1,0,100000,152,0.00152,321,0.00321
-18,1,1,100000,183,0.00183,400,0.004
-18,1,2,100000,224,0.00224,493,0.00493
-18,1,3,100000,292,0.00292,602,0.00602
-18,1,4,100000,248,0.00248,553,0.00553
-18,1,5,100000,192,0.00192,417,0.00417
-18,2,0,100000,161,0.00161,300,0.003
-18,2,1,100000,198,0.00198,396,0.00396
-18,2,2,100000,244,0.00244,505,0.00505
-18,2,3,100000,259,0.00259,568,0.00568
-18,2,4,100000,266,0.00266,549,0.00549
-18,2,5,100000,207,0.00207,405,0.00405
-18,3,0,100000,163,0.00163,345,0.00345
-18,3,1,100000,190,0.0019,389,0.00389
-18,3,2,100000,251,0.00251,522,0.00522
-18,3,3,100000,298,0.00298,587,0.00587
-18,3,4,100000,215,0.00215,524,0.00524
-18,3,5,100000,183,0.00183,388,0.00388
-18,4,0,100000,143,0.00143,286,0.00286
-18,4,1,100000,178,0.00178,389,0.00389
-18,4,2,100000,217,0.00217,445,0.00445
-18,4,3,100000,268,0.00268,545,0.00545
-18,4,4,100000,243,0.00243,493,0.00493
-18,4,5,100000,174,0.00174,363,0.00363
-18,5,0,100000,165,0.00165,313,0.00313
-18,5,1,100000,217,0.00217,392,0.00392
-18,5,2,100000,238,0.00238,551,0.00551
-18,5,3,100000,304,0.00304,587,0.00587
-18,5,4,100000,262,0.00262,536,0.00536
-18,5,5,100000,186,0.00186,389,0.00389
-18,6,0,100000,178,0.00178,308,0.00308
-18,6,1,100000,186,0.00186,369,0.00369
-18,6,2,100000,231,0.00231,524,0.00524
-18,6,3,100000,292,0.00292,569,0.00569
-18,6,4,100000,255,0.00255,566,0.00566
-18,6,5,100000,173,0.00173,384,0.00384
-18,7,0,100000,160,0.0016,302,0.00302
-18,7,1,100000,178,0.00178,402,0.00402
-18,7,2,100000,247,0.00247,486,0.00486
-18,7,3,100000,255,0.00255,552,0.00552
-18,7,4,100000,273,0.00273,536,0.00536
-18,7,5,100000,197,0.00197,363,0.00363
-18,8,0,100000,143,0.00143,289,0.00289
-18,8,1,100000,188,0.00188,381,0.00381
-18,8,2,100000,219,0.00219,492,0.00492
-18,8,3,100000,309,0.00309,601,0.00601
-18,8,4,100000,242,0.00242,524,0.00524
-18,8,5,100000,201,0.00201,379,0.00379
-18,9,0,100000,161,0.00161,326,0.00326
-18,9,1,100000,216,0.00216,424,0.00424
-18,9,2,100000,266,0.00266,551,0.00551
-18,9,3,100000,224,0.00224,541,0.00541
-18,9,4,100000,210,0.0021,469,0.00469
-18,9,5,100000,196,0.00196,401,0.00401
-18,10,0,100000,143,0.00143,284,0.00284
-18,10,1,100000,206,0.00206,417,0.00417
-18,10,2,100000,216,0.00216,505,0.00505
-18,10,3,100000,274,0.00274,574,0.00574
-18,10,4,100000,206,0.00206,498,0.00498
-18,10,5,100000,184,0.00184,403,0.00403
-18,11,0,100000,167,0.00167,324,0.00324
-18,11,1,100000,198,0.00198,395,0.00395
-18,11,2,100000,247,0.00247,491,0.00491
-18,11,3,100000,282,0.00282,605,0.00605
-18,11,4,100000,265,0.00265,554,0.00554
-18,11,5,100000,203,0.00203,389,0.00389
-18,12,0,100000,155,0.00155,340,0.0034
-18,12,1,100000,209,0.00209,408,0.00408
-18,12,2,100000,259,0.00259,522,0.00522
-18,12,3,100000,255,0.00255,560,0.0056
-18,12,4,100000,253,0.00253,497,0.00497
-18,12,5,100000,214,0.00214,383,0.00383
-18,13,0,100000,141,0.00141,310,0.0031
-18,13,1,100000,208,0.00208,403,0.00403
-18,13,2,100000,224,0.00224,495,0.00495
-18,13,3,100000,251,0.00251,553,0.00553
-18,13,4,100000,212,0.00212,518,0.00518
-18,13,5,100000,198,0.00198,404,0.00404
-18,14,0,100000,147,0.00147,299,0.00299
-18,14,1,100000,200,0.002,418,0.00418
-18,14,2,100000,284,0.00284,553,0.00553
-18,14,3,100000,276,0.00276,603,0.00603
-18,14,4,100000,274,0.00274,544,0.00544
-18,14,5,100000,179,0.00179,381,0.00381
-18,15,0,100000,157,0.00157,293,0.00293
-18,15,1,100000,199,0.00199,407,0.00407
-18,15,2,100000,200,0.002,483,0.00483
-18,15,3,100000,251,0.00251,549,0.00549
-18,15,4,100000,232,0.00232,518,0.00518
-18,15,5,100000,187,0.00187,431,0.00431
-18,16,0,100000,144,0.00144,308,0.00308
-18,16,1,100000,162,0.00162,371,0.00371
-18,16,2,100000,268,0.00268,524,0.00524
-18,16,3,100000,256,0.00256,574,0.00574
-18,16,4,100000,283,0.00283,521,0.00521
-18,16,5,100000,167,0.00167,367,0.00367
-18,17,0,100000,130,0.0013,292,0.00292
-18,17,1,100000,211,0.00211,390,0.0039
-18,17,2,100000,276,0.00276,537,0.00537
-18,17,3,100000,235,0.00235,600,0.006
-18,17,4,100000,245,0.00245,520,0.0052
-18,17,5,100000,192,0.00192,391,0.00391
-18,18,0,100000,177,0.00177,323,0.00323
-18,18,1,100000,171,0.00171,401,0.00401
-18,18,2,100000,223,0.00223,496,0.00496
-18,18,3,100000,290,0.0029,568,0.00568
-18,18,4,100000,236,0.00236,519,0.00519
-18,18,5,100000,223,0.00223,400,0.004
-18,19,0,100000,152,0.00152,303,0.00303
-18,19,1,100000,191,0.00191,385,0.00385
-18,19,2,100000,229,0.00229,503,0.00503
-18,19,3,100000,270,0.0027,567,0.00567
-18,19,4,100000,273,0.00273,513,0.00513
-18,19,5,100000,186,0.00186,391,0.00391
-18,20,0,100000,143,0.00143,312,0.00312
-18,20,1,100000,189,0.00189,373,0.00373
-18,20,2,100000,266,0.00266,510,0.0051
-18,20,3,100000,274,0.00274,572,0.00572
-18,20,4,100000,254,0.00254,502,0.00502
-18,20,5,100000,231,0.00231,408,0.00408
-18,21,0,100000,176,0.00176,318,0.00318
-18,21,1,100000,229,0.00229,433,0.00433
-18,21,2,100000,280,0.0028,546,0.00546
-18,21,3,100000,275,0.00275,616,0.00616
-18,21,4,100000,225,0.00225,460,0.0046
-18,21,5,100000,167,0.00167,369,0.00369
-18,22,0,100000,139,0.00139,277,0.00277
-18,22,1,100000,172,0.00172,369,0.00369
-18,22,2,100000,211,0.00211,462,0.00462
-18,22,3,100000,279,0.00279,580,0.0058
-18,22,4,100000,300,0.003,543,0.00543
-18,22,5,100000,189,0.00189,402,0.00402
-18,23,0,100000,160,0.0016,299,0.00299
-18,23,1,100000,210,0.0021,400,0.004
-18,23,2,100000,270,0.0027,533,0.00533
-18,23,3,100000,270,0.0027,554,0.00554
-18,23,4,100000,286,0.00286,539,0.00539
-18,23,5,100000,195,0.00195,381,0.00381
-18,24,0,100000,127,0.00127,299,0.00299
-18,24,1,100000,172,0.00172,348,0.00348
-18,24,2,100000,232,0.00232,513,0.00513
-18,24,3,100000,273,0.00273,547,0.00547
-18,24,4,100000,244,0.00244,489,0.00489
-18,24,5,100000,210,0.0021,382,0.00382
-18,25,0,100000,149,0.00149,330,0.0033
-18,25,1,100000,174,0.00174,361,0.00361
-18,25,2,100000,219,0.00219,477,0.00477
-18,25,3,100000,294,0.00294,534,0.00534
-18,25,4,100000,261,0.00261,562,0.00562
-18,25,5,100000,171,0.00171,389,0.00389
-18,26,0,100000,168,0.00168,315,0.00315
-18,26,1,100000,209,0.00209,395,0.00395
-18,26,2,100000,264,0.00264,526,0.00526
-18,26,3,100000,270,0.0027,564,0.00564
-18,26,4,100000,295,0.00295,559,0.00559
-18,26,5,100000,221,0.00221,418,0.00418
-18,27,0,100000,164,0.00164,278,0.00278
-18,27,1,100000,186,0.00186,381,0.00381
-18,27,2,100000,236,0.00236,511,0.00511
-18,27,3,100000,258,0.00258,607,0.00607
-18,27,4,100000,242,0.00242,484,0.00484
-18,27,5,100000,180,0.0018,378,0.00378
-18,28,0,100000,189,0.00189,356,0.00356
-18,28,1,100000,227,0.00227,394,0.00394
-18,28,2,100000,261,0.00261,531,0.00531
-18,28,3,100000,243,0.00243,517,0.00517
-18,28,4,100000,285,0.00285,558,0.00558
-18,28,5,100000,165,0.00165,400,0.004
-18,29,0,100000,137,0.00137,294,0.00294
-18,29,1,100000,201,0.00201,377,0.00377
-18,29,2,100000,228,0.00228,505,0.00505
-18,29,3,100000,290,0.0029,604,0.00604
-18,29,4,100000,286,0.00286,530,0.0053
-18,29,5,100000,207,0.00207,385,0.00385
-18,30,0,100000,168,0.00168,318,0.00318
-18,30,1,100000,219,0.00219,415,0.00415
-18,30,2,100000,254,0.00254,495,0.00495
-18,30,3,100000,236,0.00236,538,0.00538
-18,30,4,100000,238,0.00238,513,0.00513
-18,30,5,100000,201,0.00201,412,0.00412
-18,31,0,100000,160,0.0016,329,0.00329
-18,31,1,100000,172,0.00172,381,0.00381
-18,31,2,100000,235,0.00235,510,0.0051
-18,31,3,100000,278,0.00278,586,0.00586
-18,31,4,100000,235,0.00235,495,0.00495
-18,31,5,100000,210,0.0021,373,0.00373
-18,32,0,100000,176,0.00176,312,0.00312
-18,32,1,100000,206,0.00206,387,0.00387
-18,32,2,100000,269,0.00269,566,0.00566
-18,32,3,100000,236,0.00236,540,0.0054
-18,32,4,100000,253,0.00253,497,0.00497
-18,32,5,100000,206,0.00206,380,0.0038
-18,33,0,100000,155,0.00155,322,0.00322
-18,33,1,100000,184,0.00184,360,0.0036
-18,33,2,100000,263,0.00263,522,0.00522
-18,33,3,100000,267,0.00267,560,0.0056
-18,33,4,100000,235,0.00235,505,0.00505
-18,33,5,100000,176,0.00176,349,0.00349
-18,34,0,100000,140,0.0014,301,0.00301
-18,34,1,100000,177,0.00177,397,0.00397
-18,34,2,100000,227,0.00227,499,0.00499
-18,34,3,100000,266,0.00266,574,0.00574
-18,34,4,100000,256,0.00256,511,0.00511
-18,34,5,100000,185,0.00185,352,0.00352
-18,35,0,100000,115,0.00115,285,0.00285
-18,35,1,100000,174,0.00174,334,0.00334
-18,35,2,100000,237,0.00237,501,0.00501
-18,35,3,100000,249,0.00249,566,0.00566
-18,35,4,100000,223,0.00223,479,0.00479
-18,35,5,100000,168,0.00168,390,0.0039
-18,36,0,100000,149,0.00149,321,0.00321
-18,36,1,100000,196,0.00196,382,0.00382
-18,36,2,100000,285,0.00285,551,0.00551
-18,36,3,100000,280,0.0028,599,0.00599
-18,36,4,100000,258,0.00258,519,0.00519
-18,36,5,100000,178,0.00178,398,0.00398
-18,37,0,100000,165,0.00165,296,0.00296
-18,37,1,100000,197,0.00197,381,0.00381
-18,37,2,100000,253,0.00253,514,0.00514
-18,37,3,100000,275,0.00275,540,0.0054
-18,37,4,100000,247,0.00247,505,0.00505
-18,37,5,100000,169,0.00169,354,0.00354
-18,38,0,100000,113,0.00113,262,0.00262
-18,38,1,100000,179,0.00179,351,0.00351
-18,38,2,100000,173,0.00173,395,0.00395
-18,38,3,100000,254,0.00254,489,0.00489
-18,38,4,100000,197,0.00197,439,0.00439
-18,38,5,100000,164,0.00164,359,0.00359
-18,39,0,100000,101,0.00101,218,0.00218
-18,39,1,100000,154,0.00154,311,0.00311
-18,39,2,100000,167,0.00167,352,0.00352
-18,39,3,100000,181,0.00181,372,0.00372
-18,39,4,100000,192,0.00192,374,0.00374
-18,39,5,100000,158,0.00158,321,0.00321
-18,40,0,100000,121,0.00121,193,0.00193
-18,40,1,100000,117,0.00117,239,0.00239
-18,40,2,100000,126,0.00126,300,0.003
-18,40,3,100000,128,0.00128,297,0.00297
-18,40,4,100000,118,0.00118,255,0.00255
-18,40,5,100000,114,0.00114,214,0.00214
-18,41,0,100000,63,0.00063,157,0.00157
-18,41,1,100000,97,0.00097,218,0.00218
-18,41,2,100000,117,0.00117,216,0.00216
-18,41,3,100000,94,0.00094,219,0.00219
-18,41,4,100000,95,0.00095,211,0.00211
-18,41,5,100000,65,0.00065,150,0.0015
-18,42,0,100000,59,0.00059,120,0.0012
-18,42,1,100000,60,0.0006,145,0.00145
-18,42,2,100000,77,0.00077,149,0.00149
-18,42,3,100000,50,0.0005,143,0.00143
-18,42,4,100000,69,0.00069,137,0.00137
-18,42,5,100000,50,0.0005,116,0.00116
-18,43,0,100000,54,0.00054,101,0.00101
-18,43,1,100000,74,0.00074,124,0.00124
-18,43,2,100000,47,0.00047,101,0.00101
-18,43,3,100000,50,0.0005,101,0.00101
-18,43,4,100000,37,0.00037,77,0.00077
-18,43,5,100000,39,0.00039,86,0.00086
-18,44,0,100000,60,0.0006,97,0.00097
-18,44,1,100000,54,0.00054,109,0.00109
-18,44,2,100000,44,0.00044,79,0.00079
-18,44,3,100000,28,0.00028,85,0.00085
-18,44,4,100000,31,0.00031,76,0.00076
-18,44,5,100000,43,0.00043,76,0.00076
-18,45,0,100000,38,0.00038,91,0.00091
-18,45,1,100000,42,0.00042,80,0.0008
-18,45,2,100000,46,0.00046,85,0.00085
-18,45,3,100000,44,0.00044,93,0.00093
-18,45,4,100000,28,0.00028,87,0.00087
-18,45,5,100000,41,0.00041,80,0.0008
-18,46,0,100000,32,0.00032,75,0.00075
-18,46,1,100000,33,0.00033,91,0.00091
-18,46,2,100000,34,0.00034,72,0.00072
-18,46,3,100000,35,0.00035,78,0.00078
-18,46,4,100000,22,0.00022,79,0.00079
-18,46,5,100000,41,0.00041,74,0.00074
-18,47,0,100000,41,0.00041,64,0.00064
-18,47,1,100000,46,0.00046,77,0.00077
-18,47,2,100000,36,0.00036,74,0.00074
-18,47,3,100000,30,0.0003,66,0.00066
-18,47,4,100000,24,0.00024,75,0.00075
-18,47,5,100000,21,0.00021,73,0.00073
-18,48,0,100000,33,0.00033,78,0.00078
-18,48,1,100000,41,0.00041,79,0.00079
-18,48,2,100000,48,0.00048,80,0.0008
-18,48,3,100000,32,0.00032,79,0.00079
-18,48,4,100000,28,0.00028,82,0.00082
-18,48,5,100000,37,0.00037,68,0.00068
-18,49,0,100000,27,0.00027,59,0.00059
-18,49,1,100000,33,0.00033,83,0.00083
-18,49,2,100000,45,0.00045,82,0.00082
-18,49,3,100000,25,0.00025,60,0.0006
-18,49,4,100000,42,0.00042,85,0.00085
-18,49,5,100000,22,0.00022,68,0.00068
-18,50,0,100000,31,0.00031,57,0.00057
-18,50,1,100000,43,0.00043,72,0.00072
-18,50,2,100000,25,0.00025,73,0.00073
-18,50,3,100000,20,0.0002,74,0.00074
-18,50,4,100000,35,0.00035,87,0.00087
-18,50,5,100000,26,0.00026,80,0.0008
-17,-50,0,100000,19,0.00019,63,0.00063
-17,-50,1,100000,27,0.00027,69,0.00069
-17,-50,2,100000,41,0.00041,76,0.00076
-17,-50,3,100000,34,0.00034,80,0.0008
-17,-50,4,100000,39,0.00039,92,0.00092
-17,-50,5,100000,19,0.00019,78,0.00078
-17,-49,0,100000,35,0.00035,82,0.00082
-17,-49,1,100000,21,0.00021,80,0.0008
-17,-49,2,100000,51,0.00051,80,0.0008
-17,-49,3,100000,31,0.00031,76,0.00076
-17,-49,4,100000,39,0.00039,91,0.00091
-17,-49,5,100000,22,0.00022,96,0.00096
-17,-48,0,100000,29,0.00029,89,0.00089
-17,-48,1,100000,38,0.00038,79,0.00079
-17,-48,2,100000,25,0.00025,70,0.0007
-17,-48,3,100000,52,0.00052,79,0.00079
-17,-48,4,100000,38,0.00038,81,0.00081
-17,-48,5,100000,40,0.0004,79,0.00079
-17,-47,0,100000,32,0.00032,81,0.00081
-17,-47,1,100000,18,0.00018,75,0.00075
-17,-47,2,100000,29,0.00029,72,0.00072
-17,-47,3,100000,34,0.00034,105,0.00105
-17,-47,4,100000,27,0.00027,71,0.00071
-17,-47,5,100000,24,0.00024,74,0.00074
-17,-46,0,100000,43,0.00043,85,0.00085
-17,-46,1,100000,23,0.00023,73,0.00073
-17,-46,2,100000,44,0.00044,68,0.00068
-17,-46,3,100000,45,0.00045,84,0.00084
-17,-46,4,100000,31,0.00031,86,0.00086
-17,-46,5,100000,19,0.00019,77,0.00077
-17,-45,0,100000,38,0.00038,98,0.00098
-17,-45,1,100000,34,0.00034,75,0.00075
-17,-45,2,100000,42,0.00042,84,0.00084
-17,-45,3,100000,30,0.0003,81,0.00081
-17,-45,4,100000,49,0.00049,72,0.00072
-17,-45,5,100000,72,0.00072,95,0.00095
-17,-44,0,100000,37,0.00037,77,0.00077
-17,-44,1,100000,35,0.00035,102,0.00102
-17,-44,2,100000,40,0.0004,66,0.00066
-17,-44,3,100000,28,0.00028,64,0.00064
-17,-44,4,100000,60,0.0006,119,0.00119
-17,-44,5,100000,42,0.00042,85,0.00085
-17,-43,0,100000,58,0.00058,115,0.00115
-17,-43,1,100000,39,0.00039,84,0.00084
-17,-43,2,100000,23,0.00023,74,0.00074
-17,-43,3,100000,65,0.00065,131,0.00131
-17,-43,4,100000,44,0.00044,104,0.00104
-17,-43,5,100000,51,0.00051,115,0.00115
-17,-42,0,100000,59,0.00059,118,0.00118
-17,-42,1,100000,45,0.00045,112,0.00112
-17,-42,2,100000,94,0.00094,138,0.00138
-17,-42,3,100000,67,0.00067,155,0.00155
-17,-42,4,100000,93,0.00093,175,0.00175
-17,-42,5,100000,81,0.00081,151,0.00151
-17,-41,0,100000,68,0.00068,159,0.00159
-17,-41,1,100000,74,0.00074,156,0.00156
-17,-41,2,100000,131,0.00131,232,0.00232
-17,-41,3,100000,137,0.00137,247,0.00247
-17,-41,4,100000,109,0.00109,227,0.00227
-17,-41,5,100000,121,0.00121,235,0.00235
-17,-40,0,100000,115,0.00115,232,0.00232
-17,-40,1,100000,108,0.00108,254,0.00254
-17,-40,2,100000,154,0.00154,350,0.0035
-17,-40,3,100000,179,0.00179,352,0.00352
-17,-40,4,100000,170,0.0017,347,0.00347
-17,-40,5,100000,194,0.00194,329,0.00329
-17,-39,0,100000,161,0.00161,312,0.00312
-17,-39,1,100000,181,0.00181,342,0.00342
-17,-39,2,100000,232,0.00232,464,0.00464
-17,-39,3,100000,234,0.00234,480,0.0048
-17,-39,4,100000,190,0.0019,417,0.00417
-17,-39,5,100000,175,0.00175,352,0.00352
-17,-38,0,100000,165,0.00165,335,0.00335
-17,-38,1,100000,219,0.00219,432,0.00432
-17,-38,2,100000,256,0.00256,553,0.00553
-17,-38,3,100000,320,0.0032,617,0.00617
-17,-38,4,100000,230,0.0023,539,0.00539
-17,-38,5,100000,231,0.00231,434,0.00434
-17,-37,0,100000,156,0.00156,357,0.00357
-17,-37,1,100000,227,0.00227,444,0.00444
-17,-37,2,100000,301,0.00301,600,0.006
-17,-37,3,100000,325,0.00325,693,0.00693
-17,-37,4,100000,289,0.00289,577,0.00577
-17,-37,5,100000,213,0.00213,459,0.00459
-17,-36,0,100000,200,0.002,348,0.00348
-17,-36,1,100000,235,0.00235,484,0.00484
-17,-36,2,100000,292,0.00292,589,0.00589
-17,-36,3,100000,283,0.00283,639,0.00639
-17,-36,4,100000,281,0.00281,591,0.00591
-17,-36,5,100000,215,0.00215,471,0.00471
-17,-35,0,100000,127,0.00127,310,0.0031
-17,-35,1,100000,267,0.00267,491,0.00491
-17,-35,2,100000,320,0.0032,651,0.00651
-17,-35,3,100000,341,0.00341,712,0.00712
-17,-35,4,100000,317,0.00317,603,0.00603
-17,-35,5,100000,240,0.0024,461,0.00461
-17,-34,0,100000,178,0.00178,358,0.00358
-17,-34,1,100000,205,0.00205,455,0.00455
-17,-34,2,100000,319,0.00319,626,0.00626
-17,-34,3,100000,296,0.00296,645,0.00645
-17,-34,4,100000,276,0.00276,598,0.00598
-17,-34,5,100000,208,0.00208,460,0.0046
-17,-33,0,100000,192,0.00192,388,0.00388
-17,-33,1,100000,234,0.00234,470,0.0047
-17,-33,2,100000,272,0.00272,625,0.00625
-17,-33,3,100000,320,0.0032,694,0.00694
-17,-33,4,100000,320,0.0032,582,0.00582
-17,-33,5,100000,232,0.00232,443,0.00443
-17,-32,0,100000,204,0.00204,364,0.00364
-17,-32,1,100000,252,0.00252,510,0.0051
-17,-32,2,100000,304,0.00304,605,0.00605
-17,-32,3,100000,349,0.00349,707,0.00707
-17,-32,4,100000,297,0.00297,614,0.00614
-17,-32,5,100000,224,0.00224,460,0.0046
-17,-31,0,100000,184,0.00184,359,0.00359
-17,-31,1,100000,217,0.00217,503,0.00503
-17,-31,2,100000,286,0.00286,585,0.00585
-17,-31,3,100000,310,0.0031,643,0.00643
-17,-31,4,100000,290,0.0029,596,0.00596
-17,-31,5,100000,218,0.00218,431,0.00431
-17,-30,0,100000,173,0.00173,362,0.00362
-17,-30,1,100000,207,0.00207,447,0.00447
-17,-30,2,100000,312,0.00312,607,0.00607
-17,-30,3,100000,335,0.00335,675,0.00675
-17,-30,4,100000,281,0.00281,631,0.00631
-17,-30,5,100000,222,0.00222,443,0.00443
-17,-29,0,100000,167,0.00167,316,0.00316
-17,-29,1,100000,234,0.00234,448,0.00448
-17,-29,2,100000,309,0.00309,641,0.00641
-17,-29,3,100000,392,0.00392,737,0.00737
-17,-29,4,100000,279,0.00279,564,0.00564
-17,-29,5,100000,217,0.00217,448,0.00448
-17,-28,0,100000,172,0.00172,353,0.00353
-17,-28,1,100000,184,0.00184,408,0.00408
-17,-28,2,100000,284,0.00284,611,0.00611
-17,-28,3,100000,290,0.0029,704,0.00704
-17,-28,4,100000,298,0.00298,613,0.00613
-17,-28,5,100000,265,0.00265,481,0.00481
-17,-27,0,100000,177,0.00177,355,0.00355
-17,-27,1,100000,239,0.00239,466,0.00466
-17,-27,2,100000,266,0.00266,609,0.00609
-17,-27,3,100000,299,0.00299,638,0.00638
-17,-27,4,100000,300,0.003,589,0.00589
-17,-27,5,100000,224,0.00224,441,0.00441
-17,-26,0,100000,189,0.00189,395,0.00395
-17,-26,1,100000,240,0.0024,487,0.00487
-17,-26,2,100000,308,0.00308,573,0.00573
-17,-26,3,100000,335,0.00335,673,0.00673
-17,-26,4,100000,298,0.00298,621,0.00621
-17,-26,5,100000,221,0.00221,445,0.00445
-17,-25,0,100000,176,0.00176,355,0.00355
-17,-25,1,100000,230,0.0023,439,0.00439
-17,-25,2,100000,321,0.00321,607,0.00607
-17,-25,3,100000,300,0.003,621,0.00621
-17,-25,4,100000,278,0.00278,587,0.00587
-17,-25,5,100000,219,0.00219,454,0.00454
-17,-24,0,100000,220,0.0022,346,0.00346
-17,-24,1,100000,221,0.00221,453,0.00453
-17,-24,2,100000,301,0.00301,623,0.00623
-17,-24,3,100000,338,0.00338,655,0.00655
-17,-24,4,100000,279,0.00279,594,0.00594
-17,-24,5,100000,200,0.002,468,0.00468
-17,-23,0,100000,168,0.00168,326,0.00326
-17,-23,1,100000,192,0.00192,455,0.00455
-17,-23,2,100000,320,0.0032,643,0.00643
-17,-23,3,100000,293,0.00293,629,0.00629
-17,-23,4,100000,242,0.00242,573,0.00573
-17,-23,5,100000,198,0.00198,432,0.00432
-17,-22,0,100000,211,0.00211,349,0.00349
-17,-22,1,100000,218,0.00218,479,0.00479
-17,-22,2,100000,279,0.00279,605,0.00605
-17,-22,3,100000,338,0.00338,657,0.00657
-17,-22,4,100000,312,0.00312,620,0.0062
-17,-22,5,100000,233,0.00233,446,0.00446
-17,-21,0,100000,169,0.00169,341,0.00341
-17,-21,1,100000,236,0.00236,466,0.00466
-17,-21,2,100000,316,0.00316,658,0.00658
-17,-21,3,100000,294,0.00294,686,0.00686
-17,-21,4,100000,286,0.00286,600,0.006
-17,-21,5,100000,244,0.00244,473,0.00473
-17,-20,0,100000,159,0.00159,350,0.0035
-17,-20,1,100000,257,0.00257,465,0.00465
-17,-20,2,100000,289,0.00289,613,0.00613
-17,-20,3,100000,335,0.00335,704,0.00704
-17,-20,4,100000,302,0.00302,629,0.00629
-17,-20,5,100000,206,0.00206,445,0.00445
-17,-19,0,100000,170,0.0017,364,0.00364
-17,-19,1,100000,221,0.00221,450,0.0045
-17,-19,2,100000,286,0.00286,589,0.00589
-17,-19,3,100000,310,0.0031,638,0.00638
-17,-19,4,100000,263,0.00263,573,0.00573
-17,-19,5,100000,230,0.0023,447,0.00447
-17,-18,0,100000,152,0.00152,342,0.00342
-17,-18,1,100000,244,0.00244,450,0.0045
-17,-18,2,100000,326,0.00326,629,0.00629
-17,-18,3,100000,329,0.00329,654,0.00654
-17,-18,4,100000,281,0.00281,620,0.0062
-17,-18,5,100000,202,0.00202,466,0.00466
-17,-17,0,100000,189,0.00189,371,0.00371
-17,-17,1,100000,202,0.00202,418,0.00418
-17,-17,2,100000,290,0.0029,641,0.00641
-17,-17,3,100000,352,0.00352,716,0.00716
-17,-17,4,100000,297,0.00297,610,0.0061
-17,-17,5,100000,226,0.00226,457,0.00457
-17,-16,0,100000,204,0.00204,372,0.00372
-17,-16,1,100000,280,0.0028,485,0.00485
-17,-16,2,100000,302,0.00302,652,0.00652
-17,-16,3,100000,307,0.00307,650,0.0065
-17,-16,4,100000,260,0.0026,587,0.00587
-17,-16,5,100000,270,0.0027,491,0.00491
-17,-15,0,100000,165,0.00165,378,0.00378
-17,-15,1,100000,203,0.00203,438,0.00438
-17,-15,2,100000,312,0.00312,616,0.00616
-17,-15,3,100000,320,0.0032,677,0.00677
-17,-15,4,100000,299,0.00299,621,0.00621
-17,-15,5,100000,238,0.00238,468,0.00468
-17,-14,0,100000,186,0.00186,359,0.00359
-17,-14,1,100000,237,0.00237,472,0.00472
-17,-14,2,100000,296,0.00296,596,0.00596
-17,-14,3,100000,308,0.00308,687,0.00687
-17,-14,4,100000,318,0.00318,674,0.00674
-17,-14,5,100000,238,0.00238,444,0.00444
-17,-13,0,100000,170,0.0017,324,0.00324
-17,-13,1,100000,221,0.00221,455,0.00455
-17,-13,2,100000,292,0.00292,607,0.00607
-17,-13,3,100000,321,0.00321,624,0.00624
-17,-13,4,100000,300,0.003,618,0.00618
-17,-13,5,100000,215,0.00215,448,0.00448
-17,-12,0,100000,184,0.00184,383,0.00383
-17,-12,1,100000,230,0.0023,465,0.00465
-17,-12,2,100000,288,0.00288,611,0.00611
-17,-12,3,100000,298,0.00298,649,0.00649
-17,-12,4,100000,309,0.00309,617,0.00617
-17,-12,5,100000,207,0.00207,441,0.00441
-17,-11,0,100000,192,0.00192,333,0.00333
-17,-11,1,100000,217,0.00217,459,0.00459
-17,-11,2,100000,303,0.00303,621,0.00621
-17,-11,3,100000,299,0.00299,643,0.00643
-17,-11,4,100000,311,0.00311,627,0.00627
-17,-11,5,100000,230,0.0023,471,0.00471
-17,-10,0,100000,195,0.00195,369,0.00369
-17,-10,1,100000,235,0.00235,481,0.00481
-17,-10,2,100000,302,0.00302,613,0.00613
-17,-10,3,100000,309,0.00309,661,0.00661
-17,-10,4,100000,311,0.00311,610,0.0061
-17,-10,5,100000,218,0.00218,449,0.00449
-17,-9,0,100000,181,0.00181,381,0.00381
-17,-9,1,100000,220,0.0022,450,0.0045
-17,-9,2,100000,310,0.0031,635,0.00635
-17,-9,3,100000,300,0.003,678,0.00678
-17,-9,4,100000,262,0.00262,567,0.00567
-17,-9,5,100000,247,0.00247,468,0.00468
-17,-8,0,100000,194,0.00194,378,0.00378
-17,-8,1,100000,231,0.00231,422,0.00422
-17,-8,2,100000,304,0.00304,618,0.00618
-17,-8,3,100000,296,0.00296,665,0.00665
-17,-8,4,100000,306,0.00306,610,0.0061
-17,-8,5,100000,200,0.002,425,0.00425
-17,-7,0,100000,171,0.00171,369,0.00369
-17,-7,1,100000,197,0.00197,404,0.00404
-17,-7,2,100000,320,0.0032,638,0.00638
-17,-7,3,100000,315,0.00315,653,0.00653
-17,-7,4,100000,265,0.00265,606,0.00606
-17,-7,5,100000,215,0.00215,437,0.00437
-17,-6,0,100000,181,0.00181,378,0.00378
-17,-6,1,100000,227,0.00227,467,0.00467
-17,-6,2,100000,303,0.00303,628,0.00628
-17,-6,3,100000,315,0.00315,647,0.00647
-17,-6,4,100000,264,0.00264,570,0.0057
-17,-6,5,100000,239,0.00239,487,0.00487
-17,-5,0,100000,156,0.00156,339,0.00339
-17,-5,1,100000,235,0.00235,435,0.00435
-17,-5,2,100000,260,0.0026,570,0.0057
-17,-5,3,100000,331,0.00331,699,0.00699
-17,-5,4,100000,288,0.00288,605,0.00605
-17,-5,5,100000,247,0.00247,448,0.00448
-17,-4,0,100000,165,0.00165,351,0.00351
-17,-4,1,100000,227,0.00227,468,0.00468
-17,-4,2,100000,330,0.0033,676,0.00676
-17,-4,3,100000,302,0.00302,691,0.00691
-17,-4,4,100000,305,0.00305,593,0.00593
-17,-4,5,100000,207,0.00207,440,0.0044
-17,-3,0,100000,154,0.00154,338,0.00338
-17,-3,1,100000,219,0.00219,441,0.00441
-17,-3,2,100000,294,0.00294,582,0.00582
-17,-3,3,100000,286,0.00286,649,0.00649
-17,-3,4,100000,287,0.00287,608,0.00608
-17,-3,5,100000,223,0.00223,466,0.00466
-17,-2,0,100000,193,0.00193,352,0.00352
-17,-2,1,100000,209,0.00209,463,0.00463
-17,-2,2,100000,291,0.00291,607,0.00607
-17,-2,3,100000,273,0.00273,664,0.00664
-17,-2,4,100000,306,0.00306,603,0.00603
-17,-2,5,100000,199,0.00199,477,0.00477
-17,-1,0,100000,194,0.00194,365,0.00365
-17,-1,1,100000,221,0.00221,446,0.00446
-17,-1,2,100000,277,0.00277,610,0.0061
-17,-1,3,100000,319,0.00319,649,0.00649
-17,-1,4,100000,272,0.00272,604,0.00604
-17,-1,5,100000,203,0.00203,422,0.00422
-17,0,0,100000,189,0.00189,358,0.00358
-17,0,1,100000,220,0.0022,423,0.00423
-17,0,2,100000,287,0.00287,626,0.00626
-17,0,3,100000,329,0.00329,693,0.00693
-17,0,4,100000,289,0.00289,624,0.00624
-17,0,5,100000,259,0.00259,484,0.00484
-17,1,0,100000,186,0.00186,385,0.00385
-17,1,1,100000,257,0.00257,497,0.00497
-17,1,2,100000,272,0.00272,647,0.00647
-17,1,3,100000,347,0.00347,676,0.00676
-17,1,4,100000,288,0.00288,641,0.00641
-17,1,5,100000,220,0.0022,469,0.00469
-17,2,0,100000,206,0.00206,379,0.00379
-17,2,1,100000,202,0.00202,444,0.00444
-17,2,2,100000,222,0.00222,573,0.00573
-17,2,3,100000,314,0.00314,657,0.00657
-17,2,4,100000,295,0.00295,600,0.006
-17,2,5,100000,236,0.00236,466,0.00466
-17,3,0,100000,208,0.00208,368,0.00368
-17,3,1,100000,235,0.00235,452,0.00452
-17,3,2,100000,311,0.00311,621,0.00621
-17,3,3,100000,353,0.00353,694,0.00694
-17,3,4,100000,356,0.00356,661,0.00661
-17,3,5,100000,210,0.0021,433,0.00433
-17,4,0,100000,204,0.00204,365,0.00365
-17,4,1,100000,170,0.0017,428,0.00428
-17,4,2,100000,292,0.00292,637,0.00637
-17,4,3,100000,326,0.00326,692,0.00692
-17,4,4,100000,276,0.00276,603,0.00603
-17,4,5,100000,230,0.0023,474,0.00474
-17,5,0,100000,182,0.00182,354,0.00354
-17,5,1,100000,180,0.0018,430,0.0043
-17,5,2,100000,280,0.0028,586,0.00586
-17,5,3,100000,318,0.00318,684,0.00684
-17,5,4,100000,343,0.00343,651,0.00651
-17,5,5,100000,255,0.00255,507,0.00507
-17,6,0,100000,175,0.00175,371,0.00371
-17,6,1,100000,215,0.00215,448,0.00448
-17,6,2,100000,317,0.00317,663,0.00663
-17,6,3,100000,328,0.00328,688,0.00688
-17,6,4,100000,312,0.00312,599,0.00599
-17,6,5,100000,238,0.00238,482,0.00482
-17,7,0,100000,191,0.00191,353,0.00353
-17,7,1,100000,239,0.00239,462,0.00462
-17,7,2,100000,306,0.00306,657,0.00657
-17,7,3,100000,286,0.00286,620,0.0062
-17,7,4,100000,306,0.00306,618,0.00618
-17,7,5,100000,235,0.00235,485,0.00485
-17,8,0,100000,169,0.00169,341,0.00341
-17,8,1,100000,249,0.00249,445,0.00445
-17,8,2,100000,283,0.00283,575,0.00575
-17,8,3,100000,301,0.00301,657,0.00657
-17,8,4,100000,283,0.00283,604,0.00604
-17,8,5,100000,249,0.00249,485,0.00485
-17,9,0,100000,160,0.0016,344,0.00344
-17,9,1,100000,217,0.00217,449,0.00449
-17,9,2,100000,238,0.00238,573,0.00573
-17,9,3,100000,320,0.0032,675,0.00675
-17,9,4,100000,279,0.00279,599,0.00599
-17,9,5,100000,192,0.00192,444,0.00444
-17,10,0,100000,139,0.00139,310,0.0031
-17,10,1,100000,203,0.00203,472,0.00472
-17,10,2,100000,269,0.00269,598,0.00598
-17,10,3,100000,313,0.00313,645,0.00645
-17,10,4,100000,293,0.00293,598,0.00598
-17,10,5,100000,227,0.00227,455,0.00455
-17,11,0,100000,196,0.00196,345,0.00345
-17,11,1,100000,215,0.00215,427,0.00427
-17,11,2,100000,276,0.00276,606,0.00606
-17,11,3,100000,349,0.00349,665,0.00665
-17,11,4,100000,305,0.00305,622,0.00622
-17,11,5,100000,230,0.0023,495,0.00495
-17,12,0,100000,185,0.00185,340,0.0034
-17,12,1,100000,203,0.00203,453,0.00453
-17,12,2,100000,275,0.00275,592,0.00592
-17,12,3,100000,287,0.00287,644,0.00644
-17,12,4,100000,249,0.00249,593,0.00593
-17,12,5,100000,198,0.00198,434,0.00434
-17,13,0,100000,202,0.00202,392,0.00392
-17,13,1,100000,212,0.00212,440,0.0044
-17,13,2,100000,281,0.00281,575,0.00575
-17,13,3,100000,337,0.00337,701,0.00701
-17,13,4,100000,245,0.00245,515,0.00515
-17,13,5,100000,199,0.00199,440,0.0044
-17,14,0,100000,191,0.00191,377,0.00377
-17,14,1,100000,237,0.00237,484,0.00484
-17,14,2,100000,288,0.00288,596,0.00596
-17,14,3,100000,313,0.00313,629,0.00629
-17,14,4,100000,282,0.00282,592,0.00592
-17,14,5,100000,220,0.0022,451,0.00451
-17,15,0,100000,191,0.00191,384,0.00384
-17,15,1,100000,214,0.00214,444,0.00444
-17,15,2,100000,262,0.00262,588,0.00588
-17,15,3,100000,324,0.00324,621,0.00621
-17,15,4,100000,283,0.00283,617,0.00617
-17,15,5,100000,191,0.00191,442,0.00442
-17,16,0,100000,164,0.00164,367,0.00367
-17,16,1,100000,213,0.00213,416,0.00416
-17,16,2,100000,272,0.00272,591,0.00591
-17,16,3,100000,333,0.00333,654,0.00654
-17,16,4,100000,302,0.00302,567,0.00567
-17,16,5,100000,245,0.00245,454,0.00454
-17,17,0,100000,194,0.00194,367,0.00367
-17,17,1,100000,205,0.00205,432,0.00432
-17,17,2,100000,276,0.00276,580,0.0058
-17,17,3,100000,291,0.00291,646,0.00646
-17,17,4,100000,289,0.00289,592,0.00592
-17,17,5,100000,224,0.00224,456,0.00456
-17,18,0,100000,179,0.00179,351,0.00351
-17,18,1,100000,193,0.00193,425,0.00425
-17,18,2,100000,288,0.00288,579,0.00579
-17,18,3,100000,294,0.00294,636,0.00636
-17,18,4,100000,242,0.00242,545,0.00545
-17,18,5,100000,232,0.00232,442,0.00442
-17,19,0,100000,168,0.00168,349,0.00349
-17,19,1,100000,206,0.00206,428,0.00428
-17,19,2,100000,251,0.00251,577,0.00577
-17,19,3,100000,303,0.00303,668,0.00668
-17,19,4,100000,287,0.00287,588,0.00588
-17,19,5,100000,221,0.00221,464,0.00464
-17,20,0,100000,191,0.00191,375,0.00375
-17,20,1,100000,172,0.00172,406,0.00406
-17,20,2,100000,308,0.00308,606,0.00606
-17,20,3,100000,293,0.00293,651,0.00651
-17,20,4,100000,294,0.00294,630,0.0063
-17,20,5,100000,216,0.00216,453,0.00453
-17,21,0,100000,176,0.00176,377,0.00377
-17,21,1,100000,199,0.00199,406,0.00406
-17,21,2,100000,301,0.00301,616,0.00616
-17,21,3,100000,294,0.00294,646,0.00646
-17,21,4,100000,298,0.00298,635,0.00635
-17,21,5,100000,207,0.00207,444,0.00444
-17,22,0,100000,166,0.00166,347,0.00347
-17,22,1,100000,233,0.00233,494,0.00494
-17,22,2,100000,300,0.003,610,0.0061
-17,22,3,100000,323,0.00323,684,0.00684
-17,22,4,100000,277,0.00277,619,0.00619
-17,22,5,100000,242,0.00242,482,0.00482
-17,23,0,100000,174,0.00174,353,0.00353
-17,23,1,100000,199,0.00199,431,0.00431
-17,23,2,100000,263,0.00263,553,0.00553
-17,23,3,100000,272,0.00272,631,0.00631
-17,23,4,100000,305,0.00305,611,0.00611
-17,23,5,100000,198,0.00198,432,0.00432
-17,24,0,100000,184,0.00184,353,0.00353
-17,24,1,100000,228,0.00228,457,0.00457
-17,24,2,100000,269,0.00269,638,0.00638
-17,24,3,100000,303,0.00303,635,0.00635
-17,24,4,100000,305,0.00305,634,0.00634
-17,24,5,100000,224,0.00224,456,0.00456
-17,25,0,100000,153,0.00153,333,0.00333
-17,25,1,100000,243,0.00243,455,0.00455
-17,25,2,100000,317,0.00317,609,0.00609
-17,25,3,100000,309,0.00309,665,0.00665
-17,25,4,100000,284,0.00284,619,0.00619
-17,25,5,100000,216,0.00216,462,0.00462
-17,26,0,100000,189,0.00189,372,0.00372
-17,26,1,100000,233,0.00233,472,0.00472
-17,26,2,100000,259,0.00259,574,0.00574
-17,26,3,100000,282,0.00282,668,0.00668
-17,26,4,100000,307,0.00307,614,0.00614
-17,26,5,100000,218,0.00218,454,0.00454
-17,27,0,100000,179,0.00179,337,0.00337
-17,27,1,100000,233,0.00233,448,0.00448
-17,27,2,100000,303,0.00303,627,0.00627
-17,27,3,100000,381,0.00381,698,0.00698
-17,27,4,100000,277,0.00277,612,0.00612
-17,27,5,100000,240,0.0024,455,0.00455
-17,28,0,100000,182,0.00182,363,0.00363
-17,28,1,100000,244,0.00244,485,0.00485
-17,28,2,100000,299,0.00299,593,0.00593
-17,28,3,100000,286,0.00286,660,0.0066
-17,28,4,100000,290,0.0029,598,0.00598
-17,28,5,100000,220,0.0022,456,0.00456
-17,29,0,100000,181,0.00181,334,0.00334
-17,29,1,100000,222,0.00222,452,0.00452
-17,29,2,100000,300,0.003,626,0.00626
-17,29,3,100000,272,0.00272,617,0.00617
-17,29,4,100000,311,0.00311,595,0.00595
-17,29,5,100000,248,0.00248,447,0.00447
-17,30,0,100000,139,0.00139,327,0.00327
-17,30,1,100000,198,0.00198,426,0.00426
-17,30,2,100000,298,0.00298,627,0.00627
-17,30,3,100000,303,0.00303,662,0.00662
-17,30,4,100000,280,0.0028,616,0.00616
-17,30,5,100000,241,0.00241,462,0.00462
-17,31,0,100000,163,0.00163,358,0.00358
-17,31,1,100000,236,0.00236,450,0.0045
-17,31,2,100000,326,0.00326,610,0.0061
-17,31,3,100000,279,0.00279,634,0.00634
-17,31,4,100000,289,0.00289,633,0.00633
-17,31,5,100000,189,0.00189,394,0.00394
-17,32,0,100000,173,0.00173,350,0.0035
-17,32,1,100000,241,0.00241,461,0.00461
-17,32,2,100000,291,0.00291,618,0.00618
-17,32,3,100000,315,0.00315,666,0.00666
-17,32,4,100000,238,0.00238,582,0.00582
-17,32,5,100000,209,0.00209,442,0.00442
-17,33,0,100000,207,0.00207,364,0.00364
-17,33,1,100000,243,0.00243,498,0.00498
-17,33,2,100000,292,0.00292,614,0.00614
-17,33,3,100000,304,0.00304,613,0.00613
-17,33,4,100000,310,0.0031,634,0.00634
-17,33,5,100000,203,0.00203,430,0.0043
-17,34,0,100000,174,0.00174,382,0.00382
-17,34,1,100000,237,0.00237,482,0.00482
-17,34,2,100000,274,0.00274,630,0.0063
-17,34,3,100000,291,0.00291,653,0.00653
-17,34,4,100000,284,0.00284,602,0.00602
-17,34,5,100000,226,0.00226,446,0.00446
-17,35,0,100000,176,0.00176,358,0.00358
-17,35,1,100000,230,0.0023,443,0.00443
-17,35,2,100000,260,0.0026,567,0.00567
-17,35,3,100000,280,0.0028,656,0.00656
-17,35,4,100000,286,0.00286,607,0.00607
-17,35,5,100000,243,0.00243,458,0.00458
-17,36,0,100000,165,0.00165,358,0.00358
-17,36,1,100000,212,0.00212,452,0.00452
-17,36,2,100000,282,0.00282,581,0.00581
-17,36,3,100000,302,0.00302,626,0.00626
-17,36,4,100000,280,0.0028,603,0.00603
-17,36,5,100000,255,0.00255,477,0.00477
-17,37,0,100000,149,0.00149,345,0.00345
-17,37,1,100000,192,0.00192,455,0.00455
-17,37,2,100000,333,0.00333,639,0.00639
-17,37,3,100000,316,0.00316,636,0.00636
-17,37,4,100000,295,0.00295,576,0.00576
-17,37,5,100000,191,0.00191,383,0.00383
-17,38,0,100000,170,0.0017,318,0.00318
-17,38,1,100000,217,0.00217,422,0.00422
-17,38,2,100000,239,0.00239,529,0.00529
-17,38,3,100000,278,0.00278,572,0.00572
-17,38,4,100000,231,0.00231,500,0.005
-17,38,5,100000,203,0.00203,446,0.00446
-17,39,0,100000,123,0.00123,273,0.00273
-17,39,1,100000,180,0.0018,393,0.00393
-17,39,2,100000,211,0.00211,451,0.00451
-17,39,3,100000,220,0.0022,458,0.00458
-17,39,4,100000,246,0.00246,478,0.00478
-17,39,5,100000,202,0.00202,381,0.00381
-17,40,0,100000,98,0.00098,227,0.00227
-17,40,1,100000,135,0.00135,296,0.00296
-17,40,2,100000,168,0.00168,317,0.00317
-17,40,3,100000,180,0.0018,369,0.00369
-17,40,4,100000,174,0.00174,343,0.00343
-17,40,5,100000,139,0.00139,276,0.00276
-17,41,0,100000,72,0.00072,162,0.00162
-17,41,1,100000,114,0.00114,229,0.00229
-17,41,2,100000,111,0.00111,249,0.00249
-17,41,3,100000,90,0.0009,235,0.00235
-17,41,4,100000,138,0.00138,245,0.00245
-17,41,5,100000,84,0.00084,174,0.00174
-17,42,0,100000,53,0.00053,132,0.00132
-17,42,1,100000,60,0.0006,146,0.00146
-17,42,2,100000,76,0.00076,181,0.00181
-17,42,3,100000,96,0.00096,168,0.00168
-17,42,4,100000,62,0.00062,138,0.00138
-17,42,5,100000,49,0.00049,128,0.00128
-17,43,0,100000,35,0.00035,109,0.00109
-17,43,1,100000,50,0.0005,130,0.0013
-17,43,2,100000,47,0.00047,116,0.00116
-17,43,3,100000,48,0.00048,86,0.00086
-17,43,4,100000,37,0.00037,74,0.00074
-17,43,5,100000,36,0.00036,79,0.00079
-17,44,0,100000,43,0.00043,69,0.00069
-17,44,1,100000,38,0.00038,104,0.00104
-17,44,2,100000,46,0.00046,98,0.00098
-17,44,3,100000,32,0.00032,90,0.0009
-17,44,4,100000,27,0.00027,80,0.0008
-17,44,5,100000,37,0.00037,82,0.00082
-17,45,0,100000,39,0.00039,87,0.00087
-17,45,1,100000,55,0.00055,89,0.00089
-17,45,2,100000,47,0.00047,88,0.00088
-17,45,3,100000,32,0.00032,83,0.00083
-17,45,4,100000,31,0.00031,73,0.00073
-17,45,5,100000,44,0.00044,75,0.00075
-17,46,0,100000,26,0.00026,72,0.00072
-17,46,1,100000,28,0.00028,79,0.00079
-17,46,2,100000,39,0.00039,88,0.00088
-17,46,3,100000,36,0.00036,75,0.00075
-17,46,4,100000,20,0.0002,78,0.00078
-17,46,5,100000,45,0.00045,80,0.0008
-17,47,0,100000,43,0.00043,62,0.00062
-17,47,1,100000,40,0.0004,81,0.00081
-17,47,2,100000,18,0.00018,69,0.00069
-17,47,3,100000,46,0.00046,74,0.00074
-17,47,4,100000,58,0.00058,71,0.00071
-17,47,5,100000,18,0.00018,77,0.00077
-17,48,0,100000,31,0.00031,74,0.00074
-17,48,1,100000,37,0.00037,72,0.00072
-17,48,2,100000,32,0.00032,65,0.00065
-17,48,3,100000,35,0.00035,84,0.00084
-17,48,4,100000,41,0.00041,85,0.00085
-17,48,5,100000,26,0.00026,67,0.00067
-17,49,0,100000,37,0.00037,65,0.00065
-17,49,1,100000,27,0.00027,73,0.00073
-17,49,2,100000,28,0.00028,70,0.0007
-17,49,3,100000,40,0.0004,75,0.00075
-17,49,4,100000,37,0.00037,70,0.0007
-17,49,5,100000,15,0.00015,59,0.00059
-17,50,0,100000,36,0.00036,85,0.00085
-17,50,1,100000,25,0.00025,65,0.00065
-17,50,2,100000,48,0.00048,79,0.00079
-17,50,3,100000,29,0.00029,75,0.00075
-17,50,4,100000,30,0.0003,80,0.0008
-17,50,5,100000,28,0.00028,79,0.00079
-16,-50,0,100000,27,0.00027,75,0.00075
-16,-50,1,100000,40,0.0004,78,0.00078
-16,-50,2,100000,52,0.00052,69,0.00069
-16,-50,3,100000,21,0.00021,84,0.00084
-16,-50,4,100000,26,0.00026,84,0.00084
-16,-50,5,100000,37,0.00037,70,0.0007
-16,-49,0,100000,38,0.00038,75,0.00075
-16,-49,1,100000,17,0.00017,68,0.00068
-16,-49,2,100000,39,0.00039,60,0.0006
-16,-49,3,100000,35,0.00035,66,0.00066
-16,-49,4,100000,35,0.00035,78,0.00078
-16,-49,5,100000,28,0.00028,58,0.00058
-16,-48,0,100000,36,0.00036,81,0.00081
-16,-48,1,100000,16,0.00016,57,0.00057
-16,-48,2,100000,48,0.00048,68,0.00068
-16,-48,3,100000,24,0.00024,73,0.00073
-16,-48,4,100000,19,0.00019,71,0.00071
-16,-48,5,100000,26,0.00026,76,0.00076
-16,-47,0,100000,34,0.00034,75,0.00075
-16,-47,1,100000,35,0.00035,78,0.00078
-16,-47,2,100000,29,0.00029,68,0.00068
-16,-47,3,100000,34,0.00034,75,0.00075
-16,-47,4,100000,37,0.00037,71,0.00071
-16,-47,5,100000,29,0.00029,72,0.00072
-16,-46,0,100000,42,0.00042,83,0.00083
-16,-46,1,100000,24,0.00024,68,0.00068
-16,-46,2,100000,22,0.00022,65,0.00065
-16,-46,3,100000,20,0.0002,64,0.00064
-16,-46,4,100000,38,0.00038,96,0.00096
-16,-46,5,100000,32,0.00032,68,0.00068
-16,-45,0,100000,50,0.0005,75,0.00075
-16,-45,1,100000,32,0.00032,78,0.00078
-16,-45,2,100000,34,0.00034,85,0.00085
-16,-45,3,100000,53,0.00053,82,0.00082
-16,-45,4,100000,45,0.00045,98,0.00098
-16,-45,5,100000,34,0.00034,93,0.00093
-16,-44,0,100000,39,0.00039,78,0.00078
-16,-44,1,100000,43,0.00043,80,0.0008
-16,-44,2,100000,22,0.00022,65,0.00065
-16,-44,3,100000,22,0.00022,63,0.00063
-16,-44,4,100000,40,0.0004,90,0.0009
-16,-44,5,100000,30,0.0003,94,0.00094
-16,-43,0,100000,61,0.00061,120,0.0012
-16,-43,1,100000,45,0.00045,74,0.00074
-16,-43,2,100000,26,0.00026,78,0.00078
-16,-43,3,100000,54,0.00054,110,0.0011
-16,-43,4,100000,62,0.00062,115,0.00115
-16,-43,5,100000,62,0.00062,111,0.00111
-16,-42,0,100000,68,0.00068,130,0.0013
-16,-42,1,100000,44,0.00044,86,0.00086
-16,-42,2,100000,69,0.00069,139,0.00139
-16,-42,3,100000,84,0.00084,156,0.00156
-16,-42,4,100000,87,0.00087,180,0.0018
-16,-42,5,100000,90,0.0009,174,0.00174
-16,-41,0,100000,92,0.00092,169,0.00169
-16,-41,1,100000,76,0.00076,191,0.00191
-16,-41,2,100000,120,0.0012,249,0.00249
-16,-41,3,100000,142,0.00142,246,0.00246
-16,-41,4,100000,119,0.00119,241,0.00241
-16,-41,5,100000,117,0.00117,241,0.00241
-16,-40,0,100000,110,0.0011,226,0.00226
-16,-40,1,100000,145,0.00145,257,0.00257
-16,-40,2,100000,173,0.00173,358,0.00358
-16,-40,3,100000,202,0.00202,407,0.00407
-16,-40,4,100000,179,0.00179,367,0.00367
-16,-40,5,100000,152,0.00152,322,0.00322
-16,-39,0,100000,164,0.00164,322,0.00322
-16,-39,1,100000,188,0.00188,418,0.00418
-16,-39,2,100000,294,0.00294,557,0.00557
-16,-39,3,100000,281,0.00281,616,0.00616
-16,-39,4,100000,242,0.00242,513,0.00513
-16,-39,5,100000,211,0.00211,418,0.00418
-16,-38,0,100000,182,0.00182,382,0.00382
-16,-38,1,100000,257,0.00257,511,0.00511
-16,-38,2,100000,346,0.00346,711,0.00711
-16,-38,3,100000,352,0.00352,695,0.00695
-16,-38,4,100000,312,0.00312,662,0.00662
-16,-38,5,100000,281,0.00281,524,0.00524
-16,-37,0,100000,200,0.002,439,0.00439
-16,-37,1,100000,304,0.00304,574,0.00574
-16,-37,2,100000,359,0.00359,730,0.0073
-16,-37,3,100000,385,0.00385,756,0.00756
-16,-37,4,100000,362,0.00362,711,0.00711
-16,-37,5,100000,209,0.00209,484,0.00484
-16,-36,0,100000,207,0.00207,427,0.00427
-16,-36,1,100000,249,0.00249,540,0.0054
-16,-36,2,100000,314,0.00314,641,0.00641
-16,-36,3,100000,389,0.00389,797,0.00797
-16,-36,4,100000,354,0.00354,696,0.00696
-16,-36,5,100000,237,0.00237,518,0.00518
-16,-35,0,100000,219,0.00219,434,0.00434
-16,-35,1,100000,283,0.00283,533,0.00533
-16,-35,2,100000,371,0.00371,702,0.00702
-16,-35,3,100000,366,0.00366,783,0.00783
-16,-35,4,100000,354,0.00354,700,0.007
-16,-35,5,100000,240,0.0024,502,0.00502
-16,-34,0,100000,225,0.00225,432,0.00432
-16,-34,1,100000,234,0.00234,540,0.0054
-16,-34,2,100000,343,0.00343,722,0.00722
-16,-34,3,100000,427,0.00427,860,0.0086
-16,-34,4,100000,328,0.00328,716,0.00716
-16,-34,5,100000,290,0.0029,533,0.00533
-16,-33,0,100000,206,0.00206,451,0.00451
-16,-33,1,100000,228,0.00228,491,0.00491
-16,-33,2,100000,383,0.00383,726,0.00726
-16,-33,3,100000,411,0.00411,808,0.00808
-16,-33,4,100000,384,0.00384,720,0.0072
-16,-33,5,100000,278,0.00278,529,0.00529
-16,-32,0,100000,207,0.00207,369,0.00369
-16,-32,1,100000,250,0.0025,540,0.0054
-16,-32,2,100000,344,0.00344,710,0.0071
-16,-32,3,100000,374,0.00374,774,0.00774
-16,-32,4,100000,350,0.0035,749,0.00749
-16,-32,5,100000,262,0.00262,525,0.00525
-16,-31,0,100000,216,0.00216,461,0.00461
-16,-31,1,100000,244,0.00244,521,0.00521
-16,-31,2,100000,355,0.00355,747,0.00747
-16,-31,3,100000,362,0.00362,782,0.00782
-16,-31,4,100000,343,0.00343,677,0.00677
-16,-31,5,100000,269,0.00269,530,0.0053
-16,-30,0,100000,208,0.00208,439,0.00439
-16,-30,1,100000,259,0.00259,522,0.00522
-16,-30,2,100000,359,0.00359,700,0.007
-16,-30,3,100000,395,0.00395,808,0.00808
-16,-30,4,100000,367,0.00367,743,0.00743
-16,-30,5,100000,259,0.00259,523,0.00523
-16,-29,0,100000,223,0.00223,442,0.00442
-16,-29,1,100000,287,0.00287,555,0.00555
-16,-29,2,100000,362,0.00362,746,0.00746
-16,-29,3,100000,426,0.00426,820,0.0082
-16,-29,4,100000,361,0.00361,713,0.00713
-16,-29,5,100000,258,0.00258,540,0.0054
-16,-28,0,100000,231,0.00231,445,0.00445
-16,-28,1,100000,263,0.00263,540,0.0054
-16,-28,2,100000,341,0.00341,719,0.00719
-16,-28,3,100000,360,0.0036,792,0.00792
-16,-28,4,100000,374,0.00374,727,0.00727
-16,-28,5,100000,281,0.00281,555,0.00555
-16,-27,0,100000,221,0.00221,422,0.00422
-16,-27,1,100000,266,0.00266,537,0.00537
-16,-27,2,100000,328,0.00328,672,0.00672
-16,-27,3,100000,382,0.00382,794,0.00794
-16,-27,4,100000,366,0.00366,721,0.00721
-16,-27,5,100000,271,0.00271,511,0.00511
-16,-26,0,100000,189,0.00189,419,0.00419
-16,-26,1,100000,278,0.00278,531,0.00531
-16,-26,2,100000,364,0.00364,695,0.00695
-16,-26,3,100000,369,0.00369,759,0.00759
-16,-26,4,100000,325,0.00325,676,0.00676
-16,-26,5,100000,260,0.0026,584,0.00584
-16,-25,0,100000,180,0.0018,417,0.00417
-16,-25,1,100000,254,0.00254,547,0.00547
-16,-25,2,100000,308,0.00308,706,0.00706
-16,-25,3,100000,346,0.00346,745,0.00745
-16,-25,4,100000,351,0.00351,693,0.00693
-16,-25,5,100000,255,0.00255,500,0.005
-16,-24,0,100000,205,0.00205,405,0.00405
-16,-24,1,100000,247,0.00247,556,0.00556
-16,-24,2,100000,351,0.00351,712,0.00712
-16,-24,3,100000,331,0.00331,724,0.00724
-16,-24,4,100000,324,0.00324,695,0.00695
-16,-24,5,100000,240,0.0024,514,0.00514
-16,-23,0,100000,197,0.00197,391,0.00391
-16,-23,1,100000,268,0.00268,545,0.00545
-16,-23,2,100000,324,0.00324,747,0.00747
-16,-23,3,100000,354,0.00354,760,0.0076
-16,-23,4,100000,333,0.00333,669,0.00669
-16,-23,5,100000,216,0.00216,506,0.00506
-16,-22,0,100000,240,0.0024,449,0.00449
-16,-22,1,100000,248,0.00248,499,0.00499
-16,-22,2,100000,347,0.00347,695,0.00695
-16,-22,3,100000,342,0.00342,751,0.00751
-16,-22,4,100000,348,0.00348,694,0.00694
-16,-22,5,100000,246,0.00246,533,0.00533
-16,-21,0,100000,201,0.00201,417,0.00417
-16,-21,1,100000,286,0.00286,559,0.00559
-16,-21,2,100000,343,0.00343,727,0.00727
-16,-21,3,100000,358,0.00358,791,0.00791
-16,-21,4,100000,361,0.00361,783,0.00783
-16,-21,5,100000,225,0.00225,509,0.00509
-16,-20,0,100000,222,0.00222,408,0.00408
-16,-20,1,100000,278,0.00278,560,0.0056
-16,-20,2,100000,359,0.00359,726,0.00726
-16,-20,3,100000,360,0.0036,796,0.00796
-16,-20,4,100000,360,0.0036,702,0.00702
-16,-20,5,100000,229,0.00229,506,0.00506
-16,-19,0,100000,173,0.00173,397,0.00397
-16,-19,1,100000,248,0.00248,504,0.00504
-16,-19,2,100000,309,0.00309,666,0.00666
-16,-19,3,100000,353,0.00353,783,0.00783
-16,-19,4,100000,345,0.00345,748,0.00748
-16,-19,5,100000,258,0.00258,549,0.00549
-16,-18,0,100000,205,0.00205,395,0.00395
-16,-18,1,100000,298,0.00298,550,0.0055
-16,-18,2,100000,297,0.00297,720,0.0072
-16,-18,3,100000,362,0.00362,811,0.00811
-16,-18,4,100000,319,0.00319,731,0.00731
-16,-18,5,100000,265,0.00265,520,0.0052
-16,-17,0,100000,168,0.00168,376,0.00376
-16,-17,1,100000,269,0.00269,540,0.0054
-16,-17,2,100000,293,0.00293,687,0.00687
-16,-17,3,100000,346,0.00346,729,0.00729
-16,-17,4,100000,309,0.00309,678,0.00678
-16,-17,5,100000,249,0.00249,514,0.00514
-16,-16,0,100000,205,0.00205,415,0.00415
-16,-16,1,100000,255,0.00255,545,0.00545
-16,-16,2,100000,379,0.00379,748,0.00748
-16,-16,3,100000,368,0.00368,809,0.00809
-16,-16,4,100000,386,0.00386,730,0.0073
-16,-16,5,100000,261,0.00261,555,0.00555
-16,-15,0,100000,224,0.00224,439,0.00439
-16,-15,1,100000,237,0.00237,532,0.00532
-16,-15,2,100000,344,0.00344,682,0.00682
-16,-15,3,100000,362,0.00362,744,0.00744
-16,-15,4,100000,372,0.00372,728,0.00728
-16,-15,5,100000,276,0.00276,568,0.00568
-16,-14,0,100000,188,0.00188,384,0.00384
-16,-14,1,100000,282,0.00282,579,0.00579
-16,-14,2,100000,345,0.00345,700,0.007
-16,-14,3,100000,365,0.00365,785,0.00785
-16,-14,4,100000,297,0.00297,687,0.00687
-16,-14,5,100000,225,0.00225,513,0.00513
-16,-13,0,100000,188,0.00188,407,0.00407
-16,-13,1,100000,266,0.00266,520,0.0052
-16,-13,2,100000,344,0.00344,726,0.00726
-16,-13,3,100000,366,0.00366,786,0.00786
-16,-13,4,100000,348,0.00348,692,0.00692
-16,-13,5,100000,303,0.00303,569,0.00569
-16,-12,0,100000,201,0.00201,434,0.00434
-16,-12,1,100000,289,0.00289,572,0.00572
-16,-12,2,100000,350,0.0035,720,0.0072
-16,-12,3,100000,398,0.00398,766,0.00766
-16,-12,4,100000,366,0.00366,698,0.00698
-16,-12,5,100000,251,0.00251,531,0.00531
-16,-11,0,100000,180,0.0018,389,0.00389
-16,-11,1,100000,278,0.00278,518,0.00518
-16,-11,2,100000,362,0.00362,717,0.00717
-16,-11,3,100000,379,0.00379,755,0.00755
-16,-11,4,100000,352,0.00352,696,0.00696
-16,-11,5,100000,286,0.00286,561,0.00561
-16,-10,0,100000,229,0.00229,443,0.00443
-16,-10,1,100000,232,0.00232,529,0.00529
-16,-10,2,100000,313,0.00313,712,0.00712
-16,-10,3,100000,343,0.00343,744,0.00744
-16,-10,4,100000,330,0.0033,680,0.0068
-16,-10,5,100000,226,0.00226,530,0.0053
-16,-9,0,100000,174,0.00174,417,0.00417
-16,-9,1,100000,239,0.00239,494,0.00494
-16,-9,2,100000,370,0.0037,712,0.00712
-16,-9,3,100000,362,0.00362,758,0.00758
-16,-9,4,100000,330,0.0033,711,0.00711
-16,-9,5,100000,261,0.00261,521,0.00521
-16,-8,0,100000,169,0.00169,412,0.00412
-16,-8,1,100000,261,0.00261,537,0.00537
-16,-8,2,100000,305,0.00305,700,0.007
-16,-8,3,100000,346,0.00346,778,0.00778
-16,-8,4,100000,372,0.00372,766,0.00766
-16,-8,5,100000,239,0.00239,486,0.00486
-16,-7,0,100000,196,0.00196,413,0.00413
-16,-7,1,100000,275,0.00275,556,0.00556
-16,-7,2,100000,339,0.00339,699,0.00699
-16,-7,3,100000,379,0.00379,757,0.00757
-16,-7,4,100000,293,0.00293,702,0.00702
-16,-7,5,100000,241,0.00241,517,0.00517
-16,-6,0,100000,204,0.00204,403,0.00403
-16,-6,1,100000,260,0.0026,530,0.0053
-16,-6,2,100000,311,0.00311,663,0.00663
-16,-6,3,100000,380,0.0038,806,0.00806
-16,-6,4,100000,383,0.00383,716,0.00716
-16,-6,5,100000,239,0.00239,540,0.0054
-16,-5,0,100000,216,0.00216,423,0.00423
-16,-5,1,100000,212,0.00212,518,0.00518
-16,-5,2,100000,324,0.00324,712,0.00712
-16,-5,3,100000,318,0.00318,761,0.00761
-16,-5,4,100000,355,0.00355,720,0.0072
-16,-5,5,100000,314,0.00314,549,0.00549
-16,-4,0,100000,198,0.00198,408,0.00408
-16,-4,1,100000,301,0.00301,594,0.00594
-16,-4,2,100000,352,0.00352,712,0.00712
-16,-4,3,100000,367,0.00367,824,0.00824
-16,-4,4,100000,314,0.00314,691,0.00691
-16,-4,5,100000,262,0.00262,546,0.00546
-16,-3,0,100000,181,0.00181,394,0.00394
-16,-3,1,100000,254,0.00254,527,0.00527
-16,-3,2,100000,332,0.00332,704,0.00704
-16,-3,3,100000,359,0.00359,781,0.00781
-16,-3,4,100000,340,0.0034,728,0.00728
-16,-3,5,100000,250,0.0025,530,0.0053
-16,-2,0,100000,224,0.00224,440,0.0044
-16,-2,1,100000,245,0.00245,513,0.00513
-16,-2,2,100000,326,0.00326,708,0.00708
-16,-2,3,100000,347,0.00347,776,0.00776
-16,-2,4,100000,355,0.00355,715,0.00715
-16,-2,5,100000,289,0.00289,580,0.0058
-16,-1,0,100000,195,0.00195,436,0.00436
-16,-1,1,100000,300,0.003,559,0.00559
-16,-1,2,100000,319,0.00319,681,0.00681
-16,-1,3,100000,334,0.00334,704,0.00704
-16,-1,4,100000,320,0.0032,703,0.00703
-16,-1,5,100000,265,0.00265,538,0.00538
-16,0,0,100000,191,0.00191,398,0.00398
-16,0,1,100000,287,0.00287,547,0.00547
-16,0,2,100000,347,0.00347,692,0.00692
-16,0,3,100000,354,0.00354,769,0.00769
-16,0,4,100000,293,0.00293,631,0.00631
-16,0,5,100000,269,0.00269,566,0.00566
-16,1,0,100000,179,0.00179,403,0.00403
-16,1,1,100000,268,0.00268,535,0.00535
-16,1,2,100000,365,0.00365,733,0.00733
-16,1,3,100000,428,0.00428,818,0.00818
-16,1,4,100000,357,0.00357,708,0.00708
-16,1,5,100000,251,0.00251,532,0.00532
-16,2,0,100000,235,0.00235,418,0.00418
-16,2,1,100000,266,0.00266,523,0.00523
-16,2,2,100000,328,0.00328,679,0.00679
-16,2,3,100000,381,0.00381,783,0.00783
-16,2,4,100000,340,0.0034,711,0.00711
-16,2,5,100000,240,0.0024,459,0.00459
-16,3,0,100000,202,0.00202,438,0.00438
-16,3,1,100000,254,0.00254,520,0.0052
-16,3,2,100000,339,0.00339,721,0.00721
-16,3,3,100000,411,0.00411,765,0.00765
-16,3,4,100000,321,0.00321,716,0.00716
-16,3,5,100000,281,0.00281,559,0.00559
-16,4,0,100000,201,0.00201,418,0.00418
-16,4,1,100000,271,0.00271,529,0.00529
-16,4,2,100000,383,0.00383,741,0.00741
-16,4,3,100000,398,0.00398,792,0.00792
-16,4,4,100000,310,0.0031,680,0.0068
-16,4,5,100000,292,0.00292,589,0.00589
-16,5,0,100000,169,0.00169,377,0.00377
-16,5,1,100000,281,0.00281,539,0.00539
-16,5,2,100000,343,0.00343,756,0.00756
-16,5,3,100000,413,0.00413,776,0.00776
-16,5,4,100000,317,0.00317,690,0.0069
-16,5,5,100000,250,0.0025,565,0.00565
-16,6,0,100000,165,0.00165,386,0.00386
-16,6,1,100000,263,0.00263,541,0.00541
-16,6,2,100000,341,0.00341,691,0.00691
-16,6,3,100000,322,0.00322,721,0.00721
-16,6,4,100000,338,0.00338,746,0.00746
-16,6,5,100000,263,0.00263,555,0.00555
-16,7,0,100000,203,0.00203,396,0.00396
-16,7,1,100000,254,0.00254,529,0.00529
-16,7,2,100000,336,0.00336,726,0.00726
-16,7,3,100000,340,0.0034,783,0.00783
-16,7,4,100000,341,0.00341,712,0.00712
-16,7,5,100000,258,0.00258,557,0.00557
-16,8,0,100000,217,0.00217,399,0.00399
-16,8,1,100000,243,0.00243,481,0.00481
-16,8,2,100000,376,0.00376,703,0.00703
-16,8,3,100000,377,0.00377,805,0.00805
-16,8,4,100000,352,0.00352,656,0.00656
-16,8,5,100000,272,0.00272,574,0.00574
-16,9,0,100000,226,0.00226,477,0.00477
-16,9,1,100000,251,0.00251,550,0.0055
-16,9,2,100000,369,0.00369,677,0.00677
-16,9,3,100000,347,0.00347,772,0.00772
-16,9,4,100000,370,0.0037,710,0.0071
-16,9,5,100000,271,0.00271,536,0.00536
-16,10,0,100000,221,0.00221,439,0.00439
-16,10,1,100000,265,0.00265,535,0.00535
-16,10,2,100000,341,0.00341,721,0.00721
-16,10,3,100000,349,0.00349,748,0.00748
-16,10,4,100000,329,0.00329,748,0.00748
-16,10,5,100000,267,0.00267,565,0.00565
-16,11,0,100000,183,0.00183,388,0.00388
-16,11,1,100000,253,0.00253,529,0.00529
-16,11,2,100000,365,0.00365,739,0.00739
-16,11,3,100000,349,0.00349,755,0.00755
-16,11,4,100000,310,0.0031,683,0.00683
-16,11,5,100000,250,0.0025,541,0.00541
-16,12,0,100000,225,0.00225,454,0.00454
-16,12,1,100000,264,0.00264,525,0.00525
-16,12,2,100000,341,0.00341,698,0.00698
-16,12,3,100000,335,0.00335,737,0.00737
-16,12,4,100000,322,0.00322,738,0.00738
-16,12,5,100000,296,0.00296,570,0.0057
-16,13,0,100000,232,0.00232,438,0.00438
-16,13,1,100000,263,0.00263,547,0.00547
-16,13,2,100000,356,0.00356,747,0.00747
-16,13,3,100000,374,0.00374,780,0.0078
-16,13,4,100000,375,0.00375,729,0.00729
-16,13,5,100000,268,0.00268,535,0.00535
-16,14,0,100000,223,0.00223,431,0.00431
-16,14,1,100000,291,0.00291,562,0.00562
-16,14,2,100000,366,0.00366,711,0.00711
-16,14,3,100000,357,0.00357,771,0.00771
-16,14,4,100000,323,0.00323,681,0.00681
-16,14,5,100000,233,0.00233,515,0.00515
-16,15,0,100000,178,0.00178,402,0.00402
-16,15,1,100000,250,0.0025,538,0.00538
-16,15,2,100000,353,0.00353,688,0.00688
-16,15,3,100000,342,0.00342,760,0.0076
-16,15,4,100000,362,0.00362,732,0.00732
-16,15,5,100000,237,0.00237,518,0.00518
-16,16,0,100000,182,0.00182,397,0.00397
-16,16,1,100000,278,0.00278,552,0.00552
-16,16,2,100000,384,0.00384,735,0.00735
-16,16,3,100000,404,0.00404,795,0.00795
-16,16,4,100000,304,0.00304,686,0.00686
-16,16,5,100000,290,0.0029,553,0.00553
-16,17,0,100000,210,0.0021,426,0.00426
-16,17,1,100000,266,0.00266,512,0.00512
-16,17,2,100000,341,0.00341,708,0.00708
-16,17,3,100000,394,0.00394,786,0.00786
-16,17,4,100000,366,0.00366,708,0.00708
-16,17,5,100000,294,0.00294,545,0.00545
-16,18,0,100000,216,0.00216,429,0.00429
-16,18,1,100000,240,0.0024,514,0.00514
-16,18,2,100000,358,0.00358,730,0.0073
-16,18,3,100000,369,0.00369,716,0.00716
-16,18,4,100000,393,0.00393,779,0.00779
-16,18,5,100000,274,0.00274,532,0.00532
-16,19,0,100000,212,0.00212,416,0.00416
-16,19,1,100000,252,0.00252,492,0.00492
-16,19,2,100000,357,0.00357,697,0.00697
-16,19,3,100000,400,0.004,788,0.00788
-16,19,4,100000,321,0.00321,692,0.00692
-16,19,5,100000,251,0.00251,537,0.00537
-16,20,0,100000,187,0.00187,415,0.00415
-16,20,1,100000,242,0.00242,543,0.00543
-16,20,2,100000,307,0.00307,686,0.00686
-16,20,3,100000,367,0.00367,808,0.00808
-16,20,4,100000,331,0.00331,711,0.00711
-16,20,5,100000,273,0.00273,548,0.00548
-16,21,0,100000,243,0.00243,436,0.00436
-16,21,1,100000,273,0.00273,523,0.00523
-16,21,2,100000,357,0.00357,720,0.0072
-16,21,3,100000,376,0.00376,729,0.00729
-16,21,4,100000,347,0.00347,739,0.00739
-16,21,5,100000,277,0.00277,564,0.00564
-16,22,0,100000,201,0.00201,390,0.0039
-16,22,1,100000,261,0.00261,521,0.00521
-16,22,2,100000,342,0.00342,656,0.00656
-16,22,3,100000,346,0.00346,765,0.00765
-16,22,4,100000,313,0.00313,675,0.00675
-16,22,5,100000,277,0.00277,546,0.00546
-16,23,0,100000,198,0.00198,414,0.00414
-16,23,1,100000,270,0.0027,543,0.00543
-16,23,2,100000,338,0.00338,668,0.00668
-16,23,3,100000,407,0.00407,797,0.00797
-16,23,4,100000,338,0.00338,750,0.0075
-16,23,5,100000,281,0.00281,530,0.0053
-16,24,0,100000,224,0.00224,429,0.00429
-16,24,1,100000,215,0.00215,516,0.00516
-16,24,2,100000,301,0.00301,681,0.00681
-16,24,3,100000,391,0.00391,808,0.00808
-16,24,4,100000,326,0.00326,656,0.00656
-16,24,5,100000,269,0.00269,538,0.00538
-16,25,0,100000,223,0.00223,407,0.00407
-16,25,1,100000,272,0.00272,548,0.00548
-16,25,2,100000,298,0.00298,672,0.00672
-16,25,3,100000,392,0.00392,795,0.00795
-16,25,4,100000,362,0.00362,702,0.00702
-16,25,5,100000,259,0.00259,531,0.00531
-16,26,0,100000,190,0.0019,404,0.00404
-16,26,1,100000,277,0.00277,499,0.00499
-16,26,2,100000,345,0.00345,709,0.00709
-16,26,3,100000,397,0.00397,823,0.00823
-16,26,4,100000,374,0.00374,694,0.00694
-16,26,5,100000,253,0.00253,487,0.00487
-16,27,0,100000,201,0.00201,407,0.00407
-16,27,1,100000,274,0.00274,538,0.00538
-16,27,2,100000,352,0.00352,748,0.00748
-16,27,3,100000,380,0.0038,830,0.0083
-16,27,4,100000,340,0.0034,742,0.00742
-16,27,5,100000,248,0.00248,531,0.00531
-16,28,0,100000,193,0.00193,447,0.00447
-16,28,1,100000,268,0.00268,567,0.00567
-16,28,2,100000,365,0.00365,711,0.00711
-16,28,3,100000,387,0.00387,799,0.00799
-16,28,4,100000,362,0.00362,719,0.00719
-16,28,5,100000,296,0.00296,563,0.00563
-16,29,0,100000,201,0.00201,447,0.00447
-16,29,1,100000,256,0.00256,512,0.00512
-16,29,2,100000,352,0.00352,734,0.00734
-16,29,3,100000,350,0.0035,787,0.00787
-16,29,4,100000,299,0.00299,689,0.00689
-16,29,5,100000,238,0.00238,505,0.00505
-16,30,0,100000,210,0.0021,403,0.00403
-16,30,1,100000,294,0.00294,579,0.00579
-16,30,2,100000,373,0.00373,716,0.00716
-16,30,3,100000,388,0.00388,774,0.00774
-16,30,4,100000,311,0.00311,696,0.00696
-16,30,5,100000,209,0.00209,514,0.00514
-16,31,0,100000,223,0.00223,429,0.00429
-16,31,1,100000,243,0.00243,515,0.00515
-16,31,2,100000,315,0.00315,709,0.00709
-16,31,3,100000,341,0.00341,753,0.00753
-16,31,4,100000,353,0.00353,712,0.00712
-16,31,5,100000,289,0.00289,554,0.00554
-16,32,0,100000,209,0.00209,387,0.00387
-16,32,1,100000,255,0.00255,511,0.00511
-16,32,2,100000,301,0.00301,656,0.00656
-16,32,3,100000,349,0.00349,781,0.00781
-16,32,4,100000,341,0.00341,729,0.00729
-16,32,5,100000,224,0.00224,531,0.00531
-16,33,0,100000,204,0.00204,398,0.00398
-16,33,1,100000,276,0.00276,514,0.00514
-16,33,2,100000,334,0.00334,664,0.00664
-16,33,3,100000,362,0.00362,803,0.00803
-16,33,4,100000,335,0.00335,711,0.00711
-16,33,5,100000,262,0.00262,528,0.00528
-16,34,0,100000,203,0.00203,423,0.00423
-16,34,1,100000,275,0.00275,562,0.00562
-16,34,2,100000,347,0.00347,678,0.00678
-16,34,3,100000,391,0.00391,817,0.00817
-16,34,4,100000,320,0.0032,722,0.00722
-16,34,5,100000,291,0.00291,547,0.00547
-16,35,0,100000,227,0.00227,415,0.00415
-16,35,1,100000,269,0.00269,530,0.0053
-16,35,2,100000,318,0.00318,729,0.00729
-16,35,3,100000,376,0.00376,756,0.00756
-16,35,4,100000,343,0.00343,721,0.00721
-16,35,5,100000,272,0.00272,517,0.00517
-16,36,0,100000,200,0.002,417,0.00417
-16,36,1,100000,259,0.00259,511,0.00511
-16,36,2,100000,314,0.00314,684,0.00684
-16,36,3,100000,384,0.00384,806,0.00806
-16,36,4,100000,345,0.00345,726,0.00726
-16,36,5,100000,243,0.00243,491,0.00491
-16,37,0,100000,226,0.00226,424,0.00424
-16,37,1,100000,254,0.00254,541,0.00541
-16,37,2,100000,348,0.00348,700,0.007
-16,37,3,100000,384,0.00384,742,0.00742
-16,37,4,100000,333,0.00333,642,0.00642
-16,37,5,100000,217,0.00217,529,0.00529
-16,38,0,100000,168,0.00168,375,0.00375
-16,38,1,100000,194,0.00194,469,0.00469
-16,38,2,100000,322,0.00322,640,0.0064
-16,38,3,100000,312,0.00312,688,0.00688
-16,38,4,100000,315,0.00315,628,0.00628
-16,38,5,100000,227,0.00227,483,0.00483
-16,39,0,100000,165,0.00165,291,0.00291
-16,39,1,100000,182,0.00182,396,0.00396
-16,39,2,100000,259,0.00259,557,0.00557
-16,39,3,100000,279,0.00279,598,0.00598
-16,39,4,100000,274,0.00274,541,0.00541
-16,39,5,100000,201,0.00201,423,0.00423
-16,40,0,100000,108,0.00108,243,0.00243
-16,40,1,100000,147,0.00147,330,0.0033
-16,40,2,100000,175,0.00175,367,0.00367
-16,40,3,100000,212,0.00212,409,0.00409
-16,40,4,100000,256,0.00256,452,0.00452
-16,40,5,100000,155,0.00155,317,0.00317
-16,41,0,100000,93,0.00093,181,0.00181
-16,41,1,100000,137,0.00137,261,0.00261
-16,41,2,100000,128,0.00128,240,0.0024
-16,41,3,100000,117,0.00117,266,0.00266
-16,41,4,100000,140,0.0014,247,0.00247
-16,41,5,100000,78,0.00078,193,0.00193
-16,42,0,100000,61,0.00061,129,0.00129
-16,42,1,100000,75,0.00075,151,0.00151
-16,42,2,100000,77,0.00077,175,0.00175
-16,42,3,100000,64,0.00064,162,0.00162
-16,42,4,100000,50,0.0005,125,0.00125
-16,42,5,100000,62,0.00062,111,0.00111
-16,43,0,100000,59,0.00059,112,0.00112
-16,43,1,100000,42,0.00042,92,0.00092
-16,43,2,100000,71,0.00071,100,0.001
-16,43,3,100000,49,0.00049,81,0.00081
-16,43,4,100000,32,0.00032,79,0.00079
-16,43,5,100000,32,0.00032,82,0.00082
-16,44,0,100000,30,0.0003,78,0.00078
-16,44,1,100000,39,0.00039,82,0.00082
-16,44,2,100000,43,0.00043,87,0.00087
-16,44,3,100000,43,0.00043,71,0.00071
-16,44,4,100000,35,0.00035,71,0.00071
-16,44,5,100000,24,0.00024,83,0.00083
-16,45,0,100000,23,0.00023,71,0.00071
-16,45,1,100000,46,0.00046,92,0.00092
-16,45,2,100000,31,0.00031,84,0.00084
-16,45,3,100000,40,0.0004,67,0.00067
-16,45,4,100000,14,0.00014,65,0.00065
-16,45,5,100000,12,0.00012,55,0.00055
-16,46,0,100000,44,0.00044,80,0.0008
-16,46,1,100000,20,0.0002,79,0.00079
-16,46,2,100000,29,0.00029,77,0.00077
-16,46,3,100000,21,0.00021,70,0.0007
-16,46,4,100000,36,0.00036,74,0.00074
-16,46,5,100000,43,0.00043,77,0.00077
-16,47,0,100000,30,0.0003,75,0.00075
-16,47,1,100000,34,0.00034,82,0.00082
-16,47,2,100000,28,0.00028,78,0.00078
-16,47,3,100000,31,0.00031,61,0.00061
-16,47,4,100000,16,0.00016,64,0.00064
-16,47,5,100000,27,0.00027,77,0.00077
-16,48,0,100000,22,0.00022,80,0.0008
-16,48,1,100000,40,0.0004,71,0.00071
-16,48,2,100000,26,0.00026,74,0.00074
-16,48,3,100000,27,0.00027,81,0.00081
-16,48,4,100000,12,0.00012,66,0.00066
-16,48,5,100000,45,0.00045,95,0.00095
-16,49,0,100000,50,0.0005,89,0.00089
-16,49,1,100000,40,0.0004,66,0.00066
-16,49,2,100000,19,0.00019,69,0.00069
-16,49,3,100000,15,0.00015,55,0.00055
-16,49,4,100000,38,0.00038,77,0.00077
-16,49,5,100000,16,0.00016,70,0.0007
-16,50,0,100000,24,0.00024,84,0.00084
-16,50,1,100000,21,0.00021,61,0.00061
-16,50,2,100000,20,0.0002,64,0.00064
-16,50,3,100000,34,0.00034,79,0.00079
-16,50,4,100000,34,0.00034,75,0.00075
-16,50,5,100000,25,0.00025,78,0.00078
-15,-50,0,100000,41,0.00041,75,0.00075
-15,-50,1,100000,41,0.00041,67,0.00067
-15,-50,2,100000,30,0.0003,65,0.00065
-15,-50,3,100000,15,0.00015,82,0.00082
-15,-50,4,100000,21,0.00021,58,0.00058
-15,-50,5,100000,21,0.00021,56,0.00056
-15,-49,0,100000,39,0.00039,88,0.00088
-15,-49,1,100000,31,0.00031,76,0.00076
-15,-49,2,100000,14,0.00014,48,0.00048
-15,-49,3,100000,22,0.00022,71,0.00071
-15,-49,4,100000,36,0.00036,70,0.0007
-15,-49,5,100000,24,0.00024,66,0.00066
-15,-48,0,100000,53,0.00053,86,0.00086
-15,-48,1,100000,39,0.00039,73,0.00073
-15,-48,2,100000,29,0.00029,74,0.00074
-15,-48,3,100000,50,0.0005,95,0.00095
-15,-48,4,100000,46,0.00046,88,0.00088
-15,-48,5,100000,23,0.00023,88,0.00088
-15,-47,0,100000,32,0.00032,77,0.00077
-15,-47,1,100000,37,0.00037,80,0.0008
-15,-47,2,100000,39,0.00039,64,0.00064
-15,-47,3,100000,24,0.00024,113,0.00113
-15,-47,4,100000,36,0.00036,75,0.00075
-15,-47,5,100000,28,0.00028,78,0.00078
-15,-46,0,100000,37,0.00037,75,0.00075
-15,-46,1,100000,20,0.0002,96,0.00096
-15,-46,2,100000,18,0.00018,65,0.00065
-15,-46,3,100000,47,0.00047,85,0.00085
-15,-46,4,100000,32,0.00032,87,0.00087
-15,-46,5,100000,35,0.00035,74,0.00074
-15,-45,0,100000,38,0.00038,92,0.00092
-15,-45,1,100000,34,0.00034,88,0.00088
-15,-45,2,100000,15,0.00015,63,0.00063
-15,-45,3,100000,25,0.00025,61,0.00061
-15,-45,4,100000,31,0.00031,82,0.00082
-15,-45,5,100000,40,0.0004,75,0.00075
-15,-44,0,100000,26,0.00026,73,0.00073
-15,-44,1,100000,25,0.00025,70,0.0007
-15,-44,2,100000,13,0.00013,71,0.00071
-15,-44,3,100000,32,0.00032,68,0.00068
-15,-44,4,100000,40,0.0004,92,0.00092
-15,-44,5,100000,68,0.00068,96,0.00096
-15,-43,0,100000,42,0.00042,96,0.00096
-15,-43,1,100000,39,0.00039,96,0.00096
-15,-43,2,100000,29,0.00029,75,0.00075
-15,-43,3,100000,36,0.00036,95,0.00095
-15,-43,4,100000,20,0.0002,92,0.00092
-15,-43,5,100000,23,0.00023,92,0.00092
-15,-42,0,100000,45,0.00045,110,0.0011
-15,-42,1,100000,39,0.00039,83,0.00083
-15,-42,2,100000,48,0.00048,112,0.00112
-15,-42,3,100000,67,0.00067,140,0.0014
-15,-42,4,100000,98,0.00098,178,0.00178
-15,-42,5,100000,58,0.00058,168,0.00168
-15,-41,0,100000,80,0.0008,169,0.00169
-15,-41,1,100000,120,0.0012,225,0.00225
-15,-41,2,100000,149,0.00149,256,0.00256
-15,-41,3,100000,112,0.00112,242,0.00242
-15,-41,4,100000,132,0.00132,292,0.00292
-15,-41,5,100000,106,0.00106,232,0.00232
-15,-40,0,100000,109,0.00109,274,0.00274
-15,-40,1,100000,170,0.0017,370,0.0037
-15,-40,2,100000,217,0.00217,459,0.00459
-15,-40,3,100000,233,0.00233,475,0.00475
-15,-40,4,100000,203,0.00203,402,0.00402
-15,-40,5,100000,177,0.00177,340,0.0034
-15,-39,0,100000,190,0.0019,362,0.00362
-15,-39,1,100000,239,0.00239,512,0.00512
-15,-39,2,100000,315,0.00315,678,0.00678
-15,-39,3,100000,335,0.00335,679,0.00679
-15,-39,4,100000,291,0.00291,634,0.00634
-15,-39,5,100000,227,0.00227,490,0.0049
-15,-38,0,100000,218,0.00218,440,0.0044
-15,-38,1,100000,315,0.00315,633,0.00633
-15,-38,2,100000,413,0.00413,800,0.008
-15,-38,3,100000,436,0.00436,795,0.00795
-15,-38,4,100000,364,0.00364,782,0.00782
-15,-38,5,100000,295,0.00295,597,0.00597
-15,-37,0,100000,245,0.00245,469,0.00469
-15,-37,1,100000,308,0.00308,589,0.00589
-15,-37,2,100000,405,0.00405,802,0.00802
-15,-37,3,100000,416,0.00416,856,0.00856
-15,-37,4,100000,378,0.00378,756,0.00756
-15,-37,5,100000,341,0.00341,597,0.00597
-15,-36,0,100000,210,0.0021,466,0.00466
-15,-36,1,100000,317,0.00317,621,0.00621
-15,-36,2,100000,400,0.004,786,0.00786
-15,-36,3,100000,434,0.00434,851,0.00851
-15,-36,4,100000,346,0.00346,720,0.0072
-15,-36,5,100000,262,0.00262,576,0.00576
-15,-35,0,100000,222,0.00222,437,0.00437
-15,-35,1,100000,284,0.00284,600,0.006
-15,-35,2,100000,358,0.00358,799,0.00799
-15,-35,3,100000,393,0.00393,871,0.00871
-15,-35,4,100000,412,0.00412,880,0.0088
-15,-35,5,100000,288,0.00288,590,0.0059
-15,-34,0,100000,223,0.00223,467,0.00467
-15,-34,1,100000,292,0.00292,602,0.00602
-15,-34,2,100000,377,0.00377,795,0.00795
-15,-34,3,100000,390,0.0039,906,0.00906
-15,-34,4,100000,352,0.00352,792,0.00792
-15,-34,5,100000,287,0.00287,641,0.00641
-15,-33,0,100000,233,0.00233,492,0.00492
-15,-33,1,100000,303,0.00303,620,0.0062
-15,-33,2,100000,381,0.00381,811,0.00811
-15,-33,3,100000,443,0.00443,893,0.00893
-15,-33,4,100000,391,0.00391,813,0.00813
-15,-33,5,100000,347,0.00347,616,0.00616
-15,-32,0,100000,236,0.00236,478,0.00478
-15,-32,1,100000,331,0.00331,638,0.00638
-15,-32,2,100000,366,0.00366,796,0.00796
-15,-32,3,100000,378,0.00378,876,0.00876
-15,-32,4,100000,452,0.00452,827,0.00827
-15,-32,5,100000,337,0.00337,607,0.00607
-15,-31,0,100000,246,0.00246,483,0.00483
-15,-31,1,100000,318,0.00318,601,0.00601
-15,-31,2,100000,422,0.00422,884,0.00884
-15,-31,3,100000,422,0.00422,888,0.00888
-15,-31,4,100000,397,0.00397,816,0.00816
-15,-31,5,100000,343,0.00343,646,0.00646
-15,-30,0,100000,224,0.00224,477,0.00477
-15,-30,1,100000,289,0.00289,603,0.00603
-15,-30,2,100000,393,0.00393,846,0.00846
-15,-30,3,100000,397,0.00397,856,0.00856
-15,-30,4,100000,379,0.00379,798,0.00798
-15,-30,5,100000,304,0.00304,621,0.00621
-15,-29,0,100000,277,0.00277,533,0.00533
-15,-29,1,100000,291,0.00291,580,0.0058
-15,-29,2,100000,360,0.0036,787,0.00787
-15,-29,3,100000,418,0.00418,910,0.0091
-15,-29,4,100000,378,0.00378,797,0.00797
-15,-29,5,100000,323,0.00323,627,0.00627
-15,-28,0,100000,248,0.00248,481,0.00481
-15,-28,1,100000,293,0.00293,579,0.00579
-15,-28,2,100000,407,0.00407,794,0.00794
-15,-28,3,100000,389,0.00389,856,0.00856
-15,-28,4,100000,331,0.00331,810,0.0081
-15,-28,5,100000,308,0.00308,655,0.00655
-15,-27,0,100000,265,0.00265,467,0.00467
-15,-27,1,100000,293,0.00293,589,0.00589
-15,-27,2,100000,375,0.00375,810,0.0081
-15,-27,3,100000,414,0.00414,836,0.00836
-15,-27,4,100000,407,0.00407,807,0.00807
-15,-27,5,100000,278,0.00278,618,0.00618
-15,-26,0,100000,245,0.00245,479,0.00479
-15,-26,1,100000,309,0.00309,590,0.0059
-15,-26,2,100000,385,0.00385,800,0.008
-15,-26,3,100000,419,0.00419,892,0.00892
-15,-26,4,100000,344,0.00344,780,0.0078
-15,-26,5,100000,285,0.00285,596,0.00596
-15,-25,0,100000,221,0.00221,479,0.00479
-15,-25,1,100000,299,0.00299,653,0.00653
-15,-25,2,100000,347,0.00347,794,0.00794
-15,-25,3,100000,415,0.00415,864,0.00864
-15,-25,4,100000,404,0.00404,807,0.00807
-15,-25,5,100000,330,0.0033,653,0.00653
-15,-24,0,100000,236,0.00236,452,0.00452
-15,-24,1,100000,289,0.00289,605,0.00605
-15,-24,2,100000,414,0.00414,849,0.00849
-15,-24,3,100000,430,0.0043,880,0.0088
-15,-24,4,100000,358,0.00358,772,0.00772
-15,-24,5,100000,298,0.00298,617,0.00617
-15,-23,0,100000,235,0.00235,475,0.00475
-15,-23,1,100000,273,0.00273,592,0.00592
-15,-23,2,100000,409,0.00409,844,0.00844
-15,-23,3,100000,408,0.00408,883,0.00883
-15,-23,4,100000,451,0.00451,843,0.00843
-15,-23,5,100000,340,0.0034,638,0.00638
-15,-22,0,100000,251,0.00251,489,0.00489
-15,-22,1,100000,297,0.00297,628,0.00628
-15,-22,2,100000,411,0.00411,786,0.00786
-15,-22,3,100000,439,0.00439,920,0.0092
-15,-22,4,100000,378,0.00378,808,0.00808
-15,-22,5,100000,301,0.00301,614,0.00614
-15,-21,0,100000,228,0.00228,466,0.00466
-15,-21,1,100000,305,0.00305,619,0.00619
-15,-21,2,100000,398,0.00398,774,0.00774
-15,-21,3,100000,398,0.00398,923,0.00923
-15,-21,4,100000,388,0.00388,834,0.00834
-15,-21,5,100000,276,0.00276,617,0.00617
-15,-20,0,100000,200,0.002,455,0.00455
-15,-20,1,100000,289,0.00289,602,0.00602
-15,-20,2,100000,365,0.00365,779,0.00779
-15,-20,3,100000,480,0.0048,982,0.00982
-15,-20,4,100000,354,0.00354,813,0.00813
-15,-20,5,100000,331,0.00331,602,0.00602
-15,-19,0,100000,247,0.00247,497,0.00497
-15,-19,1,100000,292,0.00292,611,0.00611
-15,-19,2,100000,418,0.00418,825,0.00825
-15,-19,3,100000,422,0.00422,887,0.00887
-15,-19,4,100000,375,0.00375,788,0.00788
-15,-19,5,100000,288,0.00288,604,0.00604
-15,-18,0,100000,226,0.00226,488,0.00488
-15,-18,1,100000,259,0.00259,588,0.00588
-15,-18,2,100000,406,0.00406,813,0.00813
-15,-18,3,100000,498,0.00498,951,0.00951
-15,-18,4,100000,434,0.00434,801,0.00801
-15,-18,5,100000,303,0.00303,619,0.00619
-15,-17,0,100000,206,0.00206,490,0.0049
-15,-17,1,100000,335,0.00335,631,0.00631
-15,-17,2,100000,419,0.00419,844,0.00844
-15,-17,3,100000,451,0.00451,905,0.00905
-15,-17,4,100000,397,0.00397,813,0.00813
-15,-17,5,100000,277,0.00277,613,0.00613
-15,-16,0,100000,274,0.00274,506,0.00506
-15,-16,1,100000,296,0.00296,623,0.00623
-15,-16,2,100000,384,0.00384,765,0.00765
-15,-16,3,100000,401,0.00401,910,0.0091
-15,-16,4,100000,437,0.00437,860,0.0086
-15,-16,5,100000,286,0.00286,558,0.00558
-15,-15,0,100000,245,0.00245,494,0.00494
-15,-15,1,100000,313,0.00313,630,0.0063
-15,-15,2,100000,413,0.00413,869,0.00869
-15,-15,3,100000,394,0.00394,838,0.00838
-15,-15,4,100000,384,0.00384,846,0.00846
-15,-15,5,100000,301,0.00301,627,0.00627
-15,-14,0,100000,237,0.00237,478,0.00478
-15,-14,1,100000,328,0.00328,623,0.00623
-15,-14,2,100000,392,0.00392,857,0.00857
-15,-14,3,100000,433,0.00433,896,0.00896
-15,-14,4,100000,332,0.00332,758,0.00758
-15,-14,5,100000,320,0.0032,610,0.0061
-15,-13,0,100000,212,0.00212,515,0.00515
-15,-13,1,100000,308,0.00308,602,0.00602
-15,-13,2,100000,367,0.00367,775,0.00775
-15,-13,3,100000,461,0.00461,906,0.00906
-15,-13,4,100000,380,0.0038,806,0.00806
-15,-13,5,100000,293,0.00293,604,0.00604
-15,-12,0,100000,256,0.00256,512,0.00512
-15,-12,1,100000,271,0.00271,602,0.00602
-15,-12,2,100000,350,0.0035,829,0.00829
-15,-12,3,100000,406,0.00406,877,0.00877
-15,-12,4,100000,392,0.00392,839,0.00839
-15,-12,5,100000,259,0.00259,579,0.00579
-15,-11,0,100000,209,0.00209,457,0.00457
-15,-11,1,100000,267,0.00267,573,0.00573
-15,-11,2,100000,371,0.00371,755,0.00755
-15,-11,3,100000,411,0.00411,837,0.00837
-15,-11,4,100000,403,0.00403,839,0.00839
-15,-11,5,100000,326,0.00326,627,0.00627
-15,-10,0,100000,242,0.00242,466,0.00466
-15,-10,1,100000,316,0.00316,627,0.00627
-15,-10,2,100000,374,0.00374,799,0.00799
-15,-10,3,100000,439,0.00439,891,0.00891
-15,-10,4,100000,387,0.00387,823,0.00823
-15,-10,5,100000,302,0.00302,605,0.00605
-15,-9,0,100000,239,0.00239,454,0.00454
-15,-9,1,100000,331,0.00331,634,0.00634
-15,-9,2,100000,382,0.00382,827,0.00827
-15,-9,3,100000,411,0.00411,833,0.00833
-15,-9,4,100000,363,0.00363,803,0.00803
-15,-9,5,100000,284,0.00284,573,0.00573
-15,-8,0,100000,229,0.00229,504,0.00504
-15,-8,1,100000,282,0.00282,636,0.00636
-15,-8,2,100000,360,0.0036,792,0.00792
-15,-8,3,100000,401,0.00401,917,0.00917
-15,-8,4,100000,415,0.00415,809,0.00809
-15,-8,5,100000,318,0.00318,602,0.00602
-15,-7,0,100000,234,0.00234,510,0.0051
-15,-7,1,100000,284,0.00284,602,0.00602
-15,-7,2,100000,364,0.00364,816,0.00816
-15,-7,3,100000,441,0.00441,845,0.00845
-15,-7,4,100000,372,0.00372,788,0.00788
-15,-7,5,100000,282,0.00282,582,0.00582
-15,-6,0,100000,254,0.00254,502,0.00502
-15,-6,1,100000,266,0.00266,596,0.00596
-15,-6,2,100000,376,0.00376,818,0.00818
-15,-6,3,100000,468,0.00468,921,0.00921
-15,-6,4,100000,404,0.00404,842,0.00842
-15,-6,5,100000,307,0.00307,586,0.00586
-15,-5,0,100000,255,0.00255,483,0.00483
-15,-5,1,100000,318,0.00318,643,0.00643
-15,-5,2,100000,400,0.004,799,0.00799
-15,-5,3,100000,388,0.00388,877,0.00877
-15,-5,4,100000,424,0.00424,806,0.00806
-15,-5,5,100000,276,0.00276,597,0.00597
-15,-4,0,100000,249,0.00249,506,0.00506
-15,-4,1,100000,300,0.003,588,0.00588
-15,-4,2,100000,379,0.00379,808,0.00808
-15,-4,3,100000,406,0.00406,884,0.00884
-15,-4,4,100000,412,0.00412,862,0.00862
-15,-4,5,100000,300,0.003,626,0.00626
-15,-3,0,100000,239,0.00239,482,0.00482
-15,-3,1,100000,293,0.00293,608,0.00608
-15,-3,2,100000,386,0.00386,830,0.0083
-15,-3,3,100000,371,0.00371,851,0.00851
-15,-3,4,100000,356,0.00356,806,0.00806
-15,-3,5,100000,311,0.00311,618,0.00618
-15,-2,0,100000,242,0.00242,514,0.00514
-15,-2,1,100000,299,0.00299,565,0.00565
-15,-2,2,100000,382,0.00382,804,0.00804
-15,-2,3,100000,437,0.00437,906,0.00906
-15,-2,4,100000,346,0.00346,831,0.00831
-15,-2,5,100000,324,0.00324,621,0.00621
-15,-1,0,100000,230,0.0023,486,0.00486
-15,-1,1,100000,311,0.00311,604,0.00604
-15,-1,2,100000,474,0.00474,836,0.00836
-15,-1,3,100000,464,0.00464,916,0.00916
-15,-1,4,100000,401,0.00401,765,0.00765
-15,-1,5,100000,262,0.00262,592,0.00592
-15,0,0,100000,269,0.00269,467,0.00467
-15,0,1,100000,284,0.00284,589,0.00589
-15,0,2,100000,373,0.00373,805,0.00805
-15,0,3,100000,408,0.00408,866,0.00866
-15,0,4,100000,378,0.00378,763,0.00763
-15,0,5,100000,304,0.00304,599,0.00599
-15,1,0,100000,204,0.00204,451,0.00451
-15,1,1,100000,338,0.00338,622,0.00622
-15,1,2,100000,433,0.00433,840,0.0084
-15,1,3,100000,441,0.00441,855,0.00855
-15,1,4,100000,372,0.00372,814,0.00814
-15,1,5,100000,322,0.00322,618,0.00618
-15,2,0,100000,230,0.0023,438,0.00438
-15,2,1,100000,288,0.00288,630,0.0063
-15,2,2,100000,360,0.0036,802,0.00802
-15,2,3,100000,393,0.00393,883,0.00883
-15,2,4,100000,412,0.00412,783,0.00783
-15,2,5,100000,308,0.00308,598,0.00598
-15,3,0,100000,227,0.00227,519,0.00519
-15,3,1,100000,296,0.00296,601,0.00601
-15,3,2,100000,364,0.00364,740,0.0074
-15,3,3,100000,413,0.00413,904,0.00904
-15,3,4,100000,396,0.00396,797,0.00797
-15,3,5,100000,284,0.00284,621,0.00621
-15,4,0,100000,246,0.00246,481,0.00481
-15,4,1,100000,286,0.00286,603,0.00603
-15,4,2,100000,402,0.00402,788,0.00788
-15,4,3,100000,377,0.00377,861,0.00861
-15,4,4,100000,407,0.00407,832,0.00832
-15,4,5,100000,301,0.00301,617,0.00617
-15,5,0,100000,245,0.00245,457,0.00457
-15,5,1,100000,325,0.00325,609,0.00609
-15,5,2,100000,367,0.00367,793,0.00793
-15,5,3,100000,431,0.00431,922,0.00922
-15,5,4,100000,377,0.00377,806,0.00806
-15,5,5,100000,314,0.00314,611,0.00611
-15,6,0,100000,248,0.00248,505,0.00505
-15,6,1,100000,314,0.00314,613,0.00613
-15,6,2,100000,378,0.00378,771,0.00771
-15,6,3,100000,398,0.00398,919,0.00919
-15,6,4,100000,382,0.00382,807,0.00807
-15,6,5,100000,288,0.00288,607,0.00607
-15,7,0,100000,260,0.0026,503,0.00503
-15,7,1,100000,275,0.00275,594,0.00594
-15,7,2,100000,412,0.00412,829,0.00829
-15,7,3,100000,409,0.00409,875,0.00875
-15,7,4,100000,373,0.00373,797,0.00797
-15,7,5,100000,296,0.00296,588,0.00588
-15,8,0,100000,217,0.00217,505,0.00505
-15,8,1,100000,344,0.00344,639,0.00639
-15,8,2,100000,365,0.00365,823,0.00823
-15,8,3,100000,394,0.00394,876,0.00876
-15,8,4,100000,414,0.00414,878,0.00878
-15,8,5,100000,281,0.00281,564,0.00564
-15,9,0,100000,224,0.00224,486,0.00486
-15,9,1,100000,266,0.00266,570,0.0057
-15,9,2,100000,427,0.00427,829,0.00829
-15,9,3,100000,438,0.00438,883,0.00883
-15,9,4,100000,345,0.00345,834,0.00834
-15,9,5,100000,279,0.00279,579,0.00579
-15,10,0,100000,238,0.00238,484,0.00484
-15,10,1,100000,260,0.0026,622,0.00622
-15,10,2,100000,363,0.00363,781,0.00781
-15,10,3,100000,400,0.004,838,0.00838
-15,10,4,100000,370,0.0037,794,0.00794
-15,10,5,100000,310,0.0031,622,0.00622
-15,11,0,100000,242,0.00242,473,0.00473
-15,11,1,100000,280,0.0028,587,0.00587
-15,11,2,100000,383,0.00383,805,0.00805
-15,11,3,100000,414,0.00414,869,0.00869
-15,11,4,100000,372,0.00372,830,0.0083
-15,11,5,100000,295,0.00295,615,0.00615
-15,12,0,100000,226,0.00226,436,0.00436
-15,12,1,100000,302,0.00302,640,0.0064
-15,12,2,100000,376,0.00376,817,0.00817
-15,12,3,100000,429,0.00429,879,0.00879
-15,12,4,100000,391,0.00391,822,0.00822
-15,12,5,100000,309,0.00309,628,0.00628
-15,13,0,100000,257,0.00257,479,0.00479
-15,13,1,100000,313,0.00313,614,0.00614
-15,13,2,100000,369,0.00369,795,0.00795
-15,13,3,100000,382,0.00382,868,0.00868
-15,13,4,100000,422,0.00422,804,0.00804
-15,13,5,100000,327,0.00327,631,0.00631
-15,14,0,100000,242,0.00242,474,0.00474
-15,14,1,100000,280,0.0028,607,0.00607
-15,14,2,100000,429,0.00429,849,0.00849
-15,14,3,100000,446,0.00446,919,0.00919
-15,14,4,100000,370,0.0037,900,0.009
-15,14,5,100000,255,0.00255,603,0.00603
-15,15,0,100000,206,0.00206,456,0.00456
-15,15,1,100000,330,0.0033,639,0.00639
-15,15,2,100000,400,0.004,823,0.00823
-15,15,3,100000,397,0.00397,918,0.00918
-15,15,4,100000,375,0.00375,778,0.00778
-15,15,5,100000,278,0.00278,627,0.00627
-15,16,0,100000,204,0.00204,445,0.00445
-15,16,1,100000,282,0.00282,603,0.00603
-15,16,2,100000,368,0.00368,801,0.00801
-15,16,3,100000,436,0.00436,898,0.00898
-15,16,4,100000,356,0.00356,804,0.00804
-15,16,5,100000,291,0.00291,576,0.00576
-15,17,0,100000,228,0.00228,457,0.00457
-15,17,1,100000,334,0.00334,659,0.00659
-15,17,2,100000,343,0.00343,760,0.0076
-15,17,3,100000,430,0.0043,903,0.00903
-15,17,4,100000,371,0.00371,790,0.0079
-15,17,5,100000,302,0.00302,621,0.00621
-15,18,0,100000,245,0.00245,482,0.00482
-15,18,1,100000,284,0.00284,600,0.006
-15,18,2,100000,378,0.00378,786,0.00786
-15,18,3,100000,427,0.00427,922,0.00922
-15,18,4,100000,388,0.00388,848,0.00848
-15,18,5,100000,309,0.00309,586,0.00586
-15,19,0,100000,224,0.00224,475,0.00475
-15,19,1,100000,290,0.0029,621,0.00621
-15,19,2,100000,385,0.00385,797,0.00797
-15,19,3,100000,409,0.00409,895,0.00895
-15,19,4,100000,435,0.00435,812,0.00812
-15,19,5,100000,309,0.00309,622,0.00622
-15,20,0,100000,236,0.00236,489,0.00489
-15,20,1,100000,289,0.00289,592,0.00592
-15,20,2,100000,404,0.00404,863,0.00863
-15,20,3,100000,419,0.00419,920,0.0092
-15,20,4,100000,397,0.00397,822,0.00822
-15,20,5,100000,306,0.00306,620,0.0062
-15,21,0,100000,235,0.00235,492,0.00492
-15,21,1,100000,299,0.00299,619,0.00619
-15,21,2,100000,407,0.00407,793,0.00793
-15,21,3,100000,367,0.00367,842,0.00842
-15,21,4,100000,370,0.0037,803,0.00803
-15,21,5,100000,287,0.00287,626,0.00626
-15,22,0,100000,261,0.00261,492,0.00492
-15,22,1,100000,292,0.00292,593,0.00593
-15,22,2,100000,392,0.00392,858,0.00858
-15,22,3,100000,396,0.00396,846,0.00846
-15,22,4,100000,431,0.00431,873,0.00873
-15,22,5,100000,323,0.00323,636,0.00636
-15,23,0,100000,225,0.00225,487,0.00487
-15,23,1,100000,277,0.00277,618,0.00618
-15,23,2,100000,435,0.00435,823,0.00823
-15,23,3,100000,438,0.00438,910,0.0091
-15,23,4,100000,405,0.00405,804,0.00804
-15,23,5,100000,306,0.00306,597,0.00597
-15,24,0,100000,242,0.00242,473,0.00473
-15,24,1,100000,278,0.00278,588,0.00588
-15,24,2,100000,391,0.00391,813,0.00813
-15,24,3,100000,427,0.00427,893,0.00893
-15,24,4,100000,373,0.00373,814,0.00814
-15,24,5,100000,328,0.00328,623,0.00623
-15,25,0,100000,207,0.00207,467,0.00467
-15,25,1,100000,319,0.00319,618,0.00618
-15,25,2,100000,395,0.00395,852,0.00852
-15,25,3,100000,399,0.00399,863,0.00863
-15,25,4,100000,391,0.00391,786,0.00786
-15,25,5,100000,325,0.00325,618,0.00618
-15,26,0,100000,249,0.00249,483,0.00483
-15,26,1,100000,287,0.00287,630,0.0063
-15,26,2,100000,408,0.00408,835,0.00835
-15,26,3,100000,413,0.00413,866,0.00866
-15,26,4,100000,398,0.00398,777,0.00777
-15,26,5,100000,262,0.00262,561,0.00561
-15,27,0,100000,247,0.00247,484,0.00484
-15,27,1,100000,276,0.00276,587,0.00587
-15,27,2,100000,381,0.00381,803,0.00803
-15,27,3,100000,400,0.004,863,0.00863
-15,27,4,100000,407,0.00407,830,0.0083
-15,27,5,100000,300,0.003,618,0.00618
-15,28,0,100000,217,0.00217,458,0.00458
-15,28,1,100000,275,0.00275,627,0.00627
-15,28,2,100000,356,0.00356,789,0.00789
-15,28,3,100000,410,0.0041,861,0.00861
-15,28,4,100000,374,0.00374,723,0.00723
-15,28,5,100000,293,0.00293,603,0.00603
-15,29,0,100000,246,0.00246,500,0.005
-15,29,1,100000,302,0.00302,579,0.00579
-15,29,2,100000,362,0.00362,763,0.00763
-15,29,3,100000,415,0.00415,867,0.00867
-15,29,4,100000,416,0.00416,808,0.00808
-15,29,5,100000,258,0.00258,563,0.00563
-15,30,0,100000,215,0.00215,451,0.00451
-15,30,1,100000,308,0.00308,612,0.00612
-15,30,2,100000,373,0.00373,842,0.00842
-15,30,3,100000,455,0.00455,900,0.009
-15,30,4,100000,385,0.00385,819,0.00819
-15,30,5,100000,305,0.00305,624,0.00624
-15,31,0,100000,208,0.00208,461,0.00461
-15,31,1,100000,335,0.00335,654,0.00654
-15,31,2,100000,385,0.00385,847,0.00847
-15,31,3,100000,427,0.00427,874,0.00874
-15,31,4,100000,375,0.00375,786,0.00786
-15,31,5,100000,290,0.0029,599,0.00599
-15,32,0,100000,243,0.00243,497,0.00497
-15,32,1,100000,290,0.0029,588,0.00588
-15,32,2,100000,363,0.00363,781,0.00781
-15,32,3,100000,416,0.00416,910,0.0091
-15,32,4,100000,383,0.00383,812,0.00812
-15,32,5,100000,259,0.00259,570,0.0057
-15,33,0,100000,234,0.00234,485,0.00485
-15,33,1,100000,296,0.00296,561,0.00561
-15,33,2,100000,444,0.00444,813,0.00813
-15,33,3,100000,387,0.00387,874,0.00874
-15,33,4,100000,355,0.00355,801,0.00801
-15,33,5,100000,312,0.00312,610,0.0061
-15,34,0,100000,242,0.00242,463,0.00463
-15,34,1,100000,297,0.00297,607,0.00607
-15,34,2,100000,371,0.00371,814,0.00814
-15,34,3,100000,403,0.00403,839,0.00839
-15,34,4,100000,361,0.00361,816,0.00816
-15,34,5,100000,328,0.00328,614,0.00614
-15,35,0,100000,219,0.00219,454,0.00454
-15,35,1,100000,319,0.00319,609,0.00609
-15,35,2,100000,404,0.00404,825,0.00825
-15,35,3,100000,398,0.00398,903,0.00903
-15,35,4,100000,423,0.00423,858,0.00858
-15,35,5,100000,350,0.0035,653,0.00653
-15,36,0,100000,222,0.00222,454,0.00454
-15,36,1,100000,269,0.00269,578,0.00578
-15,36,2,100000,400,0.004,796,0.00796
-15,36,3,100000,377,0.00377,820,0.0082
-15,36,4,100000,373,0.00373,810,0.0081
-15,36,5,100000,302,0.00302,616,0.00616
-15,37,0,100000,238,0.00238,460,0.0046
-15,37,1,100000,278,0.00278,576,0.00576
-15,37,2,100000,383,0.00383,806,0.00806
-15,37,3,100000,403,0.00403,849,0.00849
-15,37,4,100000,365,0.00365,773,0.00773
-15,37,5,100000,327,0.00327,638,0.00638
-15,38,0,100000,246,0.00246,450,0.0045
-15,38,1,100000,337,0.00337,606,0.00606
-15,38,2,100000,353,0.00353,716,0.00716
-15,38,3,100000,381,0.00381,834,0.00834
-15,38,4,100000,345,0.00345,740,0.0074
-15,38,5,100000,287,0.00287,563,0.00563
-15,39,0,100000,182,0.00182,357,0.00357
-15,39,1,100000,261,0.00261,492,0.00492
-15,39,2,100000,280,0.0028,614,0.00614
-15,39,3,100000,295,0.00295,618,0.00618
-15,39,4,100000,327,0.00327,652,0.00652
-15,39,5,100000,222,0.00222,469,0.00469
-15,40,0,100000,133,0.00133,270,0.0027
-15,40,1,100000,195,0.00195,376,0.00376
-15,40,2,100000,181,0.00181,413,0.00413
-15,40,3,100000,217,0.00217,459,0.00459
-15,40,4,100000,233,0.00233,445,0.00445
-15,40,5,100000,191,0.00191,380,0.0038
-15,41,0,100000,106,0.00106,182,0.00182
-15,41,1,100000,121,0.00121,256,0.00256
-15,41,2,100000,120,0.0012,282,0.00282
-15,41,3,100000,135,0.00135,278,0.00278
-15,41,4,100000,124,0.00124,300,0.003
-15,41,5,100000,114,0.00114,223,0.00223
-15,42,0,100000,61,0.00061,129,0.00129
-15,42,1,100000,70,0.0007,163,0.00163
-15,42,2,100000,81,0.00081,143,0.00143
-15,42,3,100000,60,0.0006,140,0.0014
-15,42,4,100000,53,0.00053,116,0.00116
-15,42,5,100000,38,0.00038,102,0.00102
-15,43,0,100000,66,0.00066,103,0.00103
-15,43,1,100000,30,0.0003,86,0.00086
-15,43,2,100000,43,0.00043,103,0.00103
-15,43,3,100000,46,0.00046,77,0.00077
-15,43,4,100000,15,0.00015,63,0.00063
-15,43,5,100000,32,0.00032,82,0.00082
-15,44,0,100000,31,0.00031,80,0.0008
-15,44,1,100000,23,0.00023,92,0.00092
-15,44,2,100000,36,0.00036,88,0.00088
-15,44,3,100000,36,0.00036,74,0.00074
-15,44,4,100000,17,0.00017,73,0.00073
-15,44,5,100000,27,0.00027,71,0.00071
-15,45,0,100000,28,0.00028,95,0.00095
-15,45,1,100000,24,0.00024,68,0.00068
-15,45,2,100000,29,0.00029,65,0.00065
-15,45,3,100000,42,0.00042,75,0.00075
-15,45,4,100000,25,0.00025,67,0.00067
-15,45,5,100000,33,0.00033,67,0.00067
-15,46,0,100000,27,0.00027,79,0.00079
-15,46,1,100000,25,0.00025,75,0.00075
-15,46,2,100000,41,0.00041,77,0.00077
-15,46,3,100000,38,0.00038,83,0.00083
-15,46,4,100000,28,0.00028,71,0.00071
-15,46,5,100000,40,0.0004,76,0.00076
-15,47,0,100000,35,0.00035,70,0.0007
-15,47,1,100000,24,0.00024,72,0.00072
-15,47,2,100000,28,0.00028,100,0.001
-15,47,3,100000,34,0.00034,80,0.0008
-15,47,4,100000,34,0.00034,99,0.00099
-15,47,5,100000,33,0.00033,88,0.00088
-15,48,0,100000,29,0.00029,82,0.00082
-15,48,1,100000,27,0.00027,74,0.00074
-15,48,2,100000,34,0.00034,70,0.0007
-15,48,3,100000,32,0.00032,77,0.00077
-15,48,4,100000,20,0.0002,76,0.00076
-15,48,5,100000,20,0.0002,57,0.00057
-15,49,0,100000,24,0.00024,54,0.00054
-15,49,1,100000,34,0.00034,66,0.00066
-15,49,2,100000,18,0.00018,68,0.00068
-15,49,3,100000,64,0.00064,75,0.00075
-15,49,4,100000,19,0.00019,70,0.0007
-15,49,5,100000,23,0.00023,71,0.00071
-15,50,0,100000,31,0.00031,91,0.00091
-15,50,1,100000,27,0.00027,74,0.00074
-15,50,2,100000,26,0.00026,71,0.00071
-15,50,3,100000,35,0.00035,77,0.00077
-15,50,4,100000,24,0.00024,69,0.00069
-15,50,5,100000,38,0.00038,85,0.00085
-14,-50,0,100000,25,0.00025,76,0.00076
-14,-50,1,100000,28,0.00028,54,0.00054
-14,-50,2,100000,36,0.00036,73,0.00073
-14,-50,3,100000,19,0.00019,52,0.00052
-14,-50,4,100000,37,0.00037,72,0.00072
-14,-50,5,100000,29,0.00029,70,0.0007
-14,-49,0,100000,39,0.00039,90,0.0009
-14,-49,1,100000,43,0.00043,82,0.00082
-14,-49,2,100000,39,0.00039,72,0.00072
-14,-49,3,100000,50,0.0005,93,0.00093
-14,-49,4,100000,30,0.0003,76,0.00076
-14,-49,5,100000,28,0.00028,77,0.00077
-14,-48,0,100000,18,0.00018,71,0.00071
-14,-48,1,100000,46,0.00046,69,0.00069
-14,-48,2,100000,31,0.00031,69,0.00069
-14,-48,3,100000,32,0.00032,62,0.00062
-14,-48,4,100000,35,0.00035,73,0.00073
-14,-48,5,100000,22,0.00022,55,0.00055
-14,-47,0,100000,47,0.00047,97,0.00097
-14,-47,1,100000,20,0.0002,71,0.00071
-14,-47,2,100000,33,0.00033,79,0.00079
-14,-47,3,100000,27,0.00027,69,0.00069
-14,-47,4,100000,38,0.00038,84,0.00084
-14,-47,5,100000,34,0.00034,85,0.00085
-14,-46,0,100000,29,0.00029,73,0.00073
-14,-46,1,100000,39,0.00039,80,0.0008
-14,-46,2,100000,30,0.0003,74,0.00074
-14,-46,3,100000,30,0.0003,84,0.00084
-14,-46,4,100000,47,0.00047,85,0.00085
-14,-46,5,100000,47,0.00047,73,0.00073
-14,-45,0,100000,24,0.00024,66,0.00066
-14,-45,1,100000,32,0.00032,63,0.00063
-14,-45,2,100000,44,0.00044,88,0.00088
-14,-45,3,100000,40,0.0004,91,0.00091
-14,-45,4,100000,22,0.00022,69,0.00069
-14,-45,5,100000,52,0.00052,84,0.00084
-14,-44,0,100000,46,0.00046,87,0.00087
-14,-44,1,100000,35,0.00035,70,0.0007
-14,-44,2,100000,37,0.00037,59,0.00059
-14,-44,3,100000,33,0.00033,78,0.00078
-14,-44,4,100000,33,0.00033,89,0.00089
-14,-44,5,100000,36,0.00036,91,0.00091
-14,-43,0,100000,34,0.00034,94,0.00094
-14,-43,1,100000,21,0.00021,74,0.00074
-14,-43,2,100000,14,0.00014,59,0.00059
-14,-43,3,100000,27,0.00027,58,0.00058
-14,-43,4,100000,39,0.00039,92,0.00092
-14,-43,5,100000,52,0.00052,106,0.00106
-14,-42,0,100000,62,0.00062,132,0.00132
-14,-42,1,100000,54,0.00054,100,0.001
-14,-42,2,100000,47,0.00047,85,0.00085
-14,-42,3,100000,57,0.00057,135,0.00135
-14,-42,4,100000,90,0.0009,147,0.00147
-14,-42,5,100000,90,0.0009,169,0.00169
-14,-41,0,100000,80,0.0008,209,0.00209
-14,-41,1,100000,121,0.00121,254,0.00254
-14,-41,2,100000,167,0.00167,307,0.00307
-14,-41,3,100000,158,0.00158,291,0.00291
-14,-41,4,100000,147,0.00147,295,0.00295
-14,-41,5,100000,140,0.0014,282,0.00282
-14,-40,0,100000,138,0.00138,295,0.00295
-14,-40,1,100000,204,0.00204,389,0.00389
-14,-40,2,100000,268,0.00268,556,0.00556
-14,-40,3,100000,241,0.00241,491,0.00491
-14,-40,4,100000,259,0.00259,515,0.00515
-14,-40,5,100000,187,0.00187,404,0.00404
-14,-39,0,100000,187,0.00187,416,0.00416
-14,-39,1,100000,275,0.00275,538,0.00538
-14,-39,2,100000,407,0.00407,754,0.00754
-14,-39,3,100000,338,0.00338,781,0.00781
-14,-39,4,100000,321,0.00321,685,0.00685
-14,-39,5,100000,311,0.00311,611,0.00611
-14,-38,0,100000,256,0.00256,539,0.00539
-14,-38,1,100000,319,0.00319,668,0.00668
-14,-38,2,100000,440,0.0044,879,0.00879
-14,-38,3,100000,464,0.00464,978,0.00978
-14,-38,4,100000,411,0.00411,872,0.00872
-14,-38,5,100000,329,0.00329,684,0.00684
-14,-37,0,100000,269,0.00269,530,0.0053
-14,-37,1,100000,327,0.00327,683,0.00683
-14,-37,2,100000,409,0.00409,901,0.00901
-14,-37,3,100000,442,0.00442,1017,0.01017
-14,-37,4,100000,418,0.00418,898,0.00898
-14,-37,5,100000,346,0.00346,713,0.00713
-14,-36,0,100000,270,0.0027,542,0.00542
-14,-36,1,100000,349,0.00349,674,0.00674
-14,-36,2,100000,430,0.0043,935,0.00935
-14,-36,3,100000,491,0.00491,1056,0.01056
-14,-36,4,100000,424,0.00424,892,0.00892
-14,-36,5,100000,362,0.00362,695,0.00695
-14,-35,0,100000,267,0.00267,555,0.00555
-14,-35,1,100000,371,0.00371,678,0.00678
-14,-35,2,100000,468,0.00468,912,0.00912
-14,-35,3,100000,456,0.00456,995,0.00995
-14,-35,4,100000,409,0.00409,897,0.00897
-14,-35,5,100000,346,0.00346,670,0.0067
-14,-34,0,100000,281,0.00281,538,0.00538
-14,-34,1,100000,373,0.00373,681,0.00681
-14,-34,2,100000,423,0.00423,906,0.00906
-14,-34,3,100000,520,0.0052,1008,0.01008
-14,-34,4,100000,402,0.00402,919,0.00919
-14,-34,5,100000,357,0.00357,671,0.00671
-14,-33,0,100000,267,0.00267,532,0.00532
-14,-33,1,100000,331,0.00331,678,0.00678
-14,-33,2,100000,391,0.00391,892,0.00892
-14,-33,3,100000,499,0.00499,1025,0.01025
-14,-33,4,100000,451,0.00451,957,0.00957
-14,-33,5,100000,336,0.00336,683,0.00683
-14,-32,0,100000,291,0.00291,567,0.00567
-14,-32,1,100000,345,0.00345,697,0.00697
-14,-32,2,100000,482,0.00482,937,0.00937
-14,-32,3,100000,474,0.00474,1044,0.01044
-14,-32,4,100000,416,0.00416,955,0.00955
-14,-32,5,100000,352,0.00352,716,0.00716
-14,-31,0,100000,271,0.00271,538,0.00538
-14,-31,1,100000,328,0.00328,662,0.00662
-14,-31,2,100000,415,0.00415,923,0.00923
-14,-31,3,100000,508,0.00508,1050,0.0105
-14,-31,4,100000,450,0.0045,956,0.00956
-14,-31,5,100000,331,0.00331,692,0.00692
-14,-30,0,100000,298,0.00298,525,0.00525
-14,-30,1,100000,366,0.00366,697,0.00697
-14,-30,2,100000,470,0.0047,919,0.00919
-14,-30,3,100000,447,0.00447,944,0.00944
-14,-30,4,100000,432,0.00432,931,0.00931
-14,-30,5,100000,326,0.00326,677,0.00677
-14,-29,0,100000,245,0.00245,523,0.00523
-14,-29,1,100000,337,0.00337,680,0.0068
-14,-29,2,100000,503,0.00503,952,0.00952
-14,-29,3,100000,471,0.00471,990,0.0099
-14,-29,4,100000,427,0.00427,972,0.00972
-14,-29,5,100000,331,0.00331,690,0.0069
-14,-28,0,100000,256,0.00256,492,0.00492
-14,-28,1,100000,405,0.00405,755,0.00755
-14,-28,2,100000,427,0.00427,950,0.0095
-14,-28,3,100000,503,0.00503,1073,0.01073
-14,-28,4,100000,450,0.0045,953,0.00953
-14,-28,5,100000,349,0.00349,711,0.00711
-14,-27,0,100000,281,0.00281,536,0.00536
-14,-27,1,100000,357,0.00357,715,0.00715
-14,-27,2,100000,400,0.004,896,0.00896
-14,-27,3,100000,528,0.00528,1046,0.01046
-14,-27,4,100000,460,0.0046,896,0.00896
-14,-27,5,100000,327,0.00327,699,0.00699
-14,-26,0,100000,256,0.00256,530,0.0053
-14,-26,1,100000,378,0.00378,726,0.00726
-14,-26,2,100000,428,0.00428,865,0.00865
-14,-26,3,100000,501,0.00501,993,0.00993
-14,-26,4,100000,474,0.00474,954,0.00954
-14,-26,5,100000,317,0.00317,681,0.00681
-14,-25,0,100000,272,0.00272,534,0.00534
-14,-25,1,100000,314,0.00314,685,0.00685
-14,-25,2,100000,440,0.0044,924,0.00924
-14,-25,3,100000,484,0.00484,1037,0.01037
-14,-25,4,100000,461,0.00461,897,0.00897
-14,-25,5,100000,352,0.00352,693,0.00693
-14,-24,0,100000,249,0.00249,488,0.00488
-14,-24,1,100000,321,0.00321,696,0.00696
-14,-24,2,100000,456,0.00456,947,0.00947
-14,-24,3,100000,498,0.00498,1018,0.01018
-14,-24,4,100000,431,0.00431,892,0.00892
-14,-24,5,100000,335,0.00335,673,0.00673
-14,-23,0,100000,265,0.00265,533,0.00533
-14,-23,1,100000,302,0.00302,663,0.00663
-14,-23,2,100000,412,0.00412,910,0.0091
-14,-23,3,100000,530,0.0053,993,0.00993
-14,-23,4,100000,465,0.00465,940,0.0094
-14,-23,5,100000,380,0.0038,701,0.00701
-14,-22,0,100000,245,0.00245,535,0.00535
-14,-22,1,100000,332,0.00332,698,0.00698
-14,-22,2,100000,440,0.0044,949,0.00949
-14,-22,3,100000,489,0.00489,1031,0.01031
-14,-22,4,100000,398,0.00398,931,0.00931
-14,-22,5,100000,365,0.00365,700,0.007
-14,-21,0,100000,290,0.0029,552,0.00552
-14,-21,1,100000,342,0.00342,709,0.00709
-14,-21,2,100000,466,0.00466,954,0.00954
-14,-21,3,100000,470,0.0047,996,0.00996
-14,-21,4,100000,466,0.00466,928,0.00928
-14,-21,5,100000,294,0.00294,628,0.00628
-14,-20,0,100000,260,0.0026,509,0.00509
-14,-20,1,100000,354,0.00354,726,0.00726
-14,-20,2,100000,430,0.0043,930,0.0093
-14,-20,3,100000,477,0.00477,991,0.00991
-14,-20,4,100000,459,0.00459,975,0.00975
-14,-20,5,100000,354,0.00354,688,0.00688
-14,-19,0,100000,263,0.00263,549,0.00549
-14,-19,1,100000,318,0.00318,686,0.00686
-14,-19,2,100000,466,0.00466,918,0.00918
-14,-19,3,100000,467,0.00467,1010,0.0101
-14,-19,4,100000,428,0.00428,941,0.00941
-14,-19,5,100000,332,0.00332,712,0.00712
-14,-18,0,100000,279,0.00279,528,0.00528
-14,-18,1,100000,361,0.00361,712,0.00712
-14,-18,2,100000,441,0.00441,958,0.00958
-14,-18,3,100000,466,0.00466,996,0.00996
-14,-18,4,100000,458,0.00458,933,0.00933
-14,-18,5,100000,320,0.0032,690,0.0069
-14,-17,0,100000,270,0.0027,534,0.00534
-14,-17,1,100000,367,0.00367,718,0.00718
-14,-17,2,100000,419,0.00419,910,0.0091
-14,-17,3,100000,506,0.00506,1050,0.0105
-14,-17,4,100000,408,0.00408,868,0.00868
-14,-17,5,100000,351,0.00351,694,0.00694
-14,-16,0,100000,282,0.00282,547,0.00547
-14,-16,1,100000,321,0.00321,694,0.00694
-14,-16,2,100000,380,0.0038,902,0.00902
-14,-16,3,100000,528,0.00528,1028,0.01028
-14,-16,4,100000,455,0.00455,934,0.00934
-14,-16,5,100000,339,0.00339,700,0.007
-14,-15,0,100000,269,0.00269,539,0.00539
-14,-15,1,100000,372,0.00372,709,0.00709
-14,-15,2,100000,483,0.00483,987,0.00987
-14,-15,3,100000,437,0.00437,972,0.00972
-14,-15,4,100000,444,0.00444,936,0.00936
-14,-15,5,100000,326,0.00326,696,0.00696
-14,-14,0,100000,302,0.00302,533,0.00533
-14,-14,1,100000,354,0.00354,662,0.00662
-14,-14,2,100000,457,0.00457,933,0.00933
-14,-14,3,100000,437,0.00437,971,0.00971
-14,-14,4,100000,450,0.0045,945,0.00945
-14,-14,5,100000,290,0.0029,661,0.00661
-14,-13,0,100000,267,0.00267,557,0.00557
-14,-13,1,100000,350,0.0035,688,0.00688
-14,-13,2,100000,477,0.00477,979,0.00979
-14,-13,3,100000,438,0.00438,1001,0.01001
-14,-13,4,100000,471,0.00471,940,0.0094
-14,-13,5,100000,342,0.00342,666,0.00666
-14,-12,0,100000,262,0.00262,545,0.00545
-14,-12,1,100000,305,0.00305,698,0.00698
-14,-12,2,100000,422,0.00422,957,0.00957
-14,-12,3,100000,452,0.00452,1010,0.0101
-14,-12,4,100000,419,0.00419,929,0.00929
-14,-12,5,100000,343,0.00343,674,0.00674
-14,-11,0,100000,249,0.00249,534,0.00534
-14,-11,1,100000,325,0.00325,665,0.00665
-14,-11,2,100000,433,0.00433,939,0.00939
-14,-11,3,100000,503,0.00503,1042,0.01042
-14,-11,4,100000,393,0.00393,913,0.00913
-14,-11,5,100000,321,0.00321,699,0.00699
-14,-10,0,100000,272,0.00272,546,0.00546
-14,-10,1,100000,364,0.00364,731,0.00731
-14,-10,2,100000,434,0.00434,916,0.00916
-14,-10,3,100000,474,0.00474,989,0.00989
-14,-10,4,100000,452,0.00452,909,0.00909
-14,-10,5,100000,336,0.00336,669,0.00669
-14,-9,0,100000,255,0.00255,537,0.00537
-14,-9,1,100000,320,0.0032,655,0.00655
-14,-9,2,100000,415,0.00415,908,0.00908
-14,-9,3,100000,458,0.00458,1017,0.01017
-14,-9,4,100000,419,0.00419,921,0.00921
-14,-9,5,100000,330,0.0033,655,0.00655
-14,-8,0,100000,266,0.00266,534,0.00534
-14,-8,1,100000,319,0.00319,674,0.00674
-14,-8,2,100000,422,0.00422,870,0.0087
-14,-8,3,100000,496,0.00496,1044,0.01044
-14,-8,4,100000,408,0.00408,863,0.00863
-14,-8,5,100000,296,0.00296,688,0.00688
-14,-7,0,100000,271,0.00271,534,0.00534
-14,-7,1,100000,311,0.00311,714,0.00714
-14,-7,2,100000,462,0.00462,918,0.00918
-14,-7,3,100000,461,0.00461,1021,0.01021
-14,-7,4,100000,439,0.00439,970,0.0097
-14,-7,5,100000,300,0.003,644,0.00644
-14,-6,0,100000,263,0.00263,532,0.00532
-14,-6,1,100000,309,0.00309,646,0.00646
-14,-6,2,100000,414,0.00414,896,0.00896
-14,-6,3,100000,485,0.00485,1032,0.01032
-14,-6,4,100000,461,0.00461,937,0.00937
-14,-6,5,100000,383,0.00383,726,0.00726
-14,-5,0,100000,282,0.00282,540,0.0054
-14,-5,1,100000,366,0.00366,713,0.00713
-14,-5,2,100000,511,0.00511,1045,0.01045
-14,-5,3,100000,507,0.00507,993,0.00993
-14,-5,4,100000,458,0.00458,970,0.0097
-14,-5,5,100000,337,0.00337,679,0.00679
-14,-4,0,100000,286,0.00286,540,0.0054
-14,-4,1,100000,356,0.00356,733,0.00733
-14,-4,2,100000,444,0.00444,950,0.0095
-14,-4,3,100000,484,0.00484,1036,0.01036
-14,-4,4,100000,471,0.00471,938,0.00938
-14,-4,5,100000,372,0.00372,687,0.00687
-14,-3,0,100000,279,0.00279,569,0.00569
-14,-3,1,100000,338,0.00338,710,0.0071
-14,-3,2,100000,492,0.00492,921,0.00921
-14,-3,3,100000,481,0.00481,1022,0.01022
-14,-3,4,100000,476,0.00476,932,0.00932
-14,-3,5,100000,348,0.00348,688,0.00688
-14,-2,0,100000,259,0.00259,555,0.00555
-14,-2,1,100000,367,0.00367,696,0.00696
-14,-2,2,100000,409,0.00409,905,0.00905
-14,-2,3,100000,473,0.00473,993,0.00993
-14,-2,4,100000,432,0.00432,920,0.0092
-14,-2,5,100000,302,0.00302,695,0.00695
-14,-1,0,100000,293,0.00293,526,0.00526
-14,-1,1,100000,320,0.0032,641,0.00641
-14,-1,2,100000,463,0.00463,911,0.00911
-14,-1,3,100000,467,0.00467,991,0.00991
-14,-1,4,100000,441,0.00441,896,0.00896
-14,-1,5,100000,330,0.0033,619,0.00619
-14,0,0,100000,247,0.00247,531,0.00531
-14,0,1,100000,321,0.00321,697,0.00697
-14,0,2,100000,419,0.00419,864,0.00864
-14,0,3,100000,460,0.0046,1025,0.01025
-14,0,4,100000,431,0.00431,895,0.00895
-14,0,5,100000,358,0.00358,682,0.00682
-14,1,0,100000,284,0.00284,547,0.00547
-14,1,1,100000,362,0.00362,701,0.00701
-14,1,2,100000,450,0.0045,928,0.00928
-14,1,3,100000,552,0.00552,1049,0.01049
-14,1,4,100000,405,0.00405,892,0.00892
-14,1,5,100000,344,0.00344,669,0.00669
-14,2,0,100000,299,0.00299,566,0.00566
-14,2,1,100000,399,0.00399,688,0.00688
-14,2,2,100000,446,0.00446,927,0.00927
-14,2,3,100000,486,0.00486,994,0.00994
-14,2,4,100000,449,0.00449,934,0.00934
-14,2,5,100000,342,0.00342,697,0.00697
-14,3,0,100000,284,0.00284,563,0.00563
-14,3,1,100000,334,0.00334,706,0.00706
-14,3,2,100000,449,0.00449,914,0.00914
-14,3,3,100000,469,0.00469,1010,0.0101
-14,3,4,100000,424,0.00424,919,0.00919
-14,3,5,100000,324,0.00324,697,0.00697
-14,4,0,100000,259,0.00259,541,0.00541
-14,4,1,100000,372,0.00372,699,0.00699
-14,4,2,100000,463,0.00463,963,0.00963
-14,4,3,100000,534,0.00534,1091,0.01091
-14,4,4,100000,485,0.00485,957,0.00957
-14,4,5,100000,386,0.00386,733,0.00733
-14,5,0,100000,260,0.0026,528,0.00528
-14,5,1,100000,355,0.00355,704,0.00704
-14,5,2,100000,500,0.005,932,0.00932
-14,5,3,100000,490,0.0049,1034,0.01034
-14,5,4,100000,434,0.00434,917,0.00917
-14,5,5,100000,302,0.00302,604,0.00604
-14,6,0,100000,319,0.00319,587,0.00587
-14,6,1,100000,337,0.00337,702,0.00702
-14,6,2,100000,438,0.00438,899,0.00899
-14,6,3,100000,473,0.00473,1011,0.01011
-14,6,4,100000,461,0.00461,964,0.00964
-14,6,5,100000,326,0.00326,703,0.00703
-14,7,0,100000,287,0.00287,587,0.00587
-14,7,1,100000,312,0.00312,693,0.00693
-14,7,2,100000,408,0.00408,873,0.00873
-14,7,3,100000,465,0.00465,1051,0.01051
-14,7,4,100000,531,0.00531,971,0.00971
-14,7,5,100000,323,0.00323,667,0.00667
-14,8,0,100000,256,0.00256,571,0.00571
-14,8,1,100000,329,0.00329,643,0.00643
-14,8,2,100000,466,0.00466,921,0.00921
-14,8,3,100000,480,0.0048,1024,0.01024
-14,8,4,100000,394,0.00394,901,0.00901
-14,8,5,100000,344,0.00344,709,0.00709
-14,9,0,100000,288,0.00288,568,0.00568
-14,9,1,100000,326,0.00326,674,0.00674
-14,9,2,100000,451,0.00451,889,0.00889
-14,9,3,100000,436,0.00436,1020,0.0102
-14,9,4,100000,441,0.00441,926,0.00926
-14,9,5,100000,280,0.0028,645,0.00645
-14,10,0,100000,236,0.00236,545,0.00545
-14,10,1,100000,291,0.00291,677,0.00677
-14,10,2,100000,436,0.00436,924,0.00924
-14,10,3,100000,456,0.00456,1023,0.01023
-14,10,4,100000,457,0.00457,960,0.0096
-14,10,5,100000,322,0.00322,668,0.00668
-14,11,0,100000,273,0.00273,544,0.00544
-14,11,1,100000,305,0.00305,674,0.00674
-14,11,2,100000,463,0.00463,946,0.00946
-14,11,3,100000,458,0.00458,1034,0.01034
-14,11,4,100000,402,0.00402,903,0.00903
-14,11,5,100000,341,0.00341,710,0.0071
-14,12,0,100000,253,0.00253,519,0.00519
-14,12,1,100000,349,0.00349,725,0.00725
-14,12,2,100000,452,0.00452,951,0.00951
-14,12,3,100000,487,0.00487,1021,0.01021
-14,12,4,100000,427,0.00427,912,0.00912
-14,12,5,100000,357,0.00357,716,0.00716
-14,13,0,100000,258,0.00258,526,0.00526
-14,13,1,100000,337,0.00337,695,0.00695
-14,13,2,100000,463,0.00463,973,0.00973
-14,13,3,100000,496,0.00496,1000,0.01
-14,13,4,100000,464,0.00464,940,0.0094
-14,13,5,100000,344,0.00344,679,0.00679
-14,14,0,100000,283,0.00283,565,0.00565
-14,14,1,100000,361,0.00361,672,0.00672
-14,14,2,100000,437,0.00437,920,0.0092
-14,14,3,100000,561,0.00561,1063,0.01063
-14,14,4,100000,423,0.00423,895,0.00895
-14,14,5,100000,335,0.00335,684,0.00684
-14,15,0,100000,226,0.00226,472,0.00472
-14,15,1,100000,343,0.00343,682,0.00682
-14,15,2,100000,416,0.00416,907,0.00907
-14,15,3,100000,509,0.00509,995,0.00995
-14,15,4,100000,414,0.00414,921,0.00921
-14,15,5,100000,324,0.00324,718,0.00718
-14,16,0,100000,254,0.00254,528,0.00528
-14,16,1,100000,313,0.00313,711,0.00711
-14,16,2,100000,487,0.00487,1008,0.01008
-14,16,3,100000,464,0.00464,994,0.00994
-14,16,4,100000,444,0.00444,937,0.00937
-14,16,5,100000,310,0.0031,658,0.00658
-14,17,0,100000,290,0.0029,558,0.00558
-14,17,1,100000,343,0.00343,704,0.00704
-14,17,2,100000,475,0.00475,892,0.00892
-14,17,3,100000,438,0.00438,960,0.0096
-14,17,4,100000,405,0.00405,925,0.00925
-14,17,5,100000,326,0.00326,721,0.00721
-14,18,0,100000,297,0.00297,556,0.00556
-14,18,1,100000,334,0.00334,705,0.00705
-14,18,2,100000,452,0.00452,942,0.00942
-14,18,3,100000,491,0.00491,982,0.00982
-14,18,4,100000,433,0.00433,866,0.00866
-14,18,5,100000,298,0.00298,678,0.00678
-14,19,0,100000,289,0.00289,545,0.00545
-14,19,1,100000,354,0.00354,681,0.00681
-14,19,2,100000,422,0.00422,895,0.00895
-14,19,3,100000,467,0.00467,1021,0.01021
-14,19,4,100000,409,0.00409,915,0.00915
-14,19,5,100000,357,0.00357,689,0.00689
-14,20,0,100000,249,0.00249,557,0.00557
-14,20,1,100000,321,0.00321,700,0.007
-14,20,2,100000,443,0.00443,954,0.00954
-14,20,3,100000,510,0.0051,1026,0.01026
-14,20,4,100000,454,0.00454,939,0.00939
-14,20,5,100000,308,0.00308,682,0.00682
-14,21,0,100000,326,0.00326,541,0.00541
-14,21,1,100000,400,0.004,721,0.00721
-14,21,2,100000,426,0.00426,884,0.00884
-14,21,3,100000,456,0.00456,1008,0.01008
-14,21,4,100000,437,0.00437,974,0.00974
-14,21,5,100000,335,0.00335,704,0.00704
-14,22,0,100000,292,0.00292,540,0.0054
-14,22,1,100000,348,0.00348,694,0.00694
-14,22,2,100000,455,0.00455,908,0.00908
-14,22,3,100000,463,0.00463,980,0.0098
-14,22,4,100000,430,0.0043,898,0.00898
-14,22,5,100000,311,0.00311,688,0.00688
-14,23,0,100000,298,0.00298,547,0.00547
-14,23,1,100000,299,0.00299,682,0.00682
-14,23,2,100000,438,0.00438,915,0.00915
-14,23,3,100000,468,0.00468,981,0.00981
-14,23,4,100000,467,0.00467,919,0.00919
-14,23,5,100000,372,0.00372,738,0.00738
-14,24,0,100000,268,0.00268,566,0.00566
-14,24,1,100000,301,0.00301,706,0.00706
-14,24,2,100000,422,0.00422,933,0.00933
-14,24,3,100000,487,0.00487,996,0.00996
-14,24,4,100000,438,0.00438,939,0.00939
-14,24,5,100000,305,0.00305,665,0.00665
-14,25,0,100000,291,0.00291,556,0.00556
-14,25,1,100000,343,0.00343,708,0.00708
-14,25,2,100000,436,0.00436,876,0.00876
-14,25,3,100000,493,0.00493,1013,0.01013
-14,25,4,100000,466,0.00466,934,0.00934
-14,25,5,100000,326,0.00326,653,0.00653
-14,26,0,100000,235,0.00235,492,0.00492
-14,26,1,100000,314,0.00314,662,0.00662
-14,26,2,100000,400,0.004,894,0.00894
-14,26,3,100000,426,0.00426,999,0.00999
-14,26,4,100000,396,0.00396,879,0.00879
-14,26,5,100000,330,0.0033,745,0.00745
-14,27,0,100000,282,0.00282,541,0.00541
-14,27,1,100000,334,0.00334,713,0.00713
-14,27,2,100000,451,0.00451,917,0.00917
-14,27,3,100000,476,0.00476,985,0.00985
-14,27,4,100000,455,0.00455,902,0.00902
-14,27,5,100000,385,0.00385,642,0.00642
-14,28,0,100000,292,0.00292,538,0.00538
-14,28,1,100000,334,0.00334,652,0.00652
-14,28,2,100000,442,0.00442,902,0.00902
-14,28,3,100000,478,0.00478,1003,0.01003
-14,28,4,100000,448,0.00448,903,0.00903
-14,28,5,100000,343,0.00343,691,0.00691
-14,29,0,100000,330,0.0033,586,0.00586
-14,29,1,100000,301,0.00301,653,0.00653
-14,29,2,100000,462,0.00462,911,0.00911
-14,29,3,100000,480,0.0048,1007,0.01007
-14,29,4,100000,447,0.00447,938,0.00938
-14,29,5,100000,312,0.00312,670,0.0067
-14,30,0,100000,298,0.00298,567,0.00567
-14,30,1,100000,343,0.00343,694,0.00694
-14,30,2,100000,425,0.00425,924,0.00924
-14,30,3,100000,438,0.00438,972,0.00972
-14,30,4,100000,453,0.00453,954,0.00954
-14,30,5,100000,380,0.0038,701,0.00701
-14,31,0,100000,299,0.00299,527,0.00527
-14,31,1,100000,360,0.0036,725,0.00725
-14,31,2,100000,431,0.00431,855,0.00855
-14,31,3,100000,478,0.00478,985,0.00985
-14,31,4,100000,443,0.00443,931,0.00931
-14,31,5,100000,381,0.00381,720,0.0072
-14,32,0,100000,292,0.00292,556,0.00556
-14,32,1,100000,306,0.00306,696,0.00696
-14,32,2,100000,409,0.00409,917,0.00917
-14,32,3,100000,470,0.0047,1005,0.01005
-14,32,4,100000,461,0.00461,894,0.00894
-14,32,5,100000,324,0.00324,691,0.00691
-14,33,0,100000,261,0.00261,543,0.00543
-14,33,1,100000,365,0.00365,655,0.00655
-14,33,2,100000,454,0.00454,975,0.00975
-14,33,3,100000,508,0.00508,1056,0.01056
-14,33,4,100000,439,0.00439,917,0.00917
-14,33,5,100000,344,0.00344,674,0.00674
-14,34,0,100000,258,0.00258,523,0.00523
-14,34,1,100000,314,0.00314,670,0.0067
-14,34,2,100000,447,0.00447,909,0.00909
-14,34,3,100000,434,0.00434,1038,0.01038
-14,34,4,100000,427,0.00427,904,0.00904
-14,34,5,100000,321,0.00321,653,0.00653
-14,35,0,100000,261,0.00261,537,0.00537
-14,35,1,100000,304,0.00304,677,0.00677
-14,35,2,100000,463,0.00463,921,0.00921
-14,35,3,100000,461,0.00461,951,0.00951
-14,35,4,100000,474,0.00474,941,0.00941
-14,35,5,100000,329,0.00329,678,0.00678
-14,36,0,100000,273,0.00273,544,0.00544
-14,36,1,100000,331,0.00331,675,0.00675
-14,36,2,100000,410,0.0041,889,0.00889
-14,36,3,100000,497,0.00497,1037,0.01037
-14,36,4,100000,442,0.00442,976,0.00976
-14,36,5,100000,332,0.00332,683,0.00683
-14,37,0,100000,244,0.00244,508,0.00508
-14,37,1,100000,333,0.00333,704,0.00704
-14,37,2,100000,421,0.00421,889,0.00889
-14,37,3,100000,463,0.00463,972,0.00972
-14,37,4,100000,453,0.00453,916,0.00916
-14,37,5,100000,307,0.00307,654,0.00654
-14,38,0,100000,290,0.0029,561,0.00561
-14,38,1,100000,323,0.00323,701,0.00701
-14,38,2,100000,455,0.00455,920,0.0092
-14,38,3,100000,403,0.00403,912,0.00912
-14,38,4,100000,485,0.00485,942,0.00942
-14,38,5,100000,335,0.00335,645,0.00645
-14,39,0,100000,225,0.00225,401,0.00401
-14,39,1,100000,317,0.00317,629,0.00629
-14,39,2,100000,348,0.00348,690,0.0069
-14,39,3,100000,357,0.00357,731,0.00731
-14,39,4,100000,353,0.00353,686,0.00686
-14,39,5,100000,268,0.00268,537,0.00537
-14,40,0,100000,153,0.00153,268,0.00268
-14,40,1,100000,208,0.00208,444,0.00444
-14,40,2,100000,215,0.00215,480,0.0048
-14,40,3,100000,215,0.00215,476,0.00476
-14,40,4,100000,264,0.00264,521,0.00521
-14,40,5,100000,169,0.00169,401,0.00401
-14,41,0,100000,94,0.00094,205,0.00205
-14,41,1,100000,127,0.00127,272,0.00272
-14,41,2,100000,129,0.00129,318,0.00318
-14,41,3,100000,184,0.00184,323,0.00323
-14,41,4,100000,142,0.00142,259,0.00259
-14,41,5,100000,121,0.00121,231,0.00231
-14,42,0,100000,60,0.0006,144,0.00144
-14,42,1,100000,60,0.0006,164,0.00164
-14,42,2,100000,65,0.00065,170,0.0017
-14,42,3,100000,71,0.00071,150,0.0015
-14,42,4,100000,65,0.00065,119,0.00119
-14,42,5,100000,35,0.00035,82,0.00082
-14,43,0,100000,36,0.00036,90,0.0009
-14,43,1,100000,61,0.00061,101,0.00101
-14,43,2,100000,44,0.00044,88,0.00088
-14,43,3,100000,31,0.00031,91,0.00091
-14,43,4,100000,39,0.00039,83,0.00083
-14,43,5,100000,39,0.00039,81,0.00081
-14,44,0,100000,36,0.00036,77,0.00077
-14,44,1,100000,27,0.00027,78,0.00078
-14,44,2,100000,20,0.0002,74,0.00074
-14,44,3,100000,27,0.00027,90,0.0009
-14,44,4,100000,46,0.00046,104,0.00104
-14,44,5,100000,30,0.0003,65,0.00065
-14,45,0,100000,20,0.0002,74,0.00074
-14,45,1,100000,29,0.00029,75,0.00075
-14,45,2,100000,42,0.00042,80,0.0008
-14,45,3,100000,23,0.00023,82,0.00082
-14,45,4,100000,33,0.00033,74,0.00074
-14,45,5,100000,24,0.00024,55,0.00055
-14,46,0,100000,42,0.00042,104,0.00104
-14,46,1,100000,26,0.00026,79,0.00079
-14,46,2,100000,39,0.00039,83,0.00083
-14,46,3,100000,35,0.00035,83,0.00083
-14,46,4,100000,17,0.00017,56,0.00056
-14,46,5,100000,23,0.00023,79,0.00079
-14,47,0,100000,29,0.00029,82,0.00082
-14,47,1,100000,30,0.0003,61,0.00061
-14,47,2,100000,30,0.0003,66,0.00066
-14,47,3,100000,42,0.00042,92,0.00092
-14,47,4,100000,34,0.00034,82,0.00082
-14,47,5,100000,28,0.00028,77,0.00077
-14,48,0,100000,25,0.00025,85,0.00085
-14,48,1,100000,42,0.00042,87,0.00087
-14,48,2,100000,28,0.00028,83,0.00083
-14,48,3,100000,33,0.00033,79,0.00079
-14,48,4,100000,40,0.0004,83,0.00083
-14,48,5,100000,46,0.00046,78,0.00078
-14,49,0,100000,28,0.00028,83,0.00083
-14,49,1,100000,36,0.00036,74,0.00074
-14,49,2,100000,42,0.00042,83,0.00083
-14,49,3,100000,20,0.0002,76,0.00076
-14,49,4,100000,28,0.00028,69,0.00069
-14,49,5,100000,26,0.00026,90,0.0009
-14,50,0,100000,34,0.00034,75,0.00075
-14,50,1,100000,19,0.00019,67,0.00067
-14,50,2,100000,31,0.00031,85,0.00085
-14,50,3,100000,38,0.00038,80,0.0008
-14,50,4,100000,38,0.00038,62,0.00062
-14,50,5,100000,47,0.00047,78,0.00078
-13,-50,0,100000,31,0.00031,65,0.00065
-13,-50,1,100000,27,0.00027,60,0.0006
-13,-50,2,100000,27,0.00027,71,0.00071
-13,-50,3,100000,36,0.00036,86,0.00086
-13,-50,4,100000,31,0.00031,76,0.00076
-13,-50,5,100000,43,0.00043,81,0.00081
-13,-49,0,100000,32,0.00032,85,0.00085
-13,-49,1,100000,35,0.00035,85,0.00085
-13,-49,2,100000,27,0.00027,68,0.00068
-13,-49,3,100000,29,0.00029,96,0.00096
-13,-49,4,100000,26,0.00026,79,0.00079
-13,-49,5,100000,41,0.00041,91,0.00091
-13,-48,0,100000,34,0.00034,86,0.00086
-13,-48,1,100000,33,0.00033,78,0.00078
-13,-48,2,100000,29,0.00029,78,0.00078
-13,-48,3,100000,34,0.00034,86,0.00086
-13,-48,4,100000,30,0.0003,69,0.00069
-13,-48,5,100000,17,0.00017,62,0.00062
-13,-47,0,100000,35,0.00035,84,0.00084
-13,-47,1,100000,36,0.00036,70,0.0007
-13,-47,2,100000,38,0.00038,83,0.00083
-13,-47,3,100000,36,0.00036,82,0.00082
-13,-47,4,100000,43,0.00043,72,0.00072
-13,-47,5,100000,45,0.00045,85,0.00085
-13,-46,0,100000,37,0.00037,75,0.00075
-13,-46,1,100000,32,0.00032,77,0.00077
-13,-46,2,100000,48,0.00048,99,0.00099
-13,-46,3,100000,40,0.0004,83,0.00083
-13,-46,4,100000,16,0.00016,66,0.00066
-13,-46,5,100000,37,0.00037,83,0.00083
-13,-45,0,100000,45,0.00045,95,0.00095
-13,-45,1,100000,32,0.00032,58,0.00058
-13,-45,2,100000,16,0.00016,78,0.00078
-13,-45,3,100000,43,0.00043,79,0.00079
-13,-45,4,100000,36,0.00036,81,0.00081
-13,-45,5,100000,37,0.00037,92,0.00092
-13,-44,0,100000,29,0.00029,75,0.00075
-13,-44,1,100000,29,0.00029,82,0.00082
-13,-44,2,100000,29,0.00029,74,0.00074
-13,-44,3,100000,23,0.00023,75,0.00075
-13,-44,4,100000,31,0.00031,75,0.00075
-13,-44,5,100000,25,0.00025,75,0.00075
-13,-43,0,100000,42,0.00042,92,0.00092
-13,-43,1,100000,31,0.00031,74,0.00074
-13,-43,2,100000,32,0.00032,78,0.00078
-13,-43,3,100000,43,0.00043,91,0.00091
-13,-43,4,100000,31,0.00031,82,0.00082
-13,-43,5,100000,38,0.00038,79,0.00079
-13,-42,0,100000,52,0.00052,101,0.00101
-13,-42,1,100000,52,0.00052,90,0.0009
-13,-42,2,100000,40,0.0004,90,0.0009
-13,-42,3,100000,36,0.00036,111,0.00111
-13,-42,4,100000,69,0.00069,159,0.00159
-13,-42,5,100000,72,0.00072,153,0.00153
-13,-41,0,100000,105,0.00105,219,0.00219
-13,-41,1,100000,107,0.00107,223,0.00223
-13,-41,2,100000,131,0.00131,262,0.00262
-13,-41,3,100000,164,0.00164,293,0.00293
-13,-41,4,100000,137,0.00137,292,0.00292
-13,-41,5,100000,149,0.00149,305,0.00305
-13,-40,0,100000,139,0.00139,318,0.00318
-13,-40,1,100000,243,0.00243,460,0.0046
-13,-40,2,100000,294,0.00294,601,0.00601
-13,-40,3,100000,235,0.00235,519,0.00519
-13,-40,4,100000,285,0.00285,558,0.00558
-13,-40,5,100000,234,0.00234,495,0.00495
-13,-39,0,100000,246,0.00246,477,0.00477
-13,-39,1,100000,370,0.0037,653,0.00653
-13,-39,2,100000,392,0.00392,829,0.00829
-13,-39,3,100000,375,0.00375,833,0.00833
-13,-39,4,100000,396,0.00396,780,0.0078
-13,-39,5,100000,416,0.00416,746,0.00746
-13,-38,0,100000,309,0.00309,588,0.00588
-13,-38,1,100000,386,0.00386,761,0.00761
-13,-38,2,100000,464,0.00464,999,0.00999
-13,-38,3,100000,521,0.00521,1120,0.0112
-13,-38,4,100000,444,0.00444,937,0.00937
-13,-38,5,100000,375,0.00375,779,0.00779
-13,-37,0,100000,301,0.00301,569,0.00569
-13,-37,1,100000,384,0.00384,785,0.00785
-13,-37,2,100000,514,0.00514,1069,0.01069
-13,-37,3,100000,460,0.0046,1069,0.01069
-13,-37,4,100000,490,0.0049,1032,0.01032
-13,-37,5,100000,351,0.00351,720,0.0072
-13,-36,0,100000,303,0.00303,589,0.00589
-13,-36,1,100000,382,0.00382,729,0.00729
-13,-36,2,100000,500,0.005,1027,0.01027
-13,-36,3,100000,557,0.00557,1132,0.01132
-13,-36,4,100000,507,0.00507,1074,0.01074
-13,-36,5,100000,404,0.00404,799,0.00799
-13,-35,0,100000,295,0.00295,619,0.00619
-13,-35,1,100000,376,0.00376,806,0.00806
-13,-35,2,100000,494,0.00494,1062,0.01062
-13,-35,3,100000,518,0.00518,1091,0.01091
-13,-35,4,100000,513,0.00513,1043,0.01043
-13,-35,5,100000,412,0.00412,794,0.00794
-13,-34,0,100000,330,0.0033,634,0.00634
-13,-34,1,100000,413,0.00413,818,0.00818
-13,-34,2,100000,524,0.00524,1062,0.01062
-13,-34,3,100000,571,0.00571,1093,0.01093
-13,-34,4,100000,487,0.00487,1039,0.01039
-13,-34,5,100000,358,0.00358,759,0.00759
-13,-33,0,100000,307,0.00307,649,0.00649
-13,-33,1,100000,370,0.0037,785,0.00785
-13,-33,2,100000,471,0.00471,1010,0.0101
-13,-33,3,100000,520,0.0052,1068,0.01068
-13,-33,4,100000,486,0.00486,1062,0.01062
-13,-33,5,100000,418,0.00418,813,0.00813
-13,-32,0,100000,327,0.00327,606,0.00606
-13,-32,1,100000,406,0.00406,750,0.0075
-13,-32,2,100000,506,0.00506,1051,0.01051
-13,-32,3,100000,573,0.00573,1146,0.01146
-13,-32,4,100000,506,0.00506,1062,0.01062
-13,-32,5,100000,410,0.0041,754,0.00754
-13,-31,0,100000,329,0.00329,647,0.00647
-13,-31,1,100000,417,0.00417,776,0.00776
-13,-31,2,100000,481,0.00481,1048,0.01048
-13,-31,3,100000,511,0.00511,1139,0.01139
-13,-31,4,100000,491,0.00491,1047,0.01047
-13,-31,5,100000,405,0.00405,791,0.00791
-13,-30,0,100000,320,0.0032,583,0.00583
-13,-30,1,100000,381,0.00381,738,0.00738
-13,-30,2,100000,518,0.00518,1039,0.01039
-13,-30,3,100000,567,0.00567,1149,0.01149
-13,-30,4,100000,473,0.00473,1024,0.01024
-13,-30,5,100000,382,0.00382,772,0.00772
-13,-29,0,100000,332,0.00332,638,0.00638
-13,-29,1,100000,372,0.00372,745,0.00745
-13,-29,2,100000,455,0.00455,980,0.0098
-13,-29,3,100000,586,0.00586,1107,0.01107
-13,-29,4,100000,508,0.00508,1059,0.01059
-13,-29,5,100000,407,0.00407,799,0.00799
-13,-28,0,100000,332,0.00332,627,0.00627
-13,-28,1,100000,418,0.00418,792,0.00792
-13,-28,2,100000,560,0.0056,1079,0.01079
-13,-28,3,100000,513,0.00513,1099,0.01099
-13,-28,4,100000,522,0.00522,1086,0.01086
-13,-28,5,100000,412,0.00412,795,0.00795
-13,-27,0,100000,315,0.00315,590,0.0059
-13,-27,1,100000,382,0.00382,796,0.00796
-13,-27,2,100000,474,0.00474,1032,0.01032
-13,-27,3,100000,575,0.00575,1185,0.01185
-13,-27,4,100000,517,0.00517,1062,0.01062
-13,-27,5,100000,435,0.00435,814,0.00814
-13,-26,0,100000,303,0.00303,568,0.00568
-13,-26,1,100000,387,0.00387,777,0.00777
-13,-26,2,100000,485,0.00485,1002,0.01002
-13,-26,3,100000,511,0.00511,1095,0.01095
-13,-26,4,100000,544,0.00544,1063,0.01063
-13,-26,5,100000,392,0.00392,784,0.00784
-13,-25,0,100000,315,0.00315,602,0.00602
-13,-25,1,100000,356,0.00356,762,0.00762
-13,-25,2,100000,465,0.00465,988,0.00988
-13,-25,3,100000,539,0.00539,1131,0.01131
-13,-25,4,100000,455,0.00455,965,0.00965
-13,-25,5,100000,390,0.0039,773,0.00773
-13,-24,0,100000,315,0.00315,622,0.00622
-13,-24,1,100000,370,0.0037,722,0.00722
-13,-24,2,100000,485,0.00485,1038,0.01038
-13,-24,3,100000,620,0.0062,1170,0.0117
-13,-24,4,100000,488,0.00488,1044,0.01044
-13,-24,5,100000,401,0.00401,774,0.00774
-13,-23,0,100000,340,0.0034,625,0.00625
-13,-23,1,100000,385,0.00385,742,0.00742
-13,-23,2,100000,505,0.00505,1078,0.01078
-13,-23,3,100000,552,0.00552,1150,0.0115
-13,-23,4,100000,498,0.00498,1009,0.01009
-13,-23,5,100000,401,0.00401,776,0.00776
-13,-22,0,100000,276,0.00276,551,0.00551
-13,-22,1,100000,425,0.00425,854,0.00854
-13,-22,2,100000,451,0.00451,1031,0.01031
-13,-22,3,100000,540,0.0054,1101,0.01101
-13,-22,4,100000,458,0.00458,959,0.00959
-13,-22,5,100000,430,0.0043,794,0.00794
-13,-21,0,100000,329,0.00329,645,0.00645
-13,-21,1,100000,393,0.00393,815,0.00815
-13,-21,2,100000,483,0.00483,995,0.00995
-13,-21,3,100000,571,0.00571,1164,0.01164
-13,-21,4,100000,509,0.00509,1079,0.01079
-13,-21,5,100000,428,0.00428,749,0.00749
-13,-20,0,100000,262,0.00262,567,0.00567
-13,-20,1,100000,380,0.0038,786,0.00786
-13,-20,2,100000,498,0.00498,1055,0.01055
-13,-20,3,100000,535,0.00535,1103,0.01103
-13,-20,4,100000,479,0.00479,1002,0.01002
-13,-20,5,100000,327,0.00327,759,0.00759
-13,-19,0,100000,308,0.00308,589,0.00589
-13,-19,1,100000,356,0.00356,747,0.00747
-13,-19,2,100000,541,0.00541,1012,0.01012
-13,-19,3,100000,591,0.00591,1134,0.01134
-13,-19,4,100000,486,0.00486,1099,0.01099
-13,-19,5,100000,385,0.00385,787,0.00787
-13,-18,0,100000,320,0.0032,584,0.00584
-13,-18,1,100000,401,0.00401,739,0.00739
-13,-18,2,100000,454,0.00454,1035,0.01035
-13,-18,3,100000,561,0.00561,1149,0.01149
-13,-18,4,100000,515,0.00515,1084,0.01084
-13,-18,5,100000,366,0.00366,717,0.00717
-13,-17,0,100000,343,0.00343,599,0.00599
-13,-17,1,100000,404,0.00404,783,0.00783
-13,-17,2,100000,510,0.0051,1009,0.01009
-13,-17,3,100000,538,0.00538,1131,0.01131
-13,-17,4,100000,507,0.00507,1042,0.01042
-13,-17,5,100000,433,0.00433,750,0.0075
-13,-16,0,100000,298,0.00298,585,0.00585
-13,-16,1,100000,410,0.0041,792,0.00792
-13,-16,2,100000,503,0.00503,1046,0.01046
-13,-16,3,100000,560,0.0056,1141,0.01141
-13,-16,4,100000,522,0.00522,1031,0.01031
-13,-16,5,100000,398,0.00398,751,0.00751
-13,-15,0,100000,327,0.00327,607,0.00607
-13,-15,1,100000,412,0.00412,792,0.00792
-13,-15,2,100000,512,0.00512,1032,0.01032
-13,-15,3,100000,515,0.00515,1108,0.01108
-13,-15,4,100000,491,0.00491,1038,0.01038
-13,-15,5,100000,368,0.00368,794,0.00794
-13,-14,0,100000,316,0.00316,590,0.0059
-13,-14,1,100000,350,0.0035,742,0.00742
-13,-14,2,100000,469,0.00469,983,0.00983
-13,-14,3,100000,560,0.0056,1171,0.01171
-13,-14,4,100000,494,0.00494,988,0.00988
-13,-14,5,100000,365,0.00365,726,0.00726
-13,-13,0,100000,368,0.00368,631,0.00631
-13,-13,1,100000,379,0.00379,757,0.00757
-13,-13,2,100000,500,0.005,1068,0.01068
-13,-13,3,100000,534,0.00534,1176,0.01176
-13,-13,4,100000,492,0.00492,1042,0.01042
-13,-13,5,100000,363,0.00363,766,0.00766
-13,-12,0,100000,313,0.00313,603,0.00603
-13,-12,1,100000,401,0.00401,787,0.00787
-13,-12,2,100000,471,0.00471,987,0.00987
-13,-12,3,100000,526,0.00526,1081,0.01081
-13,-12,4,100000,476,0.00476,997,0.00997
-13,-12,5,100000,346,0.00346,755,0.00755
-13,-11,0,100000,323,0.00323,609,0.00609
-13,-11,1,100000,421,0.00421,823,0.00823
-13,-11,2,100000,489,0.00489,1061,0.01061
-13,-11,3,100000,541,0.00541,1149,0.01149
-13,-11,4,100000,503,0.00503,1053,0.01053
-13,-11,5,100000,408,0.00408,771,0.00771
-13,-10,0,100000,275,0.00275,566,0.00566
-13,-10,1,100000,336,0.00336,742,0.00742
-13,-10,2,100000,549,0.00549,1073,0.01073
-13,-10,3,100000,524,0.00524,1133,0.01133
-13,-10,4,100000,499,0.00499,1044,0.01044
-13,-10,5,100000,340,0.0034,728,0.00728
-13,-9,0,100000,367,0.00367,611,0.00611
-13,-9,1,100000,365,0.00365,715,0.00715
-13,-9,2,100000,476,0.00476,978,0.00978
-13,-9,3,100000,507,0.00507,1114,0.01114
-13,-9,4,100000,474,0.00474,937,0.00937
-13,-9,5,100000,375,0.00375,754,0.00754
-13,-8,0,100000,302,0.00302,615,0.00615
-13,-8,1,100000,379,0.00379,775,0.00775
-13,-8,2,100000,499,0.00499,1009,0.01009
-13,-8,3,100000,553,0.00553,1189,0.01189
-13,-8,4,100000,530,0.0053,1006,0.01006
-13,-8,5,100000,389,0.00389,739,0.00739
-13,-7,0,100000,313,0.00313,615,0.00615
-13,-7,1,100000,389,0.00389,766,0.00766
-13,-7,2,100000,493,0.00493,1036,0.01036
-13,-7,3,100000,490,0.0049,1048,0.01048
-13,-7,4,100000,493,0.00493,1012,0.01012
-13,-7,5,100000,328,0.00328,711,0.00711
-13,-6,0,100000,322,0.00322,623,0.00623
-13,-6,1,100000,341,0.00341,747,0.00747
-13,-6,2,100000,508,0.00508,1073,0.01073
-13,-6,3,100000,552,0.00552,1126,0.01126
-13,-6,4,100000,463,0.00463,1012,0.01012
-13,-6,5,100000,384,0.00384,768,0.00768
-13,-5,0,100000,325,0.00325,631,0.00631
-13,-5,1,100000,368,0.00368,755,0.00755
-13,-5,2,100000,477,0.00477,1013,0.01013
-13,-5,3,100000,521,0.00521,1141,0.01141
-13,-5,4,100000,527,0.00527,1083,0.01083
-13,-5,5,100000,379,0.00379,774,0.00774
-13,-4,0,100000,287,0.00287,586,0.00586
-13,-4,1,100000,366,0.00366,794,0.00794
-13,-4,2,100000,517,0.00517,1063,0.01063
-13,-4,3,100000,544,0.00544,1133,0.01133
-13,-4,4,100000,544,0.00544,1084,0.01084
-13,-4,5,100000,364,0.00364,751,0.00751
-13,-3,0,100000,326,0.00326,641,0.00641
-13,-3,1,100000,401,0.00401,780,0.0078
-13,-3,2,100000,508,0.00508,1057,0.01057
-13,-3,3,100000,548,0.00548,1132,0.01132
-13,-3,4,100000,480,0.0048,978,0.00978
-13,-3,5,100000,385,0.00385,765,0.00765
-13,-2,0,100000,310,0.0031,607,0.00607
-13,-2,1,100000,377,0.00377,754,0.00754
-13,-2,2,100000,535,0.00535,1037,0.01037
-13,-2,3,100000,555,0.00555,1161,0.01161
-13,-2,4,100000,519,0.00519,1041,0.01041
-13,-2,5,100000,382,0.00382,746,0.00746
-13,-1,0,100000,260,0.0026,584,0.00584
-13,-1,1,100000,388,0.00388,768,0.00768
-13,-1,2,100000,527,0.00527,1063,0.01063
-13,-1,3,100000,524,0.00524,1092,0.01092
-13,-1,4,100000,521,0.00521,1032,0.01032
-13,-1,5,100000,407,0.00407,797,0.00797
-13,0,0,100000,310,0.0031,591,0.00591
-13,0,1,100000,371,0.00371,765,0.00765
-13,0,2,100000,476,0.00476,1050,0.0105
-13,0,3,100000,557,0.00557,1148,0.01148
-13,0,4,100000,467,0.00467,974,0.00974
-13,0,5,100000,387,0.00387,798,0.00798
-13,1,0,100000,328,0.00328,584,0.00584
-13,1,1,100000,394,0.00394,783,0.00783
-13,1,2,100000,481,0.00481,963,0.00963
-13,1,3,100000,556,0.00556,1148,0.01148
-13,1,4,100000,494,0.00494,1014,0.01014
-13,1,5,100000,387,0.00387,776,0.00776
-13,2,0,100000,297,0.00297,600,0.006
-13,2,1,100000,400,0.004,780,0.0078
-13,2,2,100000,465,0.00465,1053,0.01053
-13,2,3,100000,570,0.0057,1184,0.01184
-13,2,4,100000,480,0.0048,1009,0.01009
-13,2,5,100000,343,0.00343,740,0.0074
-13,3,0,100000,326,0.00326,595,0.00595
-13,3,1,100000,393,0.00393,819,0.00819
-13,3,2,100000,490,0.0049,1091,0.01091
-13,3,3,100000,604,0.00604,1110,0.0111
-13,3,4,100000,519,0.00519,1068,0.01068
-13,3,5,100000,356,0.00356,778,0.00778
-13,4,0,100000,308,0.00308,633,0.00633
-13,4,1,100000,380,0.0038,751,0.00751
-13,4,2,100000,490,0.0049,1015,0.01015
-13,4,3,100000,568,0.00568,1195,0.01195
-13,4,4,100000,541,0.00541,1091,0.01091
-13,4,5,100000,341,0.00341,766,0.00766
-13,5,0,100000,313,0.00313,603,0.00603
-13,5,1,100000,367,0.00367,765,0.00765
-13,5,2,100000,504,0.00504,1079,0.01079
-13,5,3,100000,540,0.0054,1098,0.01098
-13,5,4,100000,484,0.00484,994,0.00994
-13,5,5,100000,391,0.00391,750,0.0075
-13,6,0,100000,323,0.00323,597,0.00597
-13,6,1,100000,424,0.00424,827,0.00827
-13,6,2,100000,532,0.00532,1082,0.01082
-13,6,3,100000,579,0.00579,1149,0.01149
-13,6,4,100000,487,0.00487,1063,0.01063
-13,6,5,100000,372,0.00372,745,0.00745
-13,7,0,100000,282,0.00282,584,0.00584
-13,7,1,100000,376,0.00376,768,0.00768
-13,7,2,100000,485,0.00485,1031,0.01031
-13,7,3,100000,549,0.00549,1165,0.01165
-13,7,4,100000,481,0.00481,1056,0.01056
-13,7,5,100000,362,0.00362,762,0.00762
-13,8,0,100000,294,0.00294,575,0.00575
-13,8,1,100000,364,0.00364,732,0.00732
-13,8,2,100000,527,0.00527,1051,0.01051
-13,8,3,100000,602,0.00602,1157,0.01157
-13,8,4,100000,575,0.00575,1114,0.01114
-13,8,5,100000,371,0.00371,752,0.00752
-13,9,0,100000,293,0.00293,635,0.00635
-13,9,1,100000,362,0.00362,734,0.00734
-13,9,2,100000,487,0.00487,1016,0.01016
-13,9,3,100000,554,0.00554,1144,0.01144
-13,9,4,100000,506,0.00506,1126,0.01126
-13,9,5,100000,403,0.00403,819,0.00819
-13,10,0,100000,283,0.00283,588,0.00588
-13,10,1,100000,390,0.0039,768,0.00768
-13,10,2,100000,434,0.00434,983,0.00983
-13,10,3,100000,531,0.00531,1117,0.01117
-13,10,4,100000,531,0.00531,1076,0.01076
-13,10,5,100000,326,0.00326,706,0.00706
-13,11,0,100000,311,0.00311,623,0.00623
-13,11,1,100000,422,0.00422,796,0.00796
-13,11,2,100000,418,0.00418,973,0.00973
-13,11,3,100000,515,0.00515,1137,0.01137
-13,11,4,100000,436,0.00436,997,0.00997
-13,11,5,100000,425,0.00425,812,0.00812
-13,12,0,100000,282,0.00282,566,0.00566
-13,12,1,100000,366,0.00366,774,0.00774
-13,12,2,100000,468,0.00468,1044,0.01044
-13,12,3,100000,548,0.00548,1115,0.01115
-13,12,4,100000,475,0.00475,1026,0.01026
-13,12,5,100000,371,0.00371,775,0.00775
-13,13,0,100000,331,0.00331,601,0.00601
-13,13,1,100000,393,0.00393,786,0.00786
-13,13,2,100000,542,0.00542,1095,0.01095
-13,13,3,100000,540,0.0054,1136,0.01136
-13,13,4,100000,546,0.00546,1089,0.01089
-13,13,5,100000,366,0.00366,756,0.00756
-13,14,0,100000,275,0.00275,600,0.006
-13,14,1,100000,379,0.00379,773,0.00773
-13,14,2,100000,444,0.00444,1000,0.01
-13,14,3,100000,516,0.00516,1169,0.01169
-13,14,4,100000,496,0.00496,1048,0.01048
-13,14,5,100000,350,0.0035,699,0.00699
-13,15,0,100000,322,0.00322,622,0.00622
-13,15,1,100000,387,0.00387,765,0.00765
-13,15,2,100000,509,0.00509,1063,0.01063
-13,15,3,100000,502,0.00502,1102,0.01102
-13,15,4,100000,516,0.00516,1082,0.01082
-13,15,5,100000,419,0.00419,795,0.00795
-13,16,0,100000,337,0.00337,624,0.00624
-13,16,1,100000,391,0.00391,773,0.00773
-13,16,2,100000,475,0.00475,1016,0.01016
-13,16,3,100000,578,0.00578,1184,0.01184
-13,16,4,100000,496,0.00496,1057,0.01057
-13,16,5,100000,374,0.00374,741,0.00741
-13,17,0,100000,288,0.00288,550,0.0055
-13,17,1,100000,418,0.00418,777,0.00777
-13,17,2,100000,467,0.00467,1011,0.01011
-13,17,3,100000,561,0.00561,1164,0.01164
-13,17,4,100000,483,0.00483,1033,0.01033
-13,17,5,100000,402,0.00402,787,0.00787
-13,18,0,100000,320,0.0032,582,0.00582
-13,18,1,100000,434,0.00434,821,0.00821
-13,18,2,100000,514,0.00514,1048,0.01048
-13,18,3,100000,598,0.00598,1131,0.01131
-13,18,4,100000,480,0.0048,1017,0.01017
-13,18,5,100000,364,0.00364,767,0.00767
-13,19,0,100000,299,0.00299,596,0.00596
-13,19,1,100000,387,0.00387,813,0.00813
-13,19,2,100000,482,0.00482,1024,0.01024
-13,19,3,100000,479,0.00479,1127,0.01127
-13,19,4,100000,446,0.00446,967,0.00967
-13,19,5,100000,388,0.00388,775,0.00775
-13,20,0,100000,328,0.00328,634,0.00634
-13,20,1,100000,379,0.00379,756,0.00756
-13,20,2,100000,515,0.00515,1027,0.01027
-13,20,3,100000,507,0.00507,1111,0.01111
-13,20,4,100000,513,0.00513,1019,0.01019
-13,20,5,100000,373,0.00373,766,0.00766
-13,21,0,100000,299,0.00299,624,0.00624
-13,21,1,100000,390,0.0039,757,0.00757
-13,21,2,100000,532,0.00532,1033,0.01033
-13,21,3,100000,532,0.00532,1077,0.01077
-13,21,4,100000,458,0.00458,956,0.00956
-13,21,5,100000,435,0.00435,803,0.00803
-13,22,0,100000,330,0.0033,600,0.006
-13,22,1,100000,391,0.00391,806,0.00806
-13,22,2,100000,498,0.00498,1058,0.01058
-13,22,3,100000,565,0.00565,1101,0.01101
-13,22,4,100000,534,0.00534,1028,0.01028
-13,22,5,100000,368,0.00368,747,0.00747
-13,23,0,100000,323,0.00323,598,0.00598
-13,23,1,100000,409,0.00409,806,0.00806
-13,23,2,100000,468,0.00468,1051,0.01051
-13,23,3,100000,544,0.00544,1138,0.01138
-13,23,4,100000,550,0.0055,1069,0.01069
-13,23,5,100000,413,0.00413,805,0.00805
-13,24,0,100000,302,0.00302,570,0.0057
-13,24,1,100000,377,0.00377,774,0.00774
-13,24,2,100000,475,0.00475,1052,0.01052
-13,24,3,100000,533,0.00533,1139,0.01139
-13,24,4,100000,541,0.00541,1062,0.01062
-13,24,5,100000,394,0.00394,782,0.00782
-13,25,0,100000,378,0.00378,657,0.00657
-13,25,1,100000,356,0.00356,721,0.00721
-13,25,2,100000,511,0.00511,1050,0.0105
-13,25,3,100000,507,0.00507,1096,0.01096
-13,25,4,100000,518,0.00518,1077,0.01077
-13,25,5,100000,423,0.00423,792,0.00792
-13,26,0,100000,321,0.00321,593,0.00593
-13,26,1,100000,390,0.0039,781,0.00781
-13,26,2,100000,506,0.00506,1028,0.01028
-13,26,3,100000,603,0.00603,1167,0.01167
-13,26,4,100000,481,0.00481,1033,0.01033
-13,26,5,100000,451,0.00451,830,0.0083
-13,27,0,100000,336,0.00336,627,0.00627
-13,27,1,100000,411,0.00411,798,0.00798
-13,27,2,100000,505,0.00505,1002,0.01002
-13,27,3,100000,536,0.00536,1121,0.01121
-13,27,4,100000,455,0.00455,1033,0.01033
-13,27,5,100000,402,0.00402,788,0.00788
-13,28,0,100000,344,0.00344,665,0.00665
-13,28,1,100000,358,0.00358,794,0.00794
-13,28,2,100000,480,0.0048,1008,0.01008
-13,28,3,100000,539,0.00539,1173,0.01173
-13,28,4,100000,507,0.00507,1048,0.01048
-13,28,5,100000,403,0.00403,794,0.00794
-13,29,0,100000,313,0.00313,604,0.00604
-13,29,1,100000,371,0.00371,796,0.00796
-13,29,2,100000,467,0.00467,991,0.00991
-13,29,3,100000,573,0.00573,1122,0.01122
-13,29,4,100000,485,0.00485,999,0.00999
-13,29,5,100000,370,0.0037,758,0.00758
-13,30,0,100000,292,0.00292,628,0.00628
-13,30,1,100000,327,0.00327,761,0.00761
-13,30,2,100000,495,0.00495,999,0.00999
-13,30,3,100000,562,0.00562,1168,0.01168
-13,30,4,100000,533,0.00533,1036,0.01036
-13,30,5,100000,399,0.00399,779,0.00779
-13,31,0,100000,300,0.003,599,0.00599
-13,31,1,100000,399,0.00399,750,0.0075
-13,31,2,100000,492,0.00492,996,0.00996
-13,31,3,100000,588,0.00588,1162,0.01162
-13,31,4,100000,532,0.00532,1059,0.01059
-13,31,5,100000,350,0.0035,749,0.00749
-13,32,0,100000,312,0.00312,600,0.006
-13,32,1,100000,381,0.00381,757,0.00757
-13,32,2,100000,442,0.00442,1011,0.01011
-13,32,3,100000,532,0.00532,1166,0.01166
-13,32,4,100000,461,0.00461,1062,0.01062
-13,32,5,100000,362,0.00362,769,0.00769
-13,33,0,100000,298,0.00298,573,0.00573
-13,33,1,100000,372,0.00372,780,0.0078
-13,33,2,100000,483,0.00483,1061,0.01061
-13,33,3,100000,579,0.00579,1112,0.01112
-13,33,4,100000,467,0.00467,1019,0.01019
-13,33,5,100000,393,0.00393,824,0.00824
-13,34,0,100000,258,0.00258,573,0.00573
-13,34,1,100000,405,0.00405,791,0.00791
-13,34,2,100000,493,0.00493,1024,0.01024
-13,34,3,100000,561,0.00561,1166,0.01166
-13,34,4,100000,537,0.00537,1039,0.01039
-13,34,5,100000,400,0.004,769,0.00769
-13,35,0,100000,283,0.00283,615,0.00615
-13,35,1,100000,400,0.004,735,0.00735
-13,35,2,100000,495,0.00495,1035,0.01035
-13,35,3,100000,573,0.00573,1156,0.01156
-13,35,4,100000,456,0.00456,1016,0.01016
-13,35,5,100000,427,0.00427,791,0.00791
-13,36,0,100000,328,0.00328,630,0.0063
-13,36,1,100000,402,0.00402,783,0.00783
-13,36,2,100000,515,0.00515,1036,0.01036
-13,36,3,100000,544,0.00544,1143,0.01143
-13,36,4,100000,485,0.00485,1034,0.01034
-13,36,5,100000,402,0.00402,766,0.00766
-13,37,0,100000,309,0.00309,586,0.00586
-13,37,1,100000,337,0.00337,774,0.00774
-13,37,2,100000,497,0.00497,1015,0.01015
-13,37,3,100000,544,0.00544,1149,0.01149
-13,37,4,100000,505,0.00505,991,0.00991
-13,37,5,100000,401,0.00401,814,0.00814
-13,38,0,100000,287,0.00287,573,0.00573
-13,38,1,100000,397,0.00397,798,0.00798
-13,38,2,100000,472,0.00472,1042,0.01042
-13,38,3,100000,517,0.00517,1070,0.0107
-13,38,4,100000,482,0.00482,992,0.00992
-13,38,5,100000,378,0.00378,756,0.00756
-13,39,0,100000,264,0.00264,471,0.00471
-13,39,1,100000,342,0.00342,696,0.00696
-13,39,2,100000,427,0.00427,846,0.00846
-13,39,3,100000,387,0.00387,882,0.00882
-13,39,4,100000,426,0.00426,850,0.0085
-13,39,5,100000,343,0.00343,658,0.00658
-13,40,0,100000,170,0.0017,331,0.00331
-13,40,1,100000,229,0.00229,446,0.00446
-13,40,2,100000,291,0.00291,574,0.00574
-13,40,3,100000,305,0.00305,569,0.00569
-13,40,4,100000,276,0.00276,581,0.00581
-13,40,5,100000,211,0.00211,462,0.00462
-13,41,0,100000,91,0.00091,200,0.002
-13,41,1,100000,158,0.00158,299,0.00299
-13,41,2,100000,153,0.00153,315,0.00315
-13,41,3,100000,159,0.00159,307,0.00307
-13,41,4,100000,168,0.00168,309,0.00309
-13,41,5,100000,115,0.00115,225,0.00225
-13,42,0,100000,56,0.00056,106,0.00106
-13,42,1,100000,90,0.0009,156,0.00156
-13,42,2,100000,54,0.00054,131,0.00131
-13,42,3,100000,85,0.00085,139,0.00139
-13,42,4,100000,43,0.00043,101,0.00101
-13,42,5,100000,35,0.00035,76,0.00076
-13,43,0,100000,40,0.0004,95,0.00095
-13,43,1,100000,40,0.0004,99,0.00099
-13,43,2,100000,35,0.00035,79,0.00079
-13,43,3,100000,11,0.00011,71,0.00071
-13,43,4,100000,24,0.00024,76,0.00076
-13,43,5,100000,47,0.00047,83,0.00083
-13,44,0,100000,48,0.00048,89,0.00089
-13,44,1,100000,22,0.00022,70,0.0007
-13,44,2,100000,41,0.00041,89,0.00089
-13,44,3,100000,56,0.00056,89,0.00089
-13,44,4,100000,51,0.00051,94,0.00094
-13,44,5,100000,30,0.0003,73,0.00073
-13,45,0,100000,33,0.00033,75,0.00075
-13,45,1,100000,36,0.00036,94,0.00094
-13,45,2,100000,26,0.00026,83,0.00083
-13,45,3,100000,52,0.00052,84,0.00084
-13,45,4,100000,13,0.00013,68,0.00068
-13,45,5,100000,33,0.00033,83,0.00083
-13,46,0,100000,32,0.00032,86,0.00086
-13,46,1,100000,39,0.00039,76,0.00076
-13,46,2,100000,40,0.0004,89,0.00089
-13,46,3,100000,10,0.0001,63,0.00063
-13,46,4,100000,46,0.00046,92,0.00092
-13,46,5,100000,40,0.0004,80,0.0008
-13,47,0,100000,29,0.00029,69,0.00069
-13,47,1,100000,38,0.00038,90,0.0009
-13,47,2,100000,29,0.00029,70,0.0007
-13,47,3,100000,27,0.00027,64,0.00064
-13,47,4,100000,48,0.00048,78,0.00078
-13,47,5,100000,19,0.00019,79,0.00079
-13,48,0,100000,28,0.00028,67,0.00067
-13,48,1,100000,28,0.00028,85,0.00085
-13,48,2,100000,46,0.00046,78,0.00078
-13,48,3,100000,32,0.00032,65,0.00065
-13,48,4,100000,29,0.00029,59,0.00059
-13,48,5,100000,42,0.00042,82,0.00082
-13,49,0,100000,15,0.00015,80,0.0008
-13,49,1,100000,28,0.00028,82,0.00082
-13,49,2,100000,39,0.00039,84,0.00084
-13,49,3,100000,41,0.00041,81,0.00081
-13,49,4,100000,24,0.00024,76,0.00076
-13,49,5,100000,48,0.00048,84,0.00084
-13,50,0,100000,14,0.00014,65,0.00065
-13,50,1,100000,40,0.0004,78,0.00078
-13,50,2,100000,25,0.00025,58,0.00058
-13,50,3,100000,34,0.00034,70,0.0007
-13,50,4,100000,24,0.00024,72,0.00072
-13,50,5,100000,49,0.00049,75,0.00075
-12,-50,0,100000,22,0.00022,77,0.00077
-12,-50,1,100000,27,0.00027,65,0.00065
-12,-50,2,100000,19,0.00019,62,0.00062
-12,-50,3,100000,21,0.00021,59,0.00059
-12,-50,4,100000,32,0.00032,84,0.00084
-12,-50,5,100000,26,0.00026,77,0.00077
-12,-49,0,100000,55,0.00055,79,0.00079
-12,-49,1,100000,32,0.00032,73,0.00073
-12,-49,2,100000,19,0.00019,72,0.00072
-12,-49,3,100000,19,0.00019,78,0.00078
-12,-49,4,100000,24,0.00024,88,0.00088
-12,-49,5,100000,31,0.00031,76,0.00076
-12,-48,0,100000,18,0.00018,87,0.00087
-12,-48,1,100000,25,0.00025,73,0.00073
-12,-48,2,100000,35,0.00035,78,0.00078
-12,-48,3,100000,38,0.00038,75,0.00075
-12,-48,4,100000,31,0.00031,79,0.00079
-12,-48,5,100000,36,0.00036,60,0.0006
-12,-47,0,100000,27,0.00027,78,0.00078
-12,-47,1,100000,40,0.0004,86,0.00086
-12,-47,2,100000,42,0.00042,89,0.00089
-12,-47,3,100000,31,0.00031,87,0.00087
-12,-47,4,100000,27,0.00027,80,0.0008
-12,-47,5,100000,41,0.00041,64,0.00064
-12,-46,0,100000,39,0.00039,80,0.0008
-12,-46,1,100000,28,0.00028,82,0.00082
-12,-46,2,100000,32,0.00032,83,0.00083
-12,-46,3,100000,58,0.00058,77,0.00077
-12,-46,4,100000,33,0.00033,87,0.00087
-12,-46,5,100000,28,0.00028,82,0.00082
-12,-45,0,100000,31,0.00031,58,0.00058
-12,-45,1,100000,51,0.00051,82,0.00082
-12,-45,2,100000,39,0.00039,80,0.0008
-12,-45,3,100000,31,0.00031,73,0.00073
-12,-45,4,100000,43,0.00043,83,0.00083
-12,-45,5,100000,58,0.00058,86,0.00086
-12,-44,0,100000,48,0.00048,87,0.00087
-12,-44,1,100000,26,0.00026,79,0.00079
-12,-44,2,100000,33,0.00033,83,0.00083
-12,-44,3,100000,23,0.00023,77,0.00077
-12,-44,4,100000,32,0.00032,85,0.00085
-12,-44,5,100000,28,0.00028,76,0.00076
-12,-43,0,100000,45,0.00045,97,0.00097
-12,-43,1,100000,32,0.00032,61,0.00061
-12,-43,2,100000,35,0.00035,89,0.00089
-12,-43,3,100000,31,0.00031,88,0.00088
-12,-43,4,100000,40,0.0004,77,0.00077
-12,-43,5,100000,44,0.00044,82,0.00082
-12,-42,0,100000,56,0.00056,120,0.0012
-12,-42,1,100000,33,0.00033,79,0.00079
-12,-42,2,100000,31,0.00031,80,0.0008
-12,-42,3,100000,34,0.00034,118,0.00118
-12,-42,4,100000,57,0.00057,134,0.00134
-12,-42,5,100000,46,0.00046,120,0.0012
-12,-41,0,100000,126,0.00126,212,0.00212
-12,-41,1,100000,89,0.00089,206,0.00206
-12,-41,2,100000,148,0.00148,279,0.00279
-12,-41,3,100000,142,0.00142,281,0.00281
-12,-41,4,100000,149,0.00149,359,0.00359
-12,-41,5,100000,144,0.00144,322,0.00322
-12,-40,0,100000,182,0.00182,351,0.00351
-12,-40,1,100000,287,0.00287,496,0.00496
-12,-40,2,100000,318,0.00318,578,0.00578
-12,-40,3,100000,324,0.00324,639,0.00639
-12,-40,4,100000,259,0.00259,567,0.00567
-12,-40,5,100000,290,0.0029,549,0.00549
-12,-39,0,100000,266,0.00266,535,0.00535
-12,-39,1,100000,395,0.00395,715,0.00715
-12,-39,2,100000,500,0.005,1004,0.01004
-12,-39,3,100000,462,0.00462,948,0.00948
-12,-39,4,100000,506,0.00506,946,0.00946
-12,-39,5,100000,392,0.00392,799,0.00799
-12,-38,0,100000,382,0.00382,707,0.00707
-12,-38,1,100000,474,0.00474,836,0.00836
-12,-38,2,100000,520,0.0052,1090,0.0109
-12,-38,3,100000,642,0.00642,1238,0.01238
-12,-38,4,100000,520,0.0052,1075,0.01075
-12,-38,5,100000,447,0.00447,938,0.00938
-12,-37,0,100000,334,0.00334,660,0.0066
-12,-37,1,100000,420,0.0042,851,0.00851
-12,-37,2,100000,576,0.00576,1171,0.01171
-12,-37,3,100000,596,0.00596,1259,0.01259
-12,-37,4,100000,584,0.00584,1099,0.01099
-12,-37,5,100000,460,0.0046,879,0.00879
-12,-36,0,100000,336,0.00336,679,0.00679
-12,-36,1,100000,483,0.00483,927,0.00927
-12,-36,2,100000,530,0.0053,1160,0.0116
-12,-36,3,100000,621,0.00621,1249,0.01249
-12,-36,4,100000,639,0.00639,1224,0.01224
-12,-36,5,100000,427,0.00427,829,0.00829
-12,-35,0,100000,297,0.00297,654,0.00654
-12,-35,1,100000,450,0.0045,891,0.00891
-12,-35,2,100000,550,0.0055,1135,0.01135
-12,-35,3,100000,618,0.00618,1266,0.01266
-12,-35,4,100000,531,0.00531,1138,0.01138
-12,-35,5,100000,415,0.00415,861,0.00861
-12,-34,0,100000,333,0.00333,675,0.00675
-12,-34,1,100000,405,0.00405,865,0.00865
-12,-34,2,100000,550,0.0055,1133,0.01133
-12,-34,3,100000,628,0.00628,1304,0.01304
-12,-34,4,100000,604,0.00604,1192,0.01192
-12,-34,5,100000,442,0.00442,829,0.00829
-12,-33,0,100000,353,0.00353,684,0.00684
-12,-33,1,100000,421,0.00421,875,0.00875
-12,-33,2,100000,515,0.00515,1142,0.01142
-12,-33,3,100000,581,0.00581,1272,0.01272
-12,-33,4,100000,523,0.00523,1132,0.01132
-12,-33,5,100000,429,0.00429,822,0.00822
-12,-32,0,100000,353,0.00353,651,0.00651
-12,-32,1,100000,391,0.00391,835,0.00835
-12,-32,2,100000,632,0.00632,1189,0.01189
-12,-32,3,100000,634,0.00634,1297,0.01297
-12,-32,4,100000,584,0.00584,1205,0.01205
-12,-32,5,100000,424,0.00424,826,0.00826
-12,-31,0,100000,338,0.00338,651,0.00651
-12,-31,1,100000,428,0.00428,871,0.00871
-12,-31,2,100000,587,0.00587,1182,0.01182
-12,-31,3,100000,621,0.00621,1261,0.01261
-12,-31,4,100000,529,0.00529,1147,0.01147
-12,-31,5,100000,455,0.00455,905,0.00905
-12,-30,0,100000,384,0.00384,720,0.0072
-12,-30,1,100000,409,0.00409,845,0.00845
-12,-30,2,100000,546,0.00546,1146,0.01146
-12,-30,3,100000,521,0.00521,1266,0.01266
-12,-30,4,100000,555,0.00555,1104,0.01104
-12,-30,5,100000,453,0.00453,880,0.0088
-12,-29,0,100000,396,0.00396,703,0.00703
-12,-29,1,100000,382,0.00382,849,0.00849
-12,-29,2,100000,579,0.00579,1212,0.01212
-12,-29,3,100000,572,0.00572,1284,0.01284
-12,-29,4,100000,539,0.00539,1163,0.01163
-12,-29,5,100000,394,0.00394,869,0.00869
-12,-28,0,100000,351,0.00351,710,0.0071
-12,-28,1,100000,479,0.00479,852,0.00852
-12,-28,2,100000,548,0.00548,1169,0.01169
-12,-28,3,100000,680,0.0068,1355,0.01355
-12,-28,4,100000,525,0.00525,1152,0.01152
-12,-28,5,100000,464,0.00464,889,0.00889
-12,-27,0,100000,329,0.00329,644,0.00644
-12,-27,1,100000,408,0.00408,822,0.00822
-12,-27,2,100000,515,0.00515,1079,0.01079
-12,-27,3,100000,633,0.00633,1281,0.01281
-12,-27,4,100000,581,0.00581,1149,0.01149
-12,-27,5,100000,424,0.00424,831,0.00831
-12,-26,0,100000,346,0.00346,707,0.00707
-12,-26,1,100000,474,0.00474,884,0.00884
-12,-26,2,100000,579,0.00579,1203,0.01203
-12,-26,3,100000,625,0.00625,1241,0.01241
-12,-26,4,100000,561,0.00561,1138,0.01138
-12,-26,5,100000,420,0.0042,806,0.00806
-12,-25,0,100000,308,0.00308,692,0.00692
-12,-25,1,100000,460,0.0046,857,0.00857
-12,-25,2,100000,537,0.00537,1108,0.01108
-12,-25,3,100000,643,0.00643,1258,0.01258
-12,-25,4,100000,586,0.00586,1146,0.01146
-12,-25,5,100000,461,0.00461,898,0.00898
-12,-24,0,100000,369,0.00369,700,0.007
-12,-24,1,100000,407,0.00407,843,0.00843
-12,-24,2,100000,561,0.00561,1146,0.01146
-12,-24,3,100000,602,0.00602,1252,0.01252
-12,-24,4,100000,467,0.00467,1094,0.01094
-12,-24,5,100000,451,0.00451,843,0.00843
-12,-23,0,100000,336,0.00336,681,0.00681
-12,-23,1,100000,443,0.00443,848,0.00848
-12,-23,2,100000,592,0.00592,1187,0.01187
-12,-23,3,100000,586,0.00586,1253,0.01253
-12,-23,4,100000,573,0.00573,1174,0.01174
-12,-23,5,100000,461,0.00461,902,0.00902
-12,-22,0,100000,346,0.00346,671,0.00671
-12,-22,1,100000,399,0.00399,831,0.00831
-12,-22,2,100000,543,0.00543,1182,0.01182
-12,-22,3,100000,593,0.00593,1292,0.01292
-12,-22,4,100000,608,0.00608,1201,0.01201
-12,-22,5,100000,448,0.00448,858,0.00858
-12,-21,0,100000,350,0.0035,665,0.00665
-12,-21,1,100000,401,0.00401,833,0.00833
-12,-21,2,100000,540,0.0054,1169,0.01169
-12,-21,3,100000,549,0.00549,1236,0.01236
-12,-21,4,100000,550,0.0055,1151,0.01151
-12,-21,5,100000,458,0.00458,889,0.00889
-12,-20,0,100000,348,0.00348,677,0.00677
-12,-20,1,100000,413,0.00413,843,0.00843
-12,-20,2,100000,604,0.00604,1147,0.01147
-12,-20,3,100000,626,0.00626,1286,0.01286
-12,-20,4,100000,561,0.00561,1163,0.01163
-12,-20,5,100000,445,0.00445,879,0.00879
-12,-19,0,100000,325,0.00325,676,0.00676
-12,-19,1,100000,412,0.00412,867,0.00867
-12,-19,2,100000,537,0.00537,1131,0.01131
-12,-19,3,100000,619,0.00619,1286,0.01286
-12,-19,4,100000,575,0.00575,1183,0.01183
-12,-19,5,100000,463,0.00463,894,0.00894
-12,-18,0,100000,356,0.00356,680,0.0068
-12,-18,1,100000,440,0.0044,857,0.00857
-12,-18,2,100000,541,0.00541,1106,0.01106
-12,-18,3,100000,637,0.00637,1306,0.01306
-12,-18,4,100000,632,0.00632,1163,0.01163
-12,-18,5,100000,443,0.00443,883,0.00883
-12,-17,0,100000,320,0.0032,666,0.00666
-12,-17,1,100000,474,0.00474,878,0.00878
-12,-17,2,100000,528,0.00528,1150,0.0115
-12,-17,3,100000,623,0.00623,1257,0.01257
-12,-17,4,100000,582,0.00582,1196,0.01196
-12,-17,5,100000,460,0.0046,872,0.00872
-12,-16,0,100000,340,0.0034,630,0.0063
-12,-16,1,100000,417,0.00417,775,0.00775
-12,-16,2,100000,590,0.0059,1233,0.01233
-12,-16,3,100000,570,0.0057,1172,0.01172
-12,-16,4,100000,494,0.00494,1153,0.01153
-12,-16,5,100000,417,0.00417,864,0.00864
-12,-15,0,100000,374,0.00374,707,0.00707
-12,-15,1,100000,380,0.0038,862,0.00862
-12,-15,2,100000,585,0.00585,1184,0.01184
-12,-15,3,100000,628,0.00628,1272,0.01272
-12,-15,4,100000,553,0.00553,1154,0.01154
-12,-15,5,100000,360,0.0036,810,0.0081
-12,-14,0,100000,337,0.00337,670,0.0067
-12,-14,1,100000,444,0.00444,865,0.00865
-12,-14,2,100000,550,0.0055,1115,0.01115
-12,-14,3,100000,639,0.00639,1303,0.01303
-12,-14,4,100000,607,0.00607,1133,0.01133
-12,-14,5,100000,477,0.00477,867,0.00867
-12,-13,0,100000,321,0.00321,645,0.00645
-12,-13,1,100000,401,0.00401,846,0.00846
-12,-13,2,100000,599,0.00599,1150,0.0115
-12,-13,3,100000,558,0.00558,1254,0.01254
-12,-13,4,100000,570,0.0057,1189,0.01189
-12,-13,5,100000,456,0.00456,846,0.00846
-12,-12,0,100000,351,0.00351,700,0.007
-12,-12,1,100000,448,0.00448,889,0.00889
-12,-12,2,100000,560,0.0056,1110,0.0111
-12,-12,3,100000,595,0.00595,1203,0.01203
-12,-12,4,100000,580,0.0058,1166,0.01166
-12,-12,5,100000,473,0.00473,881,0.00881
-12,-11,0,100000,416,0.00416,681,0.00681
-12,-11,1,100000,414,0.00414,850,0.0085
-12,-11,2,100000,553,0.00553,1147,0.01147
-12,-11,3,100000,601,0.00601,1282,0.01282
-12,-11,4,100000,556,0.00556,1155,0.01155
-12,-11,5,100000,461,0.00461,850,0.0085
-12,-10,0,100000,350,0.0035,670,0.0067
-12,-10,1,100000,432,0.00432,833,0.00833
-12,-10,2,100000,546,0.00546,1116,0.01116
-12,-10,3,100000,570,0.0057,1333,0.01333
-12,-10,4,100000,549,0.00549,1145,0.01145
-12,-10,5,100000,410,0.0041,838,0.00838
-12,-9,0,100000,359,0.00359,705,0.00705
-12,-9,1,100000,461,0.00461,891,0.00891
-12,-9,2,100000,536,0.00536,1106,0.01106
-12,-9,3,100000,565,0.00565,1164,0.01164
-12,-9,4,100000,582,0.00582,1166,0.01166
-12,-9,5,100000,434,0.00434,843,0.00843
-12,-8,0,100000,349,0.00349,698,0.00698
-12,-8,1,100000,467,0.00467,866,0.00866
-12,-8,2,100000,537,0.00537,1114,0.01114
-12,-8,3,100000,675,0.00675,1258,0.01258
-12,-8,4,100000,508,0.00508,1102,0.01102
-12,-8,5,100000,463,0.00463,899,0.00899
-12,-7,0,100000,343,0.00343,663,0.00663
-12,-7,1,100000,473,0.00473,868,0.00868
-12,-7,2,100000,545,0.00545,1187,0.01187
-12,-7,3,100000,640,0.0064,1295,0.01295
-12,-7,4,100000,528,0.00528,1098,0.01098
-12,-7,5,100000,426,0.00426,819,0.00819
-12,-6,0,100000,374,0.00374,715,0.00715
-12,-6,1,100000,422,0.00422,814,0.00814
-12,-6,2,100000,521,0.00521,1107,0.01107
-12,-6,3,100000,631,0.00631,1308,0.01308
-12,-6,4,100000,535,0.00535,1148,0.01148
-12,-6,5,100000,455,0.00455,842,0.00842
-12,-5,0,100000,377,0.00377,714,0.00714
-12,-5,1,100000,445,0.00445,888,0.00888
-12,-5,2,100000,521,0.00521,1157,0.01157
-12,-5,3,100000,614,0.00614,1275,0.01275
-12,-5,4,100000,575,0.00575,1169,0.01169
-12,-5,5,100000,477,0.00477,875,0.00875
-12,-4,0,100000,324,0.00324,665,0.00665
-12,-4,1,100000,417,0.00417,884,0.00884
-12,-4,2,100000,560,0.0056,1127,0.01127
-12,-4,3,100000,594,0.00594,1262,0.01262
-12,-4,4,100000,543,0.00543,1134,0.01134
-12,-4,5,100000,465,0.00465,895,0.00895
-12,-3,0,100000,349,0.00349,682,0.00682
-12,-3,1,100000,412,0.00412,825,0.00825
-12,-3,2,100000,564,0.00564,1126,0.01126
-12,-3,3,100000,562,0.00562,1286,0.01286
-12,-3,4,100000,575,0.00575,1145,0.01145
-12,-3,5,100000,474,0.00474,880,0.0088
-12,-2,0,100000,383,0.00383,739,0.00739
-12,-2,1,100000,426,0.00426,842,0.00842
-12,-2,2,100000,582,0.00582,1187,0.01187
-12,-2,3,100000,613,0.00613,1235,0.01235
-12,-2,4,100000,562,0.00562,1156,0.01156
-12,-2,5,100000,419,0.00419,833,0.00833
-12,-1,0,100000,326,0.00326,674,0.00674
-12,-1,1,100000,430,0.0043,866,0.00866
-12,-1,2,100000,588,0.00588,1203,0.01203
-12,-1,3,100000,580,0.0058,1219,0.01219
-12,-1,4,100000,608,0.00608,1150,0.0115
-12,-1,5,100000,387,0.00387,818,0.00818
-12,0,0,100000,345,0.00345,682,0.00682
-12,0,1,100000,433,0.00433,865,0.00865
-12,0,2,100000,575,0.00575,1170,0.0117
-12,0,3,100000,569,0.00569,1216,0.01216
-12,0,4,100000,601,0.00601,1203,0.01203
-12,0,5,100000,427,0.00427,867,0.00867
-12,1,0,100000,344,0.00344,668,0.00668
-12,1,1,100000,382,0.00382,842,0.00842
-12,1,2,100000,542,0.00542,1153,0.01153
-12,1,3,100000,561,0.00561,1216,0.01216
-12,1,4,100000,575,0.00575,1199,0.01199
-12,1,5,100000,435,0.00435,864,0.00864
-12,2,0,100000,324,0.00324,628,0.00628
-12,2,1,100000,428,0.00428,853,0.00853
-12,2,2,100000,573,0.00573,1137,0.01137
-12,2,3,100000,635,0.00635,1244,0.01244
-12,2,4,100000,540,0.0054,1155,0.01155
-12,2,5,100000,424,0.00424,852,0.00852
-12,3,0,100000,388,0.00388,734,0.00734
-12,3,1,100000,465,0.00465,857,0.00857
-12,3,2,100000,556,0.00556,1137,0.01137
-12,3,3,100000,610,0.0061,1259,0.01259
-12,3,4,100000,592,0.00592,1200,0.012
-12,3,5,100000,402,0.00402,829,0.00829
-12,4,0,100000,373,0.00373,678,0.00678
-12,4,1,100000,422,0.00422,864,0.00864
-12,4,2,100000,549,0.00549,1098,0.01098
-12,4,3,100000,610,0.0061,1288,0.01288
-12,4,4,100000,553,0.00553,1182,0.01182
-12,4,5,100000,424,0.00424,858,0.00858
-12,5,0,100000,351,0.00351,719,0.00719
-12,5,1,100000,430,0.0043,872,0.00872
-12,5,2,100000,592,0.00592,1173,0.01173
-12,5,3,100000,595,0.00595,1239,0.01239
-12,5,4,100000,509,0.00509,1097,0.01097
-12,5,5,100000,436,0.00436,868,0.00868
-12,6,0,100000,400,0.004,711,0.00711
-12,6,1,100000,446,0.00446,896,0.00896
-12,6,2,100000,583,0.00583,1193,0.01193
-12,6,3,100000,550,0.0055,1252,0.01252
-12,6,4,100000,567,0.00567,1161,0.01161
-12,6,5,100000,407,0.00407,842,0.00842
-12,7,0,100000,357,0.00357,654,0.00654
-12,7,1,100000,412,0.00412,829,0.00829
-12,7,2,100000,555,0.00555,1159,0.01159
-12,7,3,100000,595,0.00595,1287,0.01287
-12,7,4,100000,582,0.00582,1117,0.01117
-12,7,5,100000,399,0.00399,836,0.00836
-12,8,0,100000,355,0.00355,711,0.00711
-12,8,1,100000,446,0.00446,861,0.00861
-12,8,2,100000,581,0.00581,1168,0.01168
-12,8,3,100000,673,0.00673,1283,0.01283
-12,8,4,100000,559,0.00559,1101,0.01101
-12,8,5,100000,457,0.00457,867,0.00867
-12,9,0,100000,315,0.00315,624,0.00624
-12,9,1,100000,392,0.00392,839,0.00839
-12,9,2,100000,521,0.00521,1073,0.01073
-12,9,3,100000,564,0.00564,1220,0.0122
-12,9,4,100000,588,0.00588,1217,0.01217
-12,9,5,100000,428,0.00428,817,0.00817
-12,10,0,100000,320,0.0032,650,0.0065
-12,10,1,100000,464,0.00464,857,0.00857
-12,10,2,100000,549,0.00549,1170,0.0117
-12,10,3,100000,600,0.006,1304,0.01304
-12,10,4,100000,560,0.0056,1160,0.0116
-12,10,5,100000,419,0.00419,900,0.009
-12,11,0,100000,345,0.00345,684,0.00684
-12,11,1,100000,408,0.00408,830,0.0083
-12,11,2,100000,510,0.0051,1095,0.01095
-12,11,3,100000,626,0.00626,1298,0.01298
-12,11,4,100000,602,0.00602,1138,0.01138
-12,11,5,100000,430,0.0043,843,0.00843
-12,12,0,100000,350,0.0035,685,0.00685
-12,12,1,100000,443,0.00443,877,0.00877
-12,12,2,100000,599,0.00599,1177,0.01177
-12,12,3,100000,594,0.00594,1275,0.01275
-12,12,4,100000,551,0.00551,1145,0.01145
-12,12,5,100000,451,0.00451,833,0.00833
-12,13,0,100000,333,0.00333,683,0.00683
-12,13,1,100000,459,0.00459,834,0.00834
-12,13,2,100000,535,0.00535,1155,0.01155
-12,13,3,100000,692,0.00692,1323,0.01323
-12,13,4,100000,550,0.0055,1188,0.01188
-12,13,5,100000,424,0.00424,802,0.00802
-12,14,0,100000,315,0.00315,658,0.00658
-12,14,1,100000,385,0.00385,834,0.00834
-12,14,2,100000,534,0.00534,1170,0.0117
-12,14,3,100000,601,0.00601,1260,0.0126
-12,14,4,100000,678,0.00678,1221,0.01221
-12,14,5,100000,407,0.00407,855,0.00855
-12,15,0,100000,328,0.00328,686,0.00686
-12,15,1,100000,439,0.00439,897,0.00897
-12,15,2,100000,574,0.00574,1135,0.01135
-12,15,3,100000,618,0.00618,1296,0.01296
-12,15,4,100000,587,0.00587,1185,0.01185
-12,15,5,100000,433,0.00433,851,0.00851
-12,16,0,100000,352,0.00352,659,0.00659
-12,16,1,100000,456,0.00456,863,0.00863
-12,16,2,100000,589,0.00589,1215,0.01215
-12,16,3,100000,557,0.00557,1207,0.01207
-12,16,4,100000,593,0.00593,1157,0.01157
-12,16,5,100000,452,0.00452,857,0.00857
-12,17,0,100000,364,0.00364,687,0.00687
-12,17,1,100000,425,0.00425,849,0.00849
-12,17,2,100000,541,0.00541,1151,0.01151
-12,17,3,100000,611,0.00611,1251,0.01251
-12,17,4,100000,576,0.00576,1211,0.01211
-12,17,5,100000,437,0.00437,902,0.00902
-12,18,0,100000,362,0.00362,682,0.00682
-12,18,1,100000,430,0.0043,904,0.00904
-12,18,2,100000,591,0.00591,1153,0.01153
-12,18,3,100000,657,0.00657,1290,0.0129
-12,18,4,100000,560,0.0056,1153,0.01153
-12,18,5,100000,413,0.00413,869,0.00869
-12,19,0,100000,348,0.00348,689,0.00689
-12,19,1,100000,432,0.00432,834,0.00834
-12,19,2,100000,584,0.00584,1178,0.01178
-12,19,3,100000,582,0.00582,1231,0.01231
-12,19,4,100000,560,0.0056,1183,0.01183
-12,19,5,100000,375,0.00375,819,0.00819
-12,20,0,100000,322,0.00322,668,0.00668
-12,20,1,100000,455,0.00455,871,0.00871
-12,20,2,100000,566,0.00566,1120,0.0112
-12,20,3,100000,628,0.00628,1262,0.01262
-12,20,4,100000,566,0.00566,1154,0.01154
-12,20,5,100000,380,0.0038,787,0.00787
-12,21,0,100000,355,0.00355,696,0.00696
-12,21,1,100000,446,0.00446,846,0.00846
-12,21,2,100000,603,0.00603,1239,0.01239
-12,21,3,100000,633,0.00633,1269,0.01269
-12,21,4,100000,554,0.00554,1154,0.01154
-12,21,5,100000,423,0.00423,848,0.00848
-12,22,0,100000,336,0.00336,679,0.00679
-12,22,1,100000,462,0.00462,901,0.00901
-12,22,2,100000,531,0.00531,1151,0.01151
-12,22,3,100000,615,0.00615,1271,0.01271
-12,22,4,100000,541,0.00541,1112,0.01112
-12,22,5,100000,382,0.00382,836,0.00836
-12,23,0,100000,353,0.00353,663,0.00663
-12,23,1,100000,424,0.00424,840,0.0084
-12,23,2,100000,528,0.00528,1158,0.01158
-12,23,3,100000,570,0.0057,1179,0.01179
-12,23,4,100000,541,0.00541,1135,0.01135
-12,23,5,100000,456,0.00456,900,0.009
-12,24,0,100000,384,0.00384,692,0.00692
-12,24,1,100000,416,0.00416,824,0.00824
-12,24,2,100000,621,0.00621,1156,0.01156
-12,24,3,100000,590,0.0059,1266,0.01266
-12,24,4,100000,618,0.00618,1193,0.01193
-12,24,5,100000,458,0.00458,920,0.0092
-12,25,0,100000,344,0.00344,654,0.00654
-12,25,1,100000,411,0.00411,851,0.00851
-12,25,2,100000,611,0.00611,1186,0.01186
-12,25,3,100000,572,0.00572,1282,0.01282
-12,25,4,100000,573,0.00573,1159,0.01159
-12,25,5,100000,432,0.00432,847,0.00847
-12,26,0,100000,318,0.00318,675,0.00675
-12,26,1,100000,439,0.00439,868,0.00868
-12,26,2,100000,622,0.00622,1162,0.01162
-12,26,3,100000,634,0.00634,1275,0.01275
-12,26,4,100000,561,0.00561,1183,0.01183
-12,26,5,100000,456,0.00456,868,0.00868
-12,27,0,100000,333,0.00333,663,0.00663
-12,27,1,100000,417,0.00417,916,0.00916
-12,27,2,100000,525,0.00525,1104,0.01104
-12,27,3,100000,588,0.00588,1236,0.01236
-12,27,4,100000,527,0.00527,1096,0.01096
-12,27,5,100000,455,0.00455,859,0.00859
-12,28,0,100000,350,0.0035,671,0.00671
-12,28,1,100000,456,0.00456,886,0.00886
-12,28,2,100000,567,0.00567,1152,0.01152
-12,28,3,100000,590,0.0059,1256,0.01256
-12,28,4,100000,536,0.00536,1168,0.01168
-12,28,5,100000,461,0.00461,856,0.00856
-12,29,0,100000,380,0.0038,717,0.00717
-12,29,1,100000,406,0.00406,862,0.00862
-12,29,2,100000,632,0.00632,1207,0.01207
-12,29,3,100000,612,0.00612,1262,0.01262
-12,29,4,100000,574,0.00574,1167,0.01167
-12,29,5,100000,434,0.00434,861,0.00861
-12,30,0,100000,360,0.0036,695,0.00695
-12,30,1,100000,463,0.00463,871,0.00871
-12,30,2,100000,555,0.00555,1176,0.01176
-12,30,3,100000,580,0.0058,1223,0.01223
-12,30,4,100000,603,0.00603,1201,0.01201
-12,30,5,100000,464,0.00464,880,0.0088
-12,31,0,100000,319,0.00319,661,0.00661
-12,31,1,100000,461,0.00461,835,0.00835
-12,31,2,100000,567,0.00567,1184,0.01184
-12,31,3,100000,600,0.006,1302,0.01302
-12,31,4,100000,556,0.00556,1158,0.01158
-12,31,5,100000,393,0.00393,827,0.00827
-12,32,0,100000,333,0.00333,678,0.00678
-12,32,1,100000,419,0.00419,843,0.00843
-12,32,2,100000,588,0.00588,1112,0.01112
-12,32,3,100000,656,0.00656,1289,0.01289
-12,32,4,100000,587,0.00587,1143,0.01143
-12,32,5,100000,443,0.00443,863,0.00863
-12,33,0,100000,362,0.00362,720,0.0072
-12,33,1,100000,434,0.00434,824,0.00824
-12,33,2,100000,578,0.00578,1165,0.01165
-12,33,3,100000,633,0.00633,1256,0.01256
-12,33,4,100000,550,0.0055,1139,0.01139
-12,33,5,100000,437,0.00437,847,0.00847
-12,34,0,100000,361,0.00361,682,0.00682
-12,34,1,100000,491,0.00491,880,0.0088
-12,34,2,100000,588,0.00588,1177,0.01177
-12,34,3,100000,572,0.00572,1244,0.01244
-12,34,4,100000,512,0.00512,1141,0.01141
-12,34,5,100000,441,0.00441,819,0.00819
-12,35,0,100000,350,0.0035,688,0.00688
-12,35,1,100000,388,0.00388,808,0.00808
-12,35,2,100000,591,0.00591,1237,0.01237
-12,35,3,100000,603,0.00603,1234,0.01234
-12,35,4,100000,550,0.0055,1113,0.01113
-12,35,5,100000,429,0.00429,805,0.00805
-12,36,0,100000,348,0.00348,651,0.00651
-12,36,1,100000,436,0.00436,846,0.00846
-12,36,2,100000,567,0.00567,1145,0.01145
-12,36,3,100000,639,0.00639,1264,0.01264
-12,36,4,100000,600,0.006,1126,0.01126
-12,36,5,100000,447,0.00447,825,0.00825
-12,37,0,100000,313,0.00313,609,0.00609
-12,37,1,100000,450,0.0045,885,0.00885
-12,37,2,100000,586,0.00586,1168,0.01168
-12,37,3,100000,614,0.00614,1255,0.01255
-12,37,4,100000,546,0.00546,1109,0.01109
-12,37,5,100000,423,0.00423,877,0.00877
-12,38,0,100000,351,0.00351,623,0.00623
-12,38,1,100000,403,0.00403,891,0.00891
-12,38,2,100000,529,0.00529,1130,0.0113
-12,38,3,100000,609,0.00609,1279,0.01279
-12,38,4,100000,523,0.00523,1147,0.01147
-12,38,5,100000,454,0.00454,857,0.00857
-12,39,0,100000,257,0.00257,571,0.00571
-12,39,1,100000,389,0.00389,773,0.00773
-12,39,2,100000,465,0.00465,956,0.00956
-12,39,3,100000,503,0.00503,969,0.00969
-12,39,4,100000,476,0.00476,906,0.00906
-12,39,5,100000,347,0.00347,710,0.0071
-12,40,0,100000,179,0.00179,355,0.00355
-12,40,1,100000,260,0.0026,546,0.00546
-12,40,2,100000,288,0.00288,615,0.00615
-12,40,3,100000,298,0.00298,601,0.00601
-12,40,4,100000,368,0.00368,652,0.00652
-12,40,5,100000,265,0.00265,496,0.00496
-12,41,0,100000,104,0.00104,221,0.00221
-12,41,1,100000,148,0.00148,325,0.00325
-12,41,2,100000,149,0.00149,347,0.00347
-12,41,3,100000,177,0.00177,318,0.00318
-12,41,4,100000,161,0.00161,274,0.00274
-12,41,5,100000,115,0.00115,250,0.0025
-12,42,0,100000,25,0.00025,106,0.00106
-12,42,1,100000,69,0.00069,152,0.00152
-12,42,2,100000,56,0.00056,126,0.00126
-12,42,3,100000,35,0.00035,109,0.00109
-12,42,4,100000,41,0.00041,82,0.00082
-12,42,5,100000,44,0.00044,89,0.00089
-12,43,0,100000,41,0.00041,95,0.00095
-12,43,1,100000,39,0.00039,92,0.00092
-12,43,2,100000,46,0.00046,95,0.00095
-12,43,3,100000,47,0.00047,94,0.00094
-12,43,4,100000,34,0.00034,61,0.00061
-12,43,5,100000,35,0.00035,85,0.00085
-12,44,0,100000,24,0.00024,89,0.00089
-12,44,1,100000,68,0.00068,88,0.00088
-12,44,2,100000,36,0.00036,84,0.00084
-12,44,3,100000,37,0.00037,93,0.00093
-12,44,4,100000,18,0.00018,73,0.00073
-12,44,5,100000,37,0.00037,89,0.00089
-12,45,0,100000,48,0.00048,87,0.00087
-12,45,1,100000,36,0.00036,88,0.00088
-12,45,2,100000,38,0.00038,92,0.00092
-12,45,3,100000,26,0.00026,84,0.00084
-12,45,4,100000,52,0.00052,82,0.00082
-12,45,5,100000,26,0.00026,56,0.00056
-12,46,0,100000,42,0.00042,87,0.00087
-12,46,1,100000,17,0.00017,62,0.00062
-12,46,2,100000,24,0.00024,77,0.00077
-12,46,3,100000,38,0.00038,73,0.00073
-12,46,4,100000,32,0.00032,86,0.00086
-12,46,5,100000,39,0.00039,89,0.00089
-12,47,0,100000,38,0.00038,89,0.00089
-12,47,1,100000,23,0.00023,80,0.0008
-12,47,2,100000,36,0.00036,74,0.00074
-12,47,3,100000,40,0.0004,95,0.00095
-12,47,4,100000,29,0.00029,60,0.0006
-12,47,5,100000,18,0.00018,59,0.00059
-12,48,0,100000,34,0.00034,79,0.00079
-12,48,1,100000,25,0.00025,80,0.0008
-12,48,2,100000,51,0.00051,95,0.00095
-12,48,3,100000,27,0.00027,75,0.00075
-12,48,4,100000,53,0.00053,74,0.00074
-12,48,5,100000,27,0.00027,66,0.00066
-12,49,0,100000,21,0.00021,68,0.00068
-12,49,1,100000,36,0.00036,57,0.00057
-12,49,2,100000,48,0.00048,71,0.00071
-12,49,3,100000,36,0.00036,97,0.00097
-12,49,4,100000,36,0.00036,68,0.00068
-12,49,5,100000,36,0.00036,86,0.00086
-12,50,0,100000,24,0.00024,75,0.00075
-12,50,1,100000,29,0.00029,71,0.00071
-12,50,2,100000,21,0.00021,59,0.00059
-12,50,3,100000,32,0.00032,77,0.00077
-12,50,4,100000,36,0.00036,84,0.00084
-12,50,5,100000,24,0.00024,77,0.00077
-11,-50,0,100000,18,0.00018,74,0.00074
-11,-50,1,100000,33,0.00033,77,0.00077
-11,-50,2,100000,25,0.00025,67,0.00067
-11,-50,3,100000,30,0.0003,79,0.00079
-11,-50,4,100000,28,0.00028,65,0.00065
-11,-50,5,100000,26,0.00026,74,0.00074
-11,-49,0,100000,15,0.00015,69,0.00069
-11,-49,1,100000,36,0.00036,79,0.00079
-11,-49,2,100000,31,0.00031,88,0.00088
-11,-49,3,100000,36,0.00036,76,0.00076
-11,-49,4,100000,24,0.00024,73,0.00073
-11,-49,5,100000,46,0.00046,84,0.00084
-11,-48,0,100000,30,0.0003,76,0.00076
-11,-48,1,100000,25,0.00025,75,0.00075
-11,-48,2,100000,44,0.00044,64,0.00064
-11,-48,3,100000,19,0.00019,71,0.00071
-11,-48,4,100000,31,0.00031,84,0.00084
-11,-48,5,100000,32,0.00032,82,0.00082
-11,-47,0,100000,10,0.0001,58,0.00058
-11,-47,1,100000,12,0.00012,72,0.00072
-11,-47,2,100000,40,0.0004,90,0.0009
-11,-47,3,100000,33,0.00033,79,0.00079
-11,-47,4,100000,28,0.00028,81,0.00081
-11,-47,5,100000,34,0.00034,75,0.00075
-11,-46,0,100000,27,0.00027,81,0.00081
-11,-46,1,100000,45,0.00045,69,0.00069
-11,-46,2,100000,27,0.00027,72,0.00072
-11,-46,3,100000,35,0.00035,79,0.00079
-11,-46,4,100000,22,0.00022,80,0.0008
-11,-46,5,100000,23,0.00023,90,0.0009
-11,-45,0,100000,22,0.00022,96,0.00096
-11,-45,1,100000,30,0.0003,91,0.00091
-11,-45,2,100000,41,0.00041,95,0.00095
-11,-45,3,100000,27,0.00027,82,0.00082
-11,-45,4,100000,40,0.0004,83,0.00083
-11,-45,5,100000,41,0.00041,87,0.00087
-11,-44,0,100000,42,0.00042,87,0.00087
-11,-44,1,100000,46,0.00046,82,0.00082
-11,-44,2,100000,30,0.0003,72,0.00072
-11,-44,3,100000,34,0.00034,73,0.00073
-11,-44,4,100000,32,0.00032,81,0.00081
-11,-44,5,100000,29,0.00029,73,0.00073
-11,-43,0,100000,25,0.00025,83,0.00083
-11,-43,1,100000,48,0.00048,81,0.00081
-11,-43,2,100000,29,0.00029,68,0.00068
-11,-43,3,100000,33,0.00033,86,0.00086
-11,-43,4,100000,31,0.00031,86,0.00086
-11,-43,5,100000,53,0.00053,97,0.00097
-11,-42,0,100000,35,0.00035,105,0.00105
-11,-42,1,100000,35,0.00035,84,0.00084
-11,-42,2,100000,41,0.00041,83,0.00083
-11,-42,3,100000,48,0.00048,112,0.00112
-11,-42,4,100000,68,0.00068,139,0.00139
-11,-42,5,100000,40,0.0004,109,0.00109
-11,-41,0,100000,123,0.00123,228,0.00228
-11,-41,1,100000,97,0.00097,230,0.0023
-11,-41,2,100000,162,0.00162,291,0.00291
-11,-41,3,100000,165,0.00165,307,0.00307
-11,-41,4,100000,167,0.00167,356,0.00356
-11,-41,5,100000,164,0.00164,331,0.00331
-11,-40,0,100000,216,0.00216,422,0.00422
-11,-40,1,100000,282,0.00282,510,0.0051
-11,-40,2,100000,350,0.0035,638,0.00638
-11,-40,3,100000,316,0.00316,637,0.00637
-11,-40,4,100000,330,0.0033,671,0.00671
-11,-40,5,100000,320,0.0032,622,0.00622
-11,-39,0,100000,304,0.00304,603,0.00603
-11,-39,1,100000,469,0.00469,901,0.00901
-11,-39,2,100000,524,0.00524,1055,0.01055
-11,-39,3,100000,527,0.00527,1039,0.01039
-11,-39,4,100000,576,0.00576,1096,0.01096
-11,-39,5,100000,495,0.00495,939,0.00939
-11,-38,0,100000,404,0.00404,730,0.0073
-11,-38,1,100000,429,0.00429,861,0.00861
-11,-38,2,100000,620,0.0062,1249,0.01249
-11,-38,3,100000,649,0.00649,1342,0.01342
-11,-38,4,100000,670,0.0067,1283,0.01283
-11,-38,5,100000,529,0.00529,1002,0.01002
-11,-37,0,100000,412,0.00412,749,0.00749
-11,-37,1,100000,507,0.00507,968,0.00968
-11,-37,2,100000,597,0.00597,1233,0.01233
-11,-37,3,100000,709,0.00709,1388,0.01388
-11,-37,4,100000,611,0.00611,1245,0.01245
-11,-37,5,100000,464,0.00464,910,0.0091
-11,-36,0,100000,384,0.00384,705,0.00705
-11,-36,1,100000,466,0.00466,935,0.00935
-11,-36,2,100000,641,0.00641,1261,0.01261
-11,-36,3,100000,691,0.00691,1360,0.0136
-11,-36,4,100000,648,0.00648,1270,0.0127
-11,-36,5,100000,521,0.00521,978,0.00978
-11,-35,0,100000,394,0.00394,738,0.00738
-11,-35,1,100000,510,0.0051,998,0.00998
-11,-35,2,100000,606,0.00606,1270,0.0127
-11,-35,3,100000,623,0.00623,1349,0.01349
-11,-35,4,100000,652,0.00652,1272,0.01272
-11,-35,5,100000,527,0.00527,960,0.0096
-11,-34,0,100000,413,0.00413,768,0.00768
-11,-34,1,100000,499,0.00499,974,0.00974
-11,-34,2,100000,598,0.00598,1248,0.01248
-11,-34,3,100000,684,0.00684,1364,0.01364
-11,-34,4,100000,648,0.00648,1242,0.01242
-11,-34,5,100000,493,0.00493,972,0.00972
-11,-33,0,100000,409,0.00409,738,0.00738
-11,-33,1,100000,498,0.00498,956,0.00956
-11,-33,2,100000,607,0.00607,1246,0.01246
-11,-33,3,100000,738,0.00738,1399,0.01399
-11,-33,4,100000,617,0.00617,1225,0.01225
-11,-33,5,100000,549,0.00549,993,0.00993
-11,-32,0,100000,365,0.00365,736,0.00736
-11,-32,1,100000,533,0.00533,960,0.0096
-11,-32,2,100000,635,0.00635,1249,0.01249
-11,-32,3,100000,666,0.00666,1328,0.01328
-11,-32,4,100000,625,0.00625,1239,0.01239
-11,-32,5,100000,477,0.00477,945,0.00945
-11,-31,0,100000,392,0.00392,746,0.00746
-11,-31,1,100000,492,0.00492,932,0.00932
-11,-31,2,100000,621,0.00621,1276,0.01276
-11,-31,3,100000,715,0.00715,1442,0.01442
-11,-31,4,100000,657,0.00657,1298,0.01298
-11,-31,5,100000,439,0.00439,894,0.00894
-11,-30,0,100000,368,0.00368,746,0.00746
-11,-30,1,100000,474,0.00474,907,0.00907
-11,-30,2,100000,686,0.00686,1338,0.01338
-11,-30,3,100000,721,0.00721,1326,0.01326
-11,-30,4,100000,684,0.00684,1319,0.01319
-11,-30,5,100000,449,0.00449,881,0.00881
-11,-29,0,100000,401,0.00401,741,0.00741
-11,-29,1,100000,478,0.00478,983,0.00983
-11,-29,2,100000,569,0.00569,1250,0.0125
-11,-29,3,100000,675,0.00675,1409,0.01409
-11,-29,4,100000,623,0.00623,1224,0.01224
-11,-29,5,100000,458,0.00458,931,0.00931
-11,-28,0,100000,448,0.00448,764,0.00764
-11,-28,1,100000,506,0.00506,971,0.00971
-11,-28,2,100000,617,0.00617,1229,0.01229
-11,-28,3,100000,686,0.00686,1373,0.01373
-11,-28,4,100000,626,0.00626,1214,0.01214
-11,-28,5,100000,536,0.00536,974,0.00974
-11,-27,0,100000,417,0.00417,781,0.00781
-11,-27,1,100000,515,0.00515,939,0.00939
-11,-27,2,100000,646,0.00646,1232,0.01232
-11,-27,3,100000,693,0.00693,1361,0.01361
-11,-27,4,100000,651,0.00651,1272,0.01272
-11,-27,5,100000,485,0.00485,932,0.00932
-11,-26,0,100000,354,0.00354,731,0.00731
-11,-26,1,100000,531,0.00531,962,0.00962
-11,-26,2,100000,716,0.00716,1282,0.01282
-11,-26,3,100000,713,0.00713,1434,0.01434
-11,-26,4,100000,599,0.00599,1235,0.01235
-11,-26,5,100000,539,0.00539,1023,0.01023
-11,-25,0,100000,371,0.00371,759,0.00759
-11,-25,1,100000,474,0.00474,914,0.00914
-11,-25,2,100000,577,0.00577,1228,0.01228
-11,-25,3,100000,737,0.00737,1454,0.01454
-11,-25,4,100000,612,0.00612,1270,0.0127
-11,-25,5,100000,459,0.00459,910,0.0091
-11,-24,0,100000,382,0.00382,726,0.00726
-11,-24,1,100000,540,0.0054,923,0.00923
-11,-24,2,100000,635,0.00635,1247,0.01247
-11,-24,3,100000,675,0.00675,1397,0.01397
-11,-24,4,100000,636,0.00636,1300,0.013
-11,-24,5,100000,471,0.00471,918,0.00918
-11,-23,0,100000,365,0.00365,709,0.00709
-11,-23,1,100000,493,0.00493,933,0.00933
-11,-23,2,100000,578,0.00578,1253,0.01253
-11,-23,3,100000,724,0.00724,1395,0.01395
-11,-23,4,100000,666,0.00666,1233,0.01233
-11,-23,5,100000,490,0.0049,896,0.00896
-11,-22,0,100000,405,0.00405,741,0.00741
-11,-22,1,100000,517,0.00517,921,0.00921
-11,-22,2,100000,628,0.00628,1247,0.01247
-11,-22,3,100000,613,0.00613,1340,0.0134
-11,-22,4,100000,651,0.00651,1272,0.01272
-11,-22,5,100000,499,0.00499,977,0.00977
-11,-21,0,100000,381,0.00381,735,0.00735
-11,-21,1,100000,491,0.00491,941,0.00941
-11,-21,2,100000,645,0.00645,1305,0.01305
-11,-21,3,100000,657,0.00657,1372,0.01372
-11,-21,4,100000,593,0.00593,1178,0.01178
-11,-21,5,100000,485,0.00485,933,0.00933
-11,-20,0,100000,406,0.00406,769,0.00769
-11,-20,1,100000,505,0.00505,966,0.00966
-11,-20,2,100000,675,0.00675,1355,0.01355
-11,-20,3,100000,700,0.007,1405,0.01405
-11,-20,4,100000,672,0.00672,1312,0.01312
-11,-20,5,100000,499,0.00499,950,0.0095
-11,-19,0,100000,394,0.00394,753,0.00753
-11,-19,1,100000,489,0.00489,947,0.00947
-11,-19,2,100000,649,0.00649,1292,0.01292
-11,-19,3,100000,755,0.00755,1425,0.01425
-11,-19,4,100000,639,0.00639,1307,0.01307
-11,-19,5,100000,479,0.00479,904,0.00904
-11,-18,0,100000,398,0.00398,745,0.00745
-11,-18,1,100000,534,0.00534,974,0.00974
-11,-18,2,100000,634,0.00634,1235,0.01235
-11,-18,3,100000,737,0.00737,1396,0.01396
-11,-18,4,100000,635,0.00635,1302,0.01302
-11,-18,5,100000,483,0.00483,925,0.00925
-11,-17,0,100000,371,0.00371,757,0.00757
-11,-17,1,100000,478,0.00478,960,0.0096
-11,-17,2,100000,639,0.00639,1290,0.0129
-11,-17,3,100000,640,0.0064,1349,0.01349
-11,-17,4,100000,678,0.00678,1324,0.01324
-11,-17,5,100000,533,0.00533,945,0.00945
-11,-16,0,100000,375,0.00375,734,0.00734
-11,-16,1,100000,431,0.00431,873,0.00873
-11,-16,2,100000,587,0.00587,1295,0.01295
-11,-16,3,100000,650,0.0065,1332,0.01332
-11,-16,4,100000,622,0.00622,1214,0.01214
-11,-16,5,100000,531,0.00531,989,0.00989
-11,-15,0,100000,432,0.00432,775,0.00775
-11,-15,1,100000,508,0.00508,1001,0.01001
-11,-15,2,100000,598,0.00598,1267,0.01267
-11,-15,3,100000,718,0.00718,1416,0.01416
-11,-15,4,100000,656,0.00656,1290,0.0129
-11,-15,5,100000,492,0.00492,922,0.00922
-11,-14,0,100000,389,0.00389,678,0.00678
-11,-14,1,100000,503,0.00503,937,0.00937
-11,-14,2,100000,584,0.00584,1270,0.0127
-11,-14,3,100000,679,0.00679,1373,0.01373
-11,-14,4,100000,623,0.00623,1264,0.01264
-11,-14,5,100000,475,0.00475,926,0.00926
-11,-13,0,100000,394,0.00394,764,0.00764
-11,-13,1,100000,522,0.00522,952,0.00952
-11,-13,2,100000,639,0.00639,1291,0.01291
-11,-13,3,100000,675,0.00675,1413,0.01413
-11,-13,4,100000,655,0.00655,1253,0.01253
-11,-13,5,100000,521,0.00521,980,0.0098
-11,-12,0,100000,417,0.00417,764,0.00764
-11,-12,1,100000,499,0.00499,911,0.00911
-11,-12,2,100000,682,0.00682,1328,0.01328
-11,-12,3,100000,648,0.00648,1368,0.01368
-11,-12,4,100000,610,0.0061,1247,0.01247
-11,-12,5,100000,478,0.00478,932,0.00932
-11,-11,0,100000,394,0.00394,745,0.00745
-11,-11,1,100000,480,0.0048,957,0.00957
-11,-11,2,100000,608,0.00608,1284,0.01284
-11,-11,3,100000,656,0.00656,1357,0.01357
-11,-11,4,100000,640,0.0064,1298,0.01298
-11,-11,5,100000,454,0.00454,961,0.00961
-11,-10,0,100000,373,0.00373,723,0.00723
-11,-10,1,100000,485,0.00485,940,0.0094
-11,-10,2,100000,657,0.00657,1306,0.01306
-11,-10,3,100000,676,0.00676,1342,0.01342
-11,-10,4,100000,621,0.00621,1180,0.0118
-11,-10,5,100000,495,0.00495,968,0.00968
-11,-9,0,100000,399,0.00399,737,0.00737
-11,-9,1,100000,544,0.00544,993,0.00993
-11,-9,2,100000,652,0.00652,1261,0.01261
-11,-9,3,100000,682,0.00682,1405,0.01405
-11,-9,4,100000,669,0.00669,1276,0.01276
-11,-9,5,100000,450,0.0045,942,0.00942
-11,-8,0,100000,411,0.00411,727,0.00727
-11,-8,1,100000,449,0.00449,905,0.00905
-11,-8,2,100000,612,0.00612,1250,0.0125
-11,-8,3,100000,700,0.007,1386,0.01386
-11,-8,4,100000,614,0.00614,1272,0.01272
-11,-8,5,100000,524,0.00524,922,0.00922
-11,-7,0,100000,364,0.00364,736,0.00736
-11,-7,1,100000,502,0.00502,972,0.00972
-11,-7,2,100000,674,0.00674,1249,0.01249
-11,-7,3,100000,607,0.00607,1330,0.0133
-11,-7,4,100000,682,0.00682,1331,0.01331
-11,-7,5,100000,485,0.00485,909,0.00909
-11,-6,0,100000,331,0.00331,674,0.00674
-11,-6,1,100000,500,0.005,960,0.0096
-11,-6,2,100000,686,0.00686,1283,0.01283
-11,-6,3,100000,702,0.00702,1401,0.01401
-11,-6,4,100000,592,0.00592,1257,0.01257
-11,-6,5,100000,469,0.00469,964,0.00964
-11,-5,0,100000,384,0.00384,712,0.00712
-11,-5,1,100000,465,0.00465,922,0.00922
-11,-5,2,100000,666,0.00666,1292,0.01292
-11,-5,3,100000,627,0.00627,1367,0.01367
-11,-5,4,100000,660,0.0066,1323,0.01323
-11,-5,5,100000,561,0.00561,969,0.00969
-11,-4,0,100000,427,0.00427,741,0.00741
-11,-4,1,100000,508,0.00508,911,0.00911
-11,-4,2,100000,636,0.00636,1337,0.01337
-11,-4,3,100000,705,0.00705,1382,0.01382
-11,-4,4,100000,625,0.00625,1292,0.01292
-11,-4,5,100000,478,0.00478,946,0.00946
-11,-3,0,100000,380,0.0038,737,0.00737
-11,-3,1,100000,540,0.0054,912,0.00912
-11,-3,2,100000,568,0.00568,1248,0.01248
-11,-3,3,100000,717,0.00717,1419,0.01419
-11,-3,4,100000,558,0.00558,1217,0.01217
-11,-3,5,100000,470,0.0047,901,0.00901
-11,-2,0,100000,368,0.00368,772,0.00772
-11,-2,1,100000,496,0.00496,946,0.00946
-11,-2,2,100000,611,0.00611,1231,0.01231
-11,-2,3,100000,687,0.00687,1358,0.01358
-11,-2,4,100000,657,0.00657,1322,0.01322
-11,-2,5,100000,571,0.00571,949,0.00949
-11,-1,0,100000,395,0.00395,753,0.00753
-11,-1,1,100000,543,0.00543,1009,0.01009
-11,-1,2,100000,599,0.00599,1203,0.01203
-11,-1,3,100000,670,0.0067,1423,0.01423
-11,-1,4,100000,667,0.00667,1279,0.01279
-11,-1,5,100000,498,0.00498,947,0.00947
-11,0,0,100000,387,0.00387,777,0.00777
-11,0,1,100000,501,0.00501,921,0.00921
-11,0,2,100000,628,0.00628,1236,0.01236
-11,0,3,100000,698,0.00698,1395,0.01395
-11,0,4,100000,701,0.00701,1294,0.01294
-11,0,5,100000,466,0.00466,928,0.00928
-11,1,0,100000,390,0.0039,740,0.0074
-11,1,1,100000,482,0.00482,954,0.00954
-11,1,2,100000,643,0.00643,1288,0.01288
-11,1,3,100000,726,0.00726,1400,0.014
-11,1,4,100000,664,0.00664,1307,0.01307
-11,1,5,100000,479,0.00479,926,0.00926
-11,2,0,100000,436,0.00436,741,0.00741
-11,2,1,100000,488,0.00488,952,0.00952
-11,2,2,100000,654,0.00654,1218,0.01218
-11,2,3,100000,704,0.00704,1410,0.0141
-11,2,4,100000,598,0.00598,1253,0.01253
-11,2,5,100000,458,0.00458,930,0.0093
-11,3,0,100000,386,0.00386,736,0.00736
-11,3,1,100000,477,0.00477,937,0.00937
-11,3,2,100000,637,0.00637,1278,0.01278
-11,3,3,100000,656,0.00656,1422,0.01422
-11,3,4,100000,608,0.00608,1231,0.01231
-11,3,5,100000,496,0.00496,929,0.00929
-11,4,0,100000,392,0.00392,757,0.00757
-11,4,1,100000,477,0.00477,936,0.00936
-11,4,2,100000,608,0.00608,1265,0.01265
-11,4,3,100000,648,0.00648,1374,0.01374
-11,4,4,100000,638,0.00638,1312,0.01312
-11,4,5,100000,427,0.00427,917,0.00917
-11,5,0,100000,402,0.00402,732,0.00732
-11,5,1,100000,436,0.00436,918,0.00918
-11,5,2,100000,638,0.00638,1297,0.01297
-11,5,3,100000,656,0.00656,1405,0.01405
-11,5,4,100000,678,0.00678,1328,0.01328
-11,5,5,100000,514,0.00514,943,0.00943
-11,6,0,100000,418,0.00418,753,0.00753
-11,6,1,100000,438,0.00438,897,0.00897
-11,6,2,100000,666,0.00666,1355,0.01355
-11,6,3,100000,687,0.00687,1437,0.01437
-11,6,4,100000,613,0.00613,1220,0.0122
-11,6,5,100000,455,0.00455,954,0.00954
-11,7,0,100000,391,0.00391,748,0.00748
-11,7,1,100000,474,0.00474,915,0.00915
-11,7,2,100000,610,0.0061,1214,0.01214
-11,7,3,100000,673,0.00673,1385,0.01385
-11,7,4,100000,692,0.00692,1288,0.01288
-11,7,5,100000,530,0.0053,977,0.00977
-11,8,0,100000,376,0.00376,720,0.0072
-11,8,1,100000,460,0.0046,903,0.00903
-11,8,2,100000,631,0.00631,1274,0.01274
-11,8,3,100000,688,0.00688,1408,0.01408
-11,8,4,100000,670,0.0067,1271,0.01271
-11,8,5,100000,516,0.00516,946,0.00946
-11,9,0,100000,407,0.00407,765,0.00765
-11,9,1,100000,517,0.00517,963,0.00963
-11,9,2,100000,592,0.00592,1227,0.01227
-11,9,3,100000,674,0.00674,1416,0.01416
-11,9,4,100000,650,0.0065,1261,0.01261
-11,9,5,100000,568,0.00568,1016,0.01016
-11,10,0,100000,376,0.00376,794,0.00794
-11,10,1,100000,456,0.00456,903,0.00903
-11,10,2,100000,630,0.0063,1274,0.01274
-11,10,3,100000,736,0.00736,1434,0.01434
-11,10,4,100000,678,0.00678,1280,0.0128
-11,10,5,100000,528,0.00528,988,0.00988
-11,11,0,100000,410,0.0041,722,0.00722
-11,11,1,100000,479,0.00479,975,0.00975
-11,11,2,100000,635,0.00635,1236,0.01236
-11,11,3,100000,743,0.00743,1460,0.0146
-11,11,4,100000,643,0.00643,1244,0.01244
-11,11,5,100000,482,0.00482,931,0.00931
-11,12,0,100000,375,0.00375,734,0.00734
-11,12,1,100000,514,0.00514,1001,0.01001
-11,12,2,100000,610,0.0061,1279,0.01279
-11,12,3,100000,657,0.00657,1371,0.01371
-11,12,4,100000,651,0.00651,1237,0.01237
-11,12,5,100000,504,0.00504,944,0.00944
-11,13,0,100000,382,0.00382,755,0.00755
-11,13,1,100000,523,0.00523,969,0.00969
-11,13,2,100000,638,0.00638,1280,0.0128
-11,13,3,100000,720,0.0072,1375,0.01375
-11,13,4,100000,645,0.00645,1284,0.01284
-11,13,5,100000,485,0.00485,928,0.00928
-11,14,0,100000,440,0.0044,781,0.00781
-11,14,1,100000,435,0.00435,931,0.00931
-11,14,2,100000,608,0.00608,1275,0.01275
-11,14,3,100000,704,0.00704,1427,0.01427
-11,14,4,100000,626,0.00626,1271,0.01271
-11,14,5,100000,492,0.00492,934,0.00934
-11,15,0,100000,387,0.00387,776,0.00776
-11,15,1,100000,475,0.00475,932,0.00932
-11,15,2,100000,708,0.00708,1318,0.01318
-11,15,3,100000,690,0.0069,1420,0.0142
-11,15,4,100000,601,0.00601,1251,0.01251
-11,15,5,100000,518,0.00518,975,0.00975
-11,16,0,100000,405,0.00405,705,0.00705
-11,16,1,100000,482,0.00482,982,0.00982
-11,16,2,100000,641,0.00641,1288,0.01288
-11,16,3,100000,701,0.00701,1411,0.01411
-11,16,4,100000,608,0.00608,1269,0.01269
-11,16,5,100000,488,0.00488,934,0.00934
-11,17,0,100000,406,0.00406,758,0.00758
-11,17,1,100000,516,0.00516,984,0.00984
-11,17,2,100000,626,0.00626,1274,0.01274
-11,17,3,100000,648,0.00648,1356,0.01356
-11,17,4,100000,654,0.00654,1244,0.01244
-11,17,5,100000,438,0.00438,942,0.00942
-11,18,0,100000,375,0.00375,756,0.00756
-11,18,1,100000,511,0.00511,977,0.00977
-11,18,2,100000,654,0.00654,1290,0.0129
-11,18,3,100000,713,0.00713,1444,0.01444
-11,18,4,100000,623,0.00623,1317,0.01317
-11,18,5,100000,472,0.00472,919,0.00919
-11,19,0,100000,382,0.00382,745,0.00745
-11,19,1,100000,479,0.00479,916,0.00916
-11,19,2,100000,678,0.00678,1303,0.01303
-11,19,3,100000,701,0.00701,1357,0.01357
-11,19,4,100000,612,0.00612,1300,0.013
-11,19,5,100000,443,0.00443,909,0.00909
-11,20,0,100000,421,0.00421,791,0.00791
-11,20,1,100000,481,0.00481,947,0.00947
-11,20,2,100000,592,0.00592,1224,0.01224
-11,20,3,100000,707,0.00707,1371,0.01371
-11,20,4,100000,648,0.00648,1278,0.01278
-11,20,5,100000,476,0.00476,963,0.00963
-11,21,0,100000,364,0.00364,705,0.00705
-11,21,1,100000,466,0.00466,916,0.00916
-11,21,2,100000,591,0.00591,1261,0.01261
-11,21,3,100000,715,0.00715,1366,0.01366
-11,21,4,100000,715,0.00715,1308,0.01308
-11,21,5,100000,473,0.00473,938,0.00938
-11,22,0,100000,384,0.00384,771,0.00771
-11,22,1,100000,509,0.00509,913,0.00913
-11,22,2,100000,656,0.00656,1279,0.01279
-11,22,3,100000,658,0.00658,1384,0.01384
-11,22,4,100000,653,0.00653,1255,0.01255
-11,22,5,100000,510,0.0051,985,0.00985
-11,23,0,100000,397,0.00397,750,0.0075
-11,23,1,100000,482,0.00482,935,0.00935
-11,23,2,100000,580,0.0058,1284,0.01284
-11,23,3,100000,680,0.0068,1327,0.01327
-11,23,4,100000,641,0.00641,1252,0.01252
-11,23,5,100000,522,0.00522,922,0.00922
-11,24,0,100000,421,0.00421,775,0.00775
-11,24,1,100000,457,0.00457,913,0.00913
-11,24,2,100000,636,0.00636,1298,0.01298
-11,24,3,100000,668,0.00668,1425,0.01425
-11,24,4,100000,663,0.00663,1329,0.01329
-11,24,5,100000,479,0.00479,961,0.00961
-11,25,0,100000,440,0.0044,823,0.00823
-11,25,1,100000,487,0.00487,965,0.00965
-11,25,2,100000,583,0.00583,1203,0.01203
-11,25,3,100000,682,0.00682,1360,0.0136
-11,25,4,100000,652,0.00652,1261,0.01261
-11,25,5,100000,448,0.00448,888,0.00888
-11,26,0,100000,396,0.00396,745,0.00745
-11,26,1,100000,500,0.005,927,0.00927
-11,26,2,100000,652,0.00652,1266,0.01266
-11,26,3,100000,744,0.00744,1371,0.01371
-11,26,4,100000,629,0.00629,1328,0.01328
-11,26,5,100000,461,0.00461,924,0.00924
-11,27,0,100000,398,0.00398,756,0.00756
-11,27,1,100000,544,0.00544,939,0.00939
-11,27,2,100000,651,0.00651,1278,0.01278
-11,27,3,100000,738,0.00738,1346,0.01346
-11,27,4,100000,660,0.0066,1220,0.0122
-11,27,5,100000,464,0.00464,870,0.0087
-11,28,0,100000,423,0.00423,765,0.00765
-11,28,1,100000,530,0.0053,1025,0.01025
-11,28,2,100000,638,0.00638,1201,0.01201
-11,28,3,100000,703,0.00703,1376,0.01376
-11,28,4,100000,617,0.00617,1229,0.01229
-11,28,5,100000,508,0.00508,969,0.00969
-11,29,0,100000,406,0.00406,725,0.00725
-11,29,1,100000,503,0.00503,880,0.0088
-11,29,2,100000,666,0.00666,1257,0.01257
-11,29,3,100000,710,0.0071,1386,0.01386
-11,29,4,100000,592,0.00592,1218,0.01218
-11,29,5,100000,453,0.00453,861,0.00861
-11,30,0,100000,397,0.00397,768,0.00768
-11,30,1,100000,518,0.00518,968,0.00968
-11,30,2,100000,650,0.0065,1260,0.0126
-11,30,3,100000,668,0.00668,1345,0.01345
-11,30,4,100000,657,0.00657,1276,0.01276
-11,30,5,100000,497,0.00497,926,0.00926
-11,31,0,100000,386,0.00386,749,0.00749
-11,31,1,100000,507,0.00507,986,0.00986
-11,31,2,100000,645,0.00645,1265,0.01265
-11,31,3,100000,747,0.00747,1453,0.01453
-11,31,4,100000,629,0.00629,1248,0.01248
-11,31,5,100000,479,0.00479,945,0.00945
-11,32,0,100000,401,0.00401,730,0.0073
-11,32,1,100000,513,0.00513,973,0.00973
-11,32,2,100000,633,0.00633,1355,0.01355
-11,32,3,100000,681,0.00681,1399,0.01399
-11,32,4,100000,601,0.00601,1239,0.01239
-11,32,5,100000,476,0.00476,940,0.0094
-11,33,0,100000,386,0.00386,740,0.0074
-11,33,1,100000,477,0.00477,909,0.00909
-11,33,2,100000,673,0.00673,1304,0.01304
-11,33,3,100000,669,0.00669,1416,0.01416
-11,33,4,100000,673,0.00673,1287,0.01287
-11,33,5,100000,431,0.00431,908,0.00908
-11,34,0,100000,434,0.00434,726,0.00726
-11,34,1,100000,541,0.00541,968,0.00968
-11,34,2,100000,632,0.00632,1277,0.01277
-11,34,3,100000,674,0.00674,1363,0.01363
-11,34,4,100000,640,0.0064,1212,0.01212
-11,34,5,100000,452,0.00452,948,0.00948
-11,35,0,100000,359,0.00359,675,0.00675
-11,35,1,100000,559,0.00559,1003,0.01003
-11,35,2,100000,658,0.00658,1236,0.01236
-11,35,3,100000,696,0.00696,1388,0.01388
-11,35,4,100000,615,0.00615,1228,0.01228
-11,35,5,100000,500,0.005,885,0.00885
-11,36,0,100000,409,0.00409,769,0.00769
-11,36,1,100000,469,0.00469,958,0.00958
-11,36,2,100000,626,0.00626,1288,0.01288
-11,36,3,100000,656,0.00656,1395,0.01395
-11,36,4,100000,600,0.006,1206,0.01206
-11,36,5,100000,482,0.00482,956,0.00956
-11,37,0,100000,393,0.00393,740,0.0074
-11,37,1,100000,503,0.00503,979,0.00979
-11,37,2,100000,609,0.00609,1216,0.01216
-11,37,3,100000,695,0.00695,1329,0.01329
-11,37,4,100000,659,0.00659,1258,0.01258
-11,37,5,100000,493,0.00493,933,0.00933
-11,38,0,100000,349,0.00349,715,0.00715
-11,38,1,100000,468,0.00468,917,0.00917
-11,38,2,100000,675,0.00675,1241,0.01241
-11,38,3,100000,751,0.00751,1406,0.01406
-11,38,4,100000,595,0.00595,1202,0.01202
-11,38,5,100000,483,0.00483,908,0.00908
-11,39,0,100000,343,0.00343,653,0.00653
-11,39,1,100000,545,0.00545,973,0.00973
-11,39,2,100000,532,0.00532,1050,0.0105
-11,39,3,100000,558,0.00558,1095,0.01095
-11,39,4,100000,560,0.0056,1070,0.0107
-11,39,5,100000,405,0.00405,764,0.00764
-11,40,0,100000,210,0.0021,401,0.00401
-11,40,1,100000,320,0.0032,633,0.00633
-11,40,2,100000,273,0.00273,634,0.00634
-11,40,3,100000,368,0.00368,708,0.00708
-11,40,4,100000,417,0.00417,741,0.00741
-11,40,5,100000,302,0.00302,571,0.00571
-11,41,0,100000,97,0.00097,229,0.00229
-11,41,1,100000,161,0.00161,354,0.00354
-11,41,2,100000,154,0.00154,342,0.00342
-11,41,3,100000,156,0.00156,319,0.00319
-11,41,4,100000,166,0.00166,296,0.00296
-11,41,5,100000,110,0.0011,232,0.00232
-11,42,0,100000,51,0.00051,113,0.00113
-11,42,1,100000,47,0.00047,111,0.00111
-11,42,2,100000,58,0.00058,127,0.00127
-11,42,3,100000,60,0.0006,120,0.0012
-11,42,4,100000,53,0.00053,99,0.00099
-11,42,5,100000,37,0.00037,82,0.00082
-11,43,0,100000,48,0.00048,81,0.00081
-11,43,1,100000,27,0.00027,93,0.00093
-11,43,2,100000,37,0.00037,84,0.00084
-11,43,3,100000,29,0.00029,77,0.00077
-11,43,4,100000,29,0.00029,79,0.00079
-11,43,5,100000,34,0.00034,79,0.00079
-11,44,0,100000,44,0.00044,90,0.0009
-11,44,1,100000,50,0.0005,92,0.00092
-11,44,2,100000,23,0.00023,76,0.00076
-11,44,3,100000,44,0.00044,86,0.00086
-11,44,4,100000,32,0.00032,68,0.00068
-11,44,5,100000,22,0.00022,75,0.00075
-11,45,0,100000,36,0.00036,83,0.00083
-11,45,1,100000,28,0.00028,67,0.00067
-11,45,2,100000,33,0.00033,95,0.00095
-11,45,3,100000,39,0.00039,85,0.00085
-11,45,4,100000,37,0.00037,84,0.00084
-11,45,5,100000,33,0.00033,83,0.00083
-11,46,0,100000,39,0.00039,89,0.00089
-11,46,1,100000,27,0.00027,75,0.00075
-11,46,2,100000,43,0.00043,85,0.00085
-11,46,3,100000,25,0.00025,65,0.00065
-11,46,4,100000,27,0.00027,79,0.00079
-11,46,5,100000,36,0.00036,77,0.00077
-11,47,0,100000,29,0.00029,81,0.00081
-11,47,1,100000,37,0.00037,90,0.0009
-11,47,2,100000,34,0.00034,80,0.0008
-11,47,3,100000,31,0.00031,84,0.00084
-11,47,4,100000,42,0.00042,87,0.00087
-11,47,5,100000,20,0.0002,82,0.00082
-11,48,0,100000,47,0.00047,75,0.00075
-11,48,1,100000,20,0.0002,69,0.00069
-11,48,2,100000,31,0.00031,67,0.00067
-11,48,3,100000,23,0.00023,83,0.00083
-11,48,4,100000,28,0.00028,70,0.0007
-11,48,5,100000,49,0.00049,83,0.00083
-11,49,0,100000,16,0.00016,64,0.00064
-11,49,1,100000,28,0.00028,74,0.00074
-11,49,2,100000,32,0.00032,75,0.00075
-11,49,3,100000,29,0.00029,67,0.00067
-11,49,4,100000,21,0.00021,81,0.00081
-11,49,5,100000,49,0.00049,81,0.00081
-11,50,0,100000,16,0.00016,71,0.00071
-11,50,1,100000,37,0.00037,76,0.00076
-11,50,2,100000,41,0.00041,78,0.00078
-11,50,3,100000,43,0.00043,77,0.00077
-11,50,4,100000,39,0.00039,80,0.0008
-11,50,5,100000,31,0.00031,72,0.00072
-10,-50,0,100000,30,0.0003,64,0.00064
-10,-50,1,100000,43,0.00043,82,0.00082
-10,-50,2,100000,32,0.00032,75,0.00075
-10,-50,3,100000,35,0.00035,74,0.00074
-10,-50,4,100000,25,0.00025,71,0.00071
-10,-50,5,100000,40,0.0004,83,0.00083
-10,-49,0,100000,57,0.00057,98,0.00098
-10,-49,1,100000,45,0.00045,86,0.00086
-10,-49,2,100000,34,0.00034,79,0.00079
-10,-49,3,100000,28,0.00028,63,0.00063
-10,-49,4,100000,40,0.0004,78,0.00078
-10,-49,5,100000,21,0.00021,64,0.00064
-10,-48,0,100000,35,0.00035,81,0.00081
-10,-48,1,100000,39,0.00039,78,0.00078
-10,-48,2,100000,27,0.00027,69,0.00069
-10,-48,3,100000,29,0.00029,67,0.00067
-10,-48,4,100000,22,0.00022,93,0.00093
-10,-48,5,100000,42,0.00042,77,0.00077
-10,-47,0,100000,41,0.00041,98,0.00098
-10,-47,1,100000,20,0.0002,79,0.00079
-10,-47,2,100000,33,0.00033,76,0.00076
-10,-47,3,100000,39,0.00039,78,0.00078
-10,-47,4,100000,31,0.00031,77,0.00077
-10,-47,5,100000,20,0.0002,66,0.00066
-10,-46,0,100000,27,0.00027,88,0.00088
-10,-46,1,100000,36,0.00036,82,0.00082
-10,-46,2,100000,32,0.00032,82,0.00082
-10,-46,3,100000,32,0.00032,77,0.00077
-10,-46,4,100000,37,0.00037,89,0.00089
-10,-46,5,100000,29,0.00029,80,0.0008
-10,-45,0,100000,25,0.00025,82,0.00082
-10,-45,1,100000,26,0.00026,75,0.00075
-10,-45,2,100000,30,0.0003,94,0.00094
-10,-45,3,100000,32,0.00032,87,0.00087
-10,-45,4,100000,37,0.00037,93,0.00093
-10,-45,5,100000,39,0.00039,70,0.0007
-10,-44,0,100000,42,0.00042,94,0.00094
-10,-44,1,100000,36,0.00036,84,0.00084
-10,-44,2,100000,28,0.00028,69,0.00069
-10,-44,3,100000,34,0.00034,83,0.00083
-10,-44,4,100000,33,0.00033,92,0.00092
-10,-44,5,100000,42,0.00042,89,0.00089
-10,-43,0,100000,28,0.00028,95,0.00095
-10,-43,1,100000,34,0.00034,72,0.00072
-10,-43,2,100000,27,0.00027,89,0.00089
-10,-43,3,100000,39,0.00039,68,0.00068
-10,-43,4,100000,49,0.00049,74,0.00074
-10,-43,5,100000,32,0.00032,86,0.00086
-10,-42,0,100000,40,0.0004,105,0.00105
-10,-42,1,100000,43,0.00043,87,0.00087
-10,-42,2,100000,28,0.00028,93,0.00093
-10,-42,3,100000,48,0.00048,94,0.00094
-10,-42,4,100000,45,0.00045,115,0.00115
-10,-42,5,100000,64,0.00064,117,0.00117
-10,-41,0,100000,114,0.00114,237,0.00237
-10,-41,1,100000,90,0.0009,210,0.0021
-10,-41,2,100000,179,0.00179,300,0.003
-10,-41,3,100000,162,0.00162,313,0.00313
-10,-41,4,100000,165,0.00165,346,0.00346
-10,-41,5,100000,151,0.00151,323,0.00323
-10,-40,0,100000,214,0.00214,450,0.0045
-10,-40,1,100000,332,0.00332,558,0.00558
-10,-40,2,100000,429,0.00429,765,0.00765
-10,-40,3,100000,428,0.00428,729,0.00729
-10,-40,4,100000,414,0.00414,732,0.00732
-10,-40,5,100000,373,0.00373,695,0.00695
-10,-39,0,100000,332,0.00332,703,0.00703
-10,-39,1,100000,554,0.00554,955,0.00955
-10,-39,2,100000,673,0.00673,1255,0.01255
-10,-39,3,100000,628,0.00628,1231,0.01231
-10,-39,4,100000,634,0.00634,1196,0.01196
-10,-39,5,100000,600,0.006,1073,0.01073
-10,-38,0,100000,483,0.00483,835,0.00835
-10,-38,1,100000,573,0.00573,1032,0.01032
-10,-38,2,100000,662,0.00662,1275,0.01275
-10,-38,3,100000,729,0.00729,1466,0.01466
-10,-38,4,100000,693,0.00693,1338,0.01338
-10,-38,5,100000,572,0.00572,1074,0.01074
-10,-37,0,100000,443,0.00443,847,0.00847
-10,-37,1,100000,477,0.00477,976,0.00976
-10,-37,2,100000,671,0.00671,1338,0.01338
-10,-37,3,100000,766,0.00766,1483,0.01483
-10,-37,4,100000,617,0.00617,1313,0.01313
-10,-37,5,100000,543,0.00543,975,0.00975
-10,-36,0,100000,428,0.00428,784,0.00784
-10,-36,1,100000,504,0.00504,974,0.00974
-10,-36,2,100000,749,0.00749,1384,0.01384
-10,-36,3,100000,744,0.00744,1470,0.0147
-10,-36,4,100000,727,0.00727,1363,0.01363
-10,-36,5,100000,520,0.0052,956,0.00956
-10,-35,0,100000,465,0.00465,819,0.00819
-10,-35,1,100000,533,0.00533,969,0.00969
-10,-35,2,100000,694,0.00694,1371,0.01371
-10,-35,3,100000,736,0.00736,1480,0.0148
-10,-35,4,100000,699,0.00699,1409,0.01409
-10,-35,5,100000,526,0.00526,1044,0.01044
-10,-34,0,100000,444,0.00444,821,0.00821
-10,-34,1,100000,543,0.00543,954,0.00954
-10,-34,2,100000,703,0.00703,1357,0.01357
-10,-34,3,100000,755,0.00755,1539,0.01539
-10,-34,4,100000,693,0.00693,1391,0.01391
-10,-34,5,100000,576,0.00576,1040,0.0104
-10,-33,0,100000,442,0.00442,829,0.00829
-10,-33,1,100000,607,0.00607,1066,0.01066
-10,-33,2,100000,690,0.0069,1341,0.01341
-10,-33,3,100000,729,0.00729,1536,0.01536
-10,-33,4,100000,775,0.00775,1408,0.01408
-10,-33,5,100000,581,0.00581,1080,0.0108
-10,-32,0,100000,411,0.00411,819,0.00819
-10,-32,1,100000,584,0.00584,1052,0.01052
-10,-32,2,100000,679,0.00679,1392,0.01392
-10,-32,3,100000,752,0.00752,1521,0.01521
-10,-32,4,100000,680,0.0068,1330,0.0133
-10,-32,5,100000,520,0.0052,980,0.0098
-10,-31,0,100000,414,0.00414,804,0.00804
-10,-31,1,100000,519,0.00519,1036,0.01036
-10,-31,2,100000,701,0.00701,1324,0.01324
-10,-31,3,100000,788,0.00788,1501,0.01501
-10,-31,4,100000,673,0.00673,1350,0.0135
-10,-31,5,100000,498,0.00498,1025,0.01025
-10,-30,0,100000,485,0.00485,833,0.00833
-10,-30,1,100000,526,0.00526,1036,0.01036
-10,-30,2,100000,673,0.00673,1340,0.0134
-10,-30,3,100000,766,0.00766,1503,0.01503
-10,-30,4,100000,688,0.00688,1354,0.01354
-10,-30,5,100000,535,0.00535,1041,0.01041
-10,-29,0,100000,428,0.00428,838,0.00838
-10,-29,1,100000,552,0.00552,1038,0.01038
-10,-29,2,100000,691,0.00691,1358,0.01358
-10,-29,3,100000,780,0.0078,1527,0.01527
-10,-29,4,100000,692,0.00692,1366,0.01366
-10,-29,5,100000,521,0.00521,991,0.00991
-10,-28,0,100000,427,0.00427,803,0.00803
-10,-28,1,100000,554,0.00554,1079,0.01079
-10,-28,2,100000,671,0.00671,1349,0.01349
-10,-28,3,100000,723,0.00723,1470,0.0147
-10,-28,4,100000,680,0.0068,1365,0.01365
-10,-28,5,100000,483,0.00483,982,0.00982
-10,-27,0,100000,433,0.00433,808,0.00808
-10,-27,1,100000,520,0.0052,1032,0.01032
-10,-27,2,100000,663,0.00663,1312,0.01312
-10,-27,3,100000,763,0.00763,1512,0.01512
-10,-27,4,100000,712,0.00712,1344,0.01344
-10,-27,5,100000,568,0.00568,1044,0.01044
-10,-26,0,100000,416,0.00416,847,0.00847
-10,-26,1,100000,529,0.00529,1016,0.01016
-10,-26,2,100000,702,0.00702,1364,0.01364
-10,-26,3,100000,705,0.00705,1423,0.01423
-10,-26,4,100000,705,0.00705,1325,0.01325
-10,-26,5,100000,548,0.00548,1061,0.01061
-10,-25,0,100000,449,0.00449,819,0.00819
-10,-25,1,100000,501,0.00501,984,0.00984
-10,-25,2,100000,725,0.00725,1422,0.01422
-10,-25,3,100000,813,0.00813,1557,0.01557
-10,-25,4,100000,776,0.00776,1461,0.01461
-10,-25,5,100000,516,0.00516,1045,0.01045
-10,-24,0,100000,453,0.00453,816,0.00816
-10,-24,1,100000,514,0.00514,1060,0.0106
-10,-24,2,100000,709,0.00709,1367,0.01367
-10,-24,3,100000,708,0.00708,1489,0.01489
-10,-24,4,100000,646,0.00646,1336,0.01336
-10,-24,5,100000,600,0.006,1062,0.01062
-10,-23,0,100000,458,0.00458,821,0.00821
-10,-23,1,100000,535,0.00535,1005,0.01005
-10,-23,2,100000,693,0.00693,1313,0.01313
-10,-23,3,100000,760,0.0076,1550,0.0155
-10,-23,4,100000,609,0.00609,1358,0.01358
-10,-23,5,100000,570,0.0057,1090,0.0109
-10,-22,0,100000,405,0.00405,810,0.0081
-10,-22,1,100000,534,0.00534,1034,0.01034
-10,-22,2,100000,770,0.0077,1389,0.01389
-10,-22,3,100000,853,0.00853,1540,0.0154
-10,-22,4,100000,693,0.00693,1360,0.0136
-10,-22,5,100000,503,0.00503,1031,0.01031
-10,-21,0,100000,474,0.00474,859,0.00859
-10,-21,1,100000,540,0.0054,1034,0.01034
-10,-21,2,100000,696,0.00696,1349,0.01349
-10,-21,3,100000,789,0.00789,1529,0.01529
-10,-21,4,100000,699,0.00699,1359,0.01359
-10,-21,5,100000,507,0.00507,1028,0.01028
-10,-20,0,100000,462,0.00462,857,0.00857
-10,-20,1,100000,546,0.00546,1093,0.01093
-10,-20,2,100000,689,0.00689,1331,0.01331
-10,-20,3,100000,681,0.00681,1423,0.01423
-10,-20,4,100000,711,0.00711,1377,0.01377
-10,-20,5,100000,533,0.00533,1025,0.01025
-10,-19,0,100000,398,0.00398,781,0.00781
-10,-19,1,100000,585,0.00585,1061,0.01061
-10,-19,2,100000,660,0.0066,1345,0.01345
-10,-19,3,100000,723,0.00723,1419,0.01419
-10,-19,4,100000,704,0.00704,1351,0.01351
-10,-19,5,100000,602,0.00602,1033,0.01033
-10,-18,0,100000,413,0.00413,798,0.00798
-10,-18,1,100000,553,0.00553,1018,0.01018
-10,-18,2,100000,652,0.00652,1388,0.01388
-10,-18,3,100000,801,0.00801,1471,0.01471
-10,-18,4,100000,704,0.00704,1433,0.01433
-10,-18,5,100000,517,0.00517,983,0.00983
-10,-17,0,100000,485,0.00485,832,0.00832
-10,-17,1,100000,511,0.00511,986,0.00986
-10,-17,2,100000,639,0.00639,1357,0.01357
-10,-17,3,100000,788,0.00788,1586,0.01586
-10,-17,4,100000,704,0.00704,1362,0.01362
-10,-17,5,100000,580,0.0058,1038,0.01038
-10,-16,0,100000,456,0.00456,822,0.00822
-10,-16,1,100000,568,0.00568,1042,0.01042
-10,-16,2,100000,715,0.00715,1306,0.01306
-10,-16,3,100000,741,0.00741,1518,0.01518
-10,-16,4,100000,718,0.00718,1377,0.01377
-10,-16,5,100000,616,0.00616,1057,0.01057
-10,-15,0,100000,447,0.00447,838,0.00838
-10,-15,1,100000,600,0.006,1045,0.01045
-10,-15,2,100000,744,0.00744,1397,0.01397
-10,-15,3,100000,785,0.00785,1500,0.015
-10,-15,4,100000,717,0.00717,1352,0.01352
-10,-15,5,100000,531,0.00531,1058,0.01058
-10,-14,0,100000,400,0.004,832,0.00832
-10,-14,1,100000,508,0.00508,1007,0.01007
-10,-14,2,100000,701,0.00701,1392,0.01392
-10,-14,3,100000,800,0.008,1531,0.01531
-10,-14,4,100000,741,0.00741,1344,0.01344
-10,-14,5,100000,563,0.00563,1054,0.01054
-10,-13,0,100000,441,0.00441,787,0.00787
-10,-13,1,100000,543,0.00543,1067,0.01067
-10,-13,2,100000,705,0.00705,1403,0.01403
-10,-13,3,100000,803,0.00803,1520,0.0152
-10,-13,4,100000,715,0.00715,1338,0.01338
-10,-13,5,100000,472,0.00472,979,0.00979
-10,-12,0,100000,494,0.00494,845,0.00845
-10,-12,1,100000,544,0.00544,967,0.00967
-10,-12,2,100000,692,0.00692,1342,0.01342
-10,-12,3,100000,758,0.00758,1496,0.01496
-10,-12,4,100000,681,0.00681,1364,0.01364
-10,-12,5,100000,505,0.00505,994,0.00994
-10,-11,0,100000,436,0.00436,811,0.00811
-10,-11,1,100000,507,0.00507,1025,0.01025
-10,-11,2,100000,726,0.00726,1399,0.01399
-10,-11,3,100000,789,0.00789,1512,0.01512
-10,-11,4,100000,669,0.00669,1312,0.01312
-10,-11,5,100000,528,0.00528,1027,0.01027
-10,-10,0,100000,422,0.00422,819,0.00819
-10,-10,1,100000,548,0.00548,1041,0.01041
-10,-10,2,100000,695,0.00695,1382,0.01382
-10,-10,3,100000,773,0.00773,1446,0.01446
-10,-10,4,100000,684,0.00684,1386,0.01386
-10,-10,5,100000,510,0.0051,985,0.00985
-10,-9,0,100000,433,0.00433,812,0.00812
-10,-9,1,100000,534,0.00534,1005,0.01005
-10,-9,2,100000,717,0.00717,1446,0.01446
-10,-9,3,100000,782,0.00782,1504,0.01504
-10,-9,4,100000,670,0.0067,1418,0.01418
-10,-9,5,100000,538,0.00538,1014,0.01014
-10,-8,0,100000,381,0.00381,805,0.00805
-10,-8,1,100000,509,0.00509,1020,0.0102
-10,-8,2,100000,665,0.00665,1359,0.01359
-10,-8,3,100000,734,0.00734,1461,0.01461
-10,-8,4,100000,712,0.00712,1420,0.0142
-10,-8,5,100000,499,0.00499,1034,0.01034
-10,-7,0,100000,433,0.00433,808,0.00808
-10,-7,1,100000,532,0.00532,1017,0.01017
-10,-7,2,100000,735,0.00735,1367,0.01367
-10,-7,3,100000,775,0.00775,1497,0.01497
-10,-7,4,100000,666,0.00666,1335,0.01335
-10,-7,5,100000,544,0.00544,1040,0.0104
-10,-6,0,100000,455,0.00455,837,0.00837
-10,-6,1,100000,531,0.00531,1020,0.0102
-10,-6,2,100000,752,0.00752,1379,0.01379
-10,-6,3,100000,772,0.00772,1560,0.0156
-10,-6,4,100000,676,0.00676,1422,0.01422
-10,-6,5,100000,531,0.00531,1043,0.01043
-10,-5,0,100000,399,0.00399,792,0.00792
-10,-5,1,100000,482,0.00482,983,0.00983
-10,-5,2,100000,688,0.00688,1310,0.0131
-10,-5,3,100000,731,0.00731,1556,0.01556
-10,-5,4,100000,718,0.00718,1416,0.01416
-10,-5,5,100000,524,0.00524,978,0.00978
-10,-4,0,100000,476,0.00476,870,0.0087
-10,-4,1,100000,591,0.00591,1020,0.0102
-10,-4,2,100000,733,0.00733,1418,0.01418
-10,-4,3,100000,778,0.00778,1542,0.01542
-10,-4,4,100000,707,0.00707,1379,0.01379
-10,-4,5,100000,539,0.00539,1036,0.01036
-10,-3,0,100000,451,0.00451,861,0.00861
-10,-3,1,100000,520,0.0052,1011,0.01011
-10,-3,2,100000,651,0.00651,1339,0.01339
-10,-3,3,100000,811,0.00811,1543,0.01543
-10,-3,4,100000,744,0.00744,1389,0.01389
-10,-3,5,100000,555,0.00555,1031,0.01031
-10,-2,0,100000,436,0.00436,834,0.00834
-10,-2,1,100000,492,0.00492,960,0.0096
-10,-2,2,100000,660,0.0066,1332,0.01332
-10,-2,3,100000,784,0.00784,1530,0.0153
-10,-2,4,100000,664,0.00664,1359,0.01359
-10,-2,5,100000,533,0.00533,1041,0.01041
-10,-1,0,100000,471,0.00471,817,0.00817
-10,-1,1,100000,580,0.0058,1036,0.01036
-10,-1,2,100000,694,0.00694,1341,0.01341
-10,-1,3,100000,753,0.00753,1537,0.01537
-10,-1,4,100000,710,0.0071,1383,0.01383
-10,-1,5,100000,488,0.00488,935,0.00935
-10,0,0,100000,446,0.00446,828,0.00828
-10,0,1,100000,554,0.00554,1058,0.01058
-10,0,2,100000,733,0.00733,1411,0.01411
-10,0,3,100000,720,0.0072,1475,0.01475
-10,0,4,100000,615,0.00615,1336,0.01336
-10,0,5,100000,515,0.00515,965,0.00965
-10,1,0,100000,435,0.00435,839,0.00839
-10,1,1,100000,588,0.00588,1091,0.01091
-10,1,2,100000,667,0.00667,1410,0.0141
-10,1,3,100000,739,0.00739,1443,0.01443
-10,1,4,100000,752,0.00752,1409,0.01409
-10,1,5,100000,526,0.00526,988,0.00988
-10,2,0,100000,430,0.0043,836,0.00836
-10,2,1,100000,540,0.0054,971,0.00971
-10,2,2,100000,696,0.00696,1308,0.01308
-10,2,3,100000,761,0.00761,1513,0.01513
-10,2,4,100000,671,0.00671,1343,0.01343
-10,2,5,100000,532,0.00532,1011,0.01011
-10,3,0,100000,419,0.00419,820,0.0082
-10,3,1,100000,540,0.0054,1016,0.01016
-10,3,2,100000,620,0.0062,1355,0.01355
-10,3,3,100000,789,0.00789,1515,0.01515
-10,3,4,100000,653,0.00653,1342,0.01342
-10,3,5,100000,571,0.00571,1050,0.0105
-10,4,0,100000,437,0.00437,869,0.00869
-10,4,1,100000,556,0.00556,1007,0.01007
-10,4,2,100000,694,0.00694,1313,0.01313
-10,4,3,100000,824,0.00824,1526,0.01526
-10,4,4,100000,712,0.00712,1434,0.01434
-10,4,5,100000,512,0.00512,1013,0.01013
-10,5,0,100000,427,0.00427,826,0.00826
-10,5,1,100000,545,0.00545,1031,0.01031
-10,5,2,100000,700,0.007,1314,0.01314
-10,5,3,100000,743,0.00743,1517,0.01517
-10,5,4,100000,741,0.00741,1343,0.01343
-10,5,5,100000,550,0.0055,1039,0.01039
-10,6,0,100000,465,0.00465,867,0.00867
-10,6,1,100000,555,0.00555,1034,0.01034
-10,6,2,100000,722,0.00722,1368,0.01368
-10,6,3,100000,771,0.00771,1546,0.01546
-10,6,4,100000,720,0.0072,1328,0.01328
-10,6,5,100000,529,0.00529,1005,0.01005
-10,7,0,100000,438,0.00438,864,0.00864
-10,7,1,100000,497,0.00497,978,0.00978
-10,7,2,100000,693,0.00693,1397,0.01397
-10,7,3,100000,801,0.00801,1529,0.01529
-10,7,4,100000,698,0.00698,1336,0.01336
-10,7,5,100000,512,0.00512,969,0.00969
-10,8,0,100000,427,0.00427,818,0.00818
-10,8,1,100000,545,0.00545,1010,0.0101
-10,8,2,100000,650,0.0065,1291,0.01291
-10,8,3,100000,800,0.008,1522,0.01522
-10,8,4,100000,740,0.0074,1339,0.01339
-10,8,5,100000,514,0.00514,974,0.00974
-10,9,0,100000,388,0.00388,793,0.00793
-10,9,1,100000,601,0.00601,1016,0.01016
-10,9,2,100000,713,0.00713,1371,0.01371
-10,9,3,100000,775,0.00775,1515,0.01515
-10,9,4,100000,755,0.00755,1385,0.01385
-10,9,5,100000,510,0.0051,1036,0.01036
-10,10,0,100000,470,0.0047,788,0.00788
-10,10,1,100000,470,0.0047,995,0.00995
-10,10,2,100000,711,0.00711,1412,0.01412
-10,10,3,100000,769,0.00769,1472,0.01472
-10,10,4,100000,737,0.00737,1392,0.01392
-10,10,5,100000,567,0.00567,988,0.00988
-10,11,0,100000,385,0.00385,848,0.00848
-10,11,1,100000,559,0.00559,1008,0.01008
-10,11,2,100000,679,0.00679,1369,0.01369
-10,11,3,100000,732,0.00732,1510,0.0151
-10,11,4,100000,685,0.00685,1376,0.01376
-10,11,5,100000,538,0.00538,999,0.00999
-10,12,0,100000,397,0.00397,799,0.00799
-10,12,1,100000,591,0.00591,1053,0.01053
-10,12,2,100000,709,0.00709,1375,0.01375
-10,12,3,100000,799,0.00799,1545,0.01545
-10,12,4,100000,718,0.00718,1392,0.01392
-10,12,5,100000,565,0.00565,1049,0.01049
-10,13,0,100000,418,0.00418,776,0.00776
-10,13,1,100000,549,0.00549,1016,0.01016
-10,13,2,100000,669,0.00669,1289,0.01289
-10,13,3,100000,751,0.00751,1519,0.01519
-10,13,4,100000,697,0.00697,1426,0.01426
-10,13,5,100000,531,0.00531,984,0.00984
-10,14,0,100000,470,0.0047,891,0.00891
-10,14,1,100000,488,0.00488,1030,0.0103
-10,14,2,100000,677,0.00677,1364,0.01364
-10,14,3,100000,690,0.0069,1471,0.01471
-10,14,4,100000,672,0.00672,1302,0.01302
-10,14,5,100000,537,0.00537,1025,0.01025
-10,15,0,100000,415,0.00415,844,0.00844
-10,15,1,100000,539,0.00539,1058,0.01058
-10,15,2,100000,675,0.00675,1380,0.0138
-10,15,3,100000,739,0.00739,1515,0.01515
-10,15,4,100000,750,0.0075,1357,0.01357
-10,15,5,100000,535,0.00535,990,0.0099
-10,16,0,100000,506,0.00506,886,0.00886
-10,16,1,100000,523,0.00523,989,0.00989
-10,16,2,100000,683,0.00683,1369,0.01369
-10,16,3,100000,841,0.00841,1538,0.01538
-10,16,4,100000,706,0.00706,1360,0.0136
-10,16,5,100000,537,0.00537,1044,0.01044
-10,17,0,100000,434,0.00434,788,0.00788
-10,17,1,100000,496,0.00496,1035,0.01035
-10,17,2,100000,692,0.00692,1360,0.0136
-10,17,3,100000,805,0.00805,1549,0.01549
-10,17,4,100000,696,0.00696,1419,0.01419
-10,17,5,100000,517,0.00517,996,0.00996
-10,18,0,100000,410,0.0041,770,0.0077
-10,18,1,100000,562,0.00562,1045,0.01045
-10,18,2,100000,665,0.00665,1366,0.01366
-10,18,3,100000,760,0.0076,1501,0.01501
-10,18,4,100000,743,0.00743,1380,0.0138
-10,18,5,100000,536,0.00536,1013,0.01013
-10,19,0,100000,431,0.00431,832,0.00832
-10,19,1,100000,563,0.00563,1026,0.01026
-10,19,2,100000,698,0.00698,1355,0.01355
-10,19,3,100000,754,0.00754,1508,0.01508
-10,19,4,100000,710,0.0071,1364,0.01364
-10,19,5,100000,504,0.00504,999,0.00999
-10,20,0,100000,480,0.0048,893,0.00893
-10,20,1,100000,546,0.00546,1103,0.01103
-10,20,2,100000,675,0.00675,1306,0.01306
-10,20,3,100000,793,0.00793,1572,0.01572
-10,20,4,100000,766,0.00766,1360,0.0136
-10,20,5,100000,506,0.00506,994,0.00994
-10,21,0,100000,456,0.00456,767,0.00767
-10,21,1,100000,499,0.00499,995,0.00995
-10,21,2,100000,671,0.00671,1324,0.01324
-10,21,3,100000,730,0.0073,1486,0.01486
-10,21,4,100000,693,0.00693,1384,0.01384
-10,21,5,100000,515,0.00515,1023,0.01023
-10,22,0,100000,449,0.00449,852,0.00852
-10,22,1,100000,529,0.00529,1003,0.01003
-10,22,2,100000,697,0.00697,1411,0.01411
-10,22,3,100000,785,0.00785,1449,0.01449
-10,22,4,100000,683,0.00683,1393,0.01393
-10,22,5,100000,573,0.00573,1039,0.01039
-10,23,0,100000,475,0.00475,798,0.00798
-10,23,1,100000,525,0.00525,983,0.00983
-10,23,2,100000,700,0.007,1358,0.01358
-10,23,3,100000,777,0.00777,1577,0.01577
-10,23,4,100000,716,0.00716,1415,0.01415
-10,23,5,100000,570,0.0057,1053,0.01053
-10,24,0,100000,434,0.00434,834,0.00834
-10,24,1,100000,540,0.0054,1016,0.01016
-10,24,2,100000,702,0.00702,1328,0.01328
-10,24,3,100000,790,0.0079,1569,0.01569
-10,24,4,100000,725,0.00725,1378,0.01378
-10,24,5,100000,532,0.00532,1077,0.01077
-10,25,0,100000,410,0.0041,829,0.00829
-10,25,1,100000,576,0.00576,1095,0.01095
-10,25,2,100000,712,0.00712,1375,0.01375
-10,25,3,100000,759,0.00759,1491,0.01491
-10,25,4,100000,722,0.00722,1403,0.01403
-10,25,5,100000,567,0.00567,1045,0.01045
-10,26,0,100000,432,0.00432,826,0.00826
-10,26,1,100000,526,0.00526,1055,0.01055
-10,26,2,100000,665,0.00665,1378,0.01378
-10,26,3,100000,701,0.00701,1436,0.01436
-10,26,4,100000,728,0.00728,1359,0.01359
-10,26,5,100000,543,0.00543,1030,0.0103
-10,27,0,100000,485,0.00485,861,0.00861
-10,27,1,100000,614,0.00614,1061,0.01061
-10,27,2,100000,676,0.00676,1420,0.0142
-10,27,3,100000,719,0.00719,1481,0.01481
-10,27,4,100000,698,0.00698,1360,0.0136
-10,27,5,100000,584,0.00584,1000,0.01
-10,28,0,100000,482,0.00482,855,0.00855
-10,28,1,100000,490,0.0049,1018,0.01018
-10,28,2,100000,676,0.00676,1385,0.01385
-10,28,3,100000,794,0.00794,1569,0.01569
-10,28,4,100000,705,0.00705,1344,0.01344
-10,28,5,100000,513,0.00513,998,0.00998
-10,29,0,100000,454,0.00454,844,0.00844
-10,29,1,100000,552,0.00552,1088,0.01088
-10,29,2,100000,728,0.00728,1396,0.01396
-10,29,3,100000,788,0.00788,1541,0.01541
-10,29,4,100000,718,0.00718,1394,0.01394
-10,29,5,100000,465,0.00465,967,0.00967
-10,30,0,100000,423,0.00423,793,0.00793
-10,30,1,100000,534,0.00534,1022,0.01022
-10,30,2,100000,782,0.00782,1443,0.01443
-10,30,3,100000,837,0.00837,1543,0.01543
-10,30,4,100000,683,0.00683,1339,0.01339
-10,30,5,100000,513,0.00513,1049,0.01049
-10,31,0,100000,452,0.00452,849,0.00849
-10,31,1,100000,533,0.00533,1033,0.01033
-10,31,2,100000,706,0.00706,1390,0.0139
-10,31,3,100000,747,0.00747,1505,0.01505
-10,31,4,100000,680,0.0068,1360,0.0136
-10,31,5,100000,523,0.00523,994,0.00994
-10,32,0,100000,409,0.00409,809,0.00809
-10,32,1,100000,535,0.00535,1006,0.01006
-10,32,2,100000,703,0.00703,1355,0.01355
-10,32,3,100000,772,0.00772,1466,0.01466
-10,32,4,100000,730,0.0073,1397,0.01397
-10,32,5,100000,496,0.00496,996,0.00996
-10,33,0,100000,420,0.0042,829,0.00829
-10,33,1,100000,532,0.00532,1002,0.01002
-10,33,2,100000,733,0.00733,1378,0.01378
-10,33,3,100000,729,0.00729,1497,0.01497
-10,33,4,100000,667,0.00667,1334,0.01334
-10,33,5,100000,546,0.00546,1038,0.01038
-10,34,0,100000,414,0.00414,779,0.00779
-10,34,1,100000,618,0.00618,1059,0.01059
-10,34,2,100000,774,0.00774,1430,0.0143
-10,34,3,100000,774,0.00774,1469,0.01469
-10,34,4,100000,716,0.00716,1379,0.01379
-10,34,5,100000,535,0.00535,1047,0.01047
-10,35,0,100000,462,0.00462,864,0.00864
-10,35,1,100000,561,0.00561,1038,0.01038
-10,35,2,100000,717,0.00717,1349,0.01349
-10,35,3,100000,814,0.00814,1572,0.01572
-10,35,4,100000,701,0.00701,1380,0.0138
-10,35,5,100000,577,0.00577,1062,0.01062
-10,36,0,100000,440,0.0044,852,0.00852
-10,36,1,100000,567,0.00567,1053,0.01053
-10,36,2,100000,604,0.00604,1294,0.01294
-10,36,3,100000,774,0.00774,1491,0.01491
-10,36,4,100000,691,0.00691,1402,0.01402
-10,36,5,100000,545,0.00545,1040,0.0104
-10,37,0,100000,453,0.00453,818,0.00818
-10,37,1,100000,468,0.00468,976,0.00976
-10,37,2,100000,682,0.00682,1342,0.01342
-10,37,3,100000,766,0.00766,1543,0.01543
-10,37,4,100000,685,0.00685,1317,0.01317
-10,37,5,100000,523,0.00523,997,0.00997
-10,38,0,100000,450,0.0045,808,0.00808
-10,38,1,100000,582,0.00582,1155,0.01155
-10,38,2,100000,765,0.00765,1402,0.01402
-10,38,3,100000,737,0.00737,1425,0.01425
-10,38,4,100000,733,0.00733,1338,0.01338
-10,38,5,100000,490,0.0049,974,0.00974
-10,39,0,100000,458,0.00458,756,0.00756
-10,39,1,100000,533,0.00533,1020,0.0102
-10,39,2,100000,648,0.00648,1236,0.01236
-10,39,3,100000,653,0.00653,1226,0.01226
-10,39,4,100000,641,0.00641,1156,0.01156
-10,39,5,100000,497,0.00497,895,0.00895
-10,40,0,100000,191,0.00191,413,0.00413
-10,40,1,100000,386,0.00386,678,0.00678
-10,40,2,100000,413,0.00413,777,0.00777
-10,40,3,100000,371,0.00371,720,0.0072
-10,40,4,100000,454,0.00454,757,0.00757
-10,40,5,100000,263,0.00263,511,0.00511
-10,41,0,100000,112,0.00112,242,0.00242
-10,41,1,100000,167,0.00167,362,0.00362
-10,41,2,100000,182,0.00182,345,0.00345
-10,41,3,100000,146,0.00146,294,0.00294
-10,41,4,100000,161,0.00161,277,0.00277
-10,41,5,100000,100,0.001,193,0.00193
-10,42,0,100000,51,0.00051,125,0.00125
-10,42,1,100000,68,0.00068,129,0.00129
-10,42,2,100000,51,0.00051,119,0.00119
-10,42,3,100000,83,0.00083,118,0.00118
-10,42,4,100000,43,0.00043,91,0.00091
-10,42,5,100000,30,0.0003,77,0.00077
-10,43,0,100000,54,0.00054,97,0.00097
-10,43,1,100000,34,0.00034,85,0.00085
-10,43,2,100000,30,0.0003,92,0.00092
-10,43,3,100000,29,0.00029,82,0.00082
-10,43,4,100000,23,0.00023,59,0.00059
-10,43,5,100000,36,0.00036,73,0.00073
-10,44,0,100000,45,0.00045,101,0.00101
-10,44,1,100000,28,0.00028,80,0.0008
-10,44,2,100000,37,0.00037,78,0.00078
-10,44,3,100000,31,0.00031,79,0.00079
-10,44,4,100000,47,0.00047,66,0.00066
-10,44,5,100000,35,0.00035,78,0.00078
-10,45,0,100000,24,0.00024,77,0.00077
-10,45,1,100000,37,0.00037,73,0.00073
-10,45,2,100000,25,0.00025,81,0.00081
-10,45,3,100000,61,0.00061,78,0.00078
-10,45,4,100000,33,0.00033,77,0.00077
-10,45,5,100000,73,0.00073,78,0.00078
-10,46,0,100000,31,0.00031,82,0.00082
-10,46,1,100000,48,0.00048,77,0.00077
-10,46,2,100000,35,0.00035,93,0.00093
-10,46,3,100000,45,0.00045,94,0.00094
-10,46,4,100000,18,0.00018,66,0.00066
-10,46,5,100000,41,0.00041,97,0.00097
-10,47,0,100000,25,0.00025,75,0.00075
-10,47,1,100000,23,0.00023,66,0.00066
-10,47,2,100000,35,0.00035,73,0.00073
-10,47,3,100000,21,0.00021,59,0.00059
-10,47,4,100000,22,0.00022,67,0.00067
-10,47,5,100000,28,0.00028,67,0.00067
-10,48,0,100000,19,0.00019,78,0.00078
-10,48,1,100000,36,0.00036,66,0.00066
-10,48,2,100000,41,0.00041,76,0.00076
-10,48,3,100000,37,0.00037,66,0.00066
-10,48,4,100000,42,0.00042,77,0.00077
-10,48,5,100000,21,0.00021,62,0.00062
-10,49,0,100000,33,0.00033,75,0.00075
-10,49,1,100000,27,0.00027,68,0.00068
-10,49,2,100000,25,0.00025,74,0.00074
-10,49,3,100000,30,0.0003,76,0.00076
-10,49,4,100000,43,0.00043,82,0.00082
-10,49,5,100000,31,0.00031,72,0.00072
-10,50,0,100000,34,0.00034,83,0.00083
-10,50,1,100000,58,0.00058,76,0.00076
-10,50,2,100000,34,0.00034,66,0.00066
-10,50,3,100000,17,0.00017,68,0.00068
-10,50,4,100000,18,0.00018,67,0.00067
-10,50,5,100000,33,0.00033,72,0.00072
-9,-50,0,100000,43,0.00043,71,0.00071
-9,-50,1,100000,19,0.00019,73,0.00073
-9,-50,2,100000,22,0.00022,63,0.00063
-9,-50,3,100000,26,0.00026,63,0.00063
-9,-50,4,100000,21,0.00021,94,0.00094
-9,-50,5,100000,21,0.00021,62,0.00062
-9,-49,0,100000,28,0.00028,61,0.00061
-9,-49,1,100000,41,0.00041,93,0.00093
-9,-49,2,100000,18,0.00018,63,0.00063
-9,-49,3,100000,50,0.0005,88,0.00088
-9,-49,4,100000,23,0.00023,64,0.00064
-9,-49,5,100000,34,0.00034,73,0.00073
-9,-48,0,100000,33,0.00033,94,0.00094
-9,-48,1,100000,34,0.00034,63,0.00063
-9,-48,2,100000,29,0.00029,75,0.00075
-9,-48,3,100000,25,0.00025,80,0.0008
-9,-48,4,100000,43,0.00043,75,0.00075
-9,-48,5,100000,42,0.00042,83,0.00083
-9,-47,0,100000,26,0.00026,58,0.00058
-9,-47,1,100000,38,0.00038,75,0.00075
-9,-47,2,100000,39,0.00039,77,0.00077
-9,-47,3,100000,26,0.00026,81,0.00081
-9,-47,4,100000,31,0.00031,71,0.00071
-9,-47,5,100000,36,0.00036,77,0.00077
-9,-46,0,100000,30,0.0003,65,0.00065
-9,-46,1,100000,32,0.00032,82,0.00082
-9,-46,2,100000,36,0.00036,88,0.00088
-9,-46,3,100000,42,0.00042,86,0.00086
-9,-46,4,100000,28,0.00028,75,0.00075
-9,-46,5,100000,28,0.00028,71,0.00071
-9,-45,0,100000,30,0.0003,72,0.00072
-9,-45,1,100000,29,0.00029,77,0.00077
-9,-45,2,100000,31,0.00031,83,0.00083
-9,-45,3,100000,33,0.00033,87,0.00087
-9,-45,4,100000,33,0.00033,82,0.00082
-9,-45,5,100000,27,0.00027,80,0.0008
-9,-44,0,100000,32,0.00032,81,0.00081
-9,-44,1,100000,37,0.00037,89,0.00089
-9,-44,2,100000,38,0.00038,80,0.0008
-9,-44,3,100000,34,0.00034,76,0.00076
-9,-44,4,100000,36,0.00036,81,0.00081
-9,-44,5,100000,40,0.0004,77,0.00077
-9,-43,0,100000,33,0.00033,89,0.00089
-9,-43,1,100000,33,0.00033,90,0.0009
-9,-43,2,100000,34,0.00034,78,0.00078
-9,-43,3,100000,42,0.00042,80,0.0008
-9,-43,4,100000,29,0.00029,69,0.00069
-9,-43,5,100000,35,0.00035,88,0.00088
-9,-42,0,100000,43,0.00043,92,0.00092
-9,-42,1,100000,23,0.00023,76,0.00076
-9,-42,2,100000,36,0.00036,78,0.00078
-9,-42,3,100000,50,0.0005,87,0.00087
-9,-42,4,100000,36,0.00036,100,0.001
-9,-42,5,100000,32,0.00032,95,0.00095
-9,-41,0,100000,152,0.00152,247,0.00247
-9,-41,1,100000,117,0.00117,210,0.0021
-9,-41,2,100000,127,0.00127,241,0.00241
-9,-41,3,100000,151,0.00151,292,0.00292
-9,-41,4,100000,193,0.00193,365,0.00365
-9,-41,5,100000,180,0.0018,331,0.00331
-9,-40,0,100000,302,0.00302,530,0.0053
-9,-40,1,100000,348,0.00348,624,0.00624
-9,-40,2,100000,416,0.00416,749,0.00749
-9,-40,3,100000,413,0.00413,752,0.00752
-9,-40,4,100000,394,0.00394,781,0.00781
-9,-40,5,100000,372,0.00372,780,0.0078
-9,-39,0,100000,449,0.00449,800,0.008
-9,-39,1,100000,546,0.00546,979,0.00979
-9,-39,2,100000,727,0.00727,1309,0.01309
-9,-39,3,100000,721,0.00721,1345,0.01345
-9,-39,4,100000,678,0.00678,1348,0.01348
-9,-39,5,100000,630,0.0063,1176,0.01176
-9,-38,0,100000,503,0.00503,885,0.00885
-9,-38,1,100000,589,0.00589,1072,0.01072
-9,-38,2,100000,693,0.00693,1404,0.01404
-9,-38,3,100000,867,0.00867,1599,0.01599
-9,-38,4,100000,788,0.00788,1457,0.01457
-9,-38,5,100000,646,0.00646,1183,0.01183
-9,-37,0,100000,498,0.00498,923,0.00923
-9,-37,1,100000,597,0.00597,1109,0.01109
-9,-37,2,100000,770,0.0077,1499,0.01499
-9,-37,3,100000,831,0.00831,1604,0.01604
-9,-37,4,100000,750,0.0075,1429,0.01429
-9,-37,5,100000,547,0.00547,1070,0.0107
-9,-36,0,100000,508,0.00508,958,0.00958
-9,-36,1,100000,587,0.00587,1141,0.01141
-9,-36,2,100000,806,0.00806,1451,0.01451
-9,-36,3,100000,863,0.00863,1638,0.01638
-9,-36,4,100000,750,0.0075,1403,0.01403
-9,-36,5,100000,591,0.00591,1099,0.01099
-9,-35,0,100000,487,0.00487,907,0.00907
-9,-35,1,100000,639,0.00639,1114,0.01114
-9,-35,2,100000,712,0.00712,1325,0.01325
-9,-35,3,100000,792,0.00792,1614,0.01614
-9,-35,4,100000,700,0.007,1428,0.01428
-9,-35,5,100000,563,0.00563,1099,0.01099
-9,-34,0,100000,480,0.0048,898,0.00898
-9,-34,1,100000,575,0.00575,1068,0.01068
-9,-34,2,100000,732,0.00732,1465,0.01465
-9,-34,3,100000,858,0.00858,1603,0.01603
-9,-34,4,100000,732,0.00732,1438,0.01438
-9,-34,5,100000,579,0.00579,1155,0.01155
-9,-33,0,100000,510,0.0051,879,0.00879
-9,-33,1,100000,635,0.00635,1092,0.01092
-9,-33,2,100000,816,0.00816,1444,0.01444
-9,-33,3,100000,814,0.00814,1594,0.01594
-9,-33,4,100000,763,0.00763,1485,0.01485
-9,-33,5,100000,629,0.00629,1135,0.01135
-9,-32,0,100000,513,0.00513,880,0.0088
-9,-32,1,100000,595,0.00595,1117,0.01117
-9,-32,2,100000,792,0.00792,1466,0.01466
-9,-32,3,100000,895,0.00895,1654,0.01654
-9,-32,4,100000,777,0.00777,1511,0.01511
-9,-32,5,100000,575,0.00575,1146,0.01146
-9,-31,0,100000,515,0.00515,889,0.00889
-9,-31,1,100000,646,0.00646,1149,0.01149
-9,-31,2,100000,781,0.00781,1557,0.01557
-9,-31,3,100000,860,0.0086,1681,0.01681
-9,-31,4,100000,731,0.00731,1450,0.0145
-9,-31,5,100000,604,0.00604,1087,0.01087
-9,-30,0,100000,477,0.00477,888,0.00888
-9,-30,1,100000,577,0.00577,1081,0.01081
-9,-30,2,100000,772,0.00772,1432,0.01432
-9,-30,3,100000,819,0.00819,1648,0.01648
-9,-30,4,100000,765,0.00765,1451,0.01451
-9,-30,5,100000,564,0.00564,1122,0.01122
-9,-29,0,100000,496,0.00496,914,0.00914
-9,-29,1,100000,571,0.00571,1080,0.0108
-9,-29,2,100000,743,0.00743,1394,0.01394
-9,-29,3,100000,877,0.00877,1721,0.01721
-9,-29,4,100000,711,0.00711,1433,0.01433
-9,-29,5,100000,579,0.00579,1046,0.01046
-9,-28,0,100000,502,0.00502,952,0.00952
-9,-28,1,100000,602,0.00602,1091,0.01091
-9,-28,2,100000,712,0.00712,1414,0.01414
-9,-28,3,100000,797,0.00797,1614,0.01614
-9,-28,4,100000,715,0.00715,1461,0.01461
-9,-28,5,100000,634,0.00634,1107,0.01107
-9,-27,0,100000,456,0.00456,911,0.00911
-9,-27,1,100000,607,0.00607,1103,0.01103
-9,-27,2,100000,743,0.00743,1446,0.01446
-9,-27,3,100000,866,0.00866,1632,0.01632
-9,-27,4,100000,709,0.00709,1414,0.01414
-9,-27,5,100000,556,0.00556,1126,0.01126
-9,-26,0,100000,495,0.00495,943,0.00943
-9,-26,1,100000,585,0.00585,1036,0.01036
-9,-26,2,100000,822,0.00822,1500,0.015
-9,-26,3,100000,847,0.00847,1616,0.01616
-9,-26,4,100000,772,0.00772,1525,0.01525
-9,-26,5,100000,575,0.00575,1102,0.01102
-9,-25,0,100000,482,0.00482,894,0.00894
-9,-25,1,100000,570,0.0057,1095,0.01095
-9,-25,2,100000,766,0.00766,1488,0.01488
-9,-25,3,100000,893,0.00893,1635,0.01635
-9,-25,4,100000,776,0.00776,1468,0.01468
-9,-25,5,100000,615,0.00615,1138,0.01138
-9,-24,0,100000,462,0.00462,828,0.00828
-9,-24,1,100000,585,0.00585,1135,0.01135
-9,-24,2,100000,732,0.00732,1468,0.01468
-9,-24,3,100000,891,0.00891,1687,0.01687
-9,-24,4,100000,750,0.0075,1449,0.01449
-9,-24,5,100000,655,0.00655,1158,0.01158
-9,-23,0,100000,492,0.00492,965,0.00965
-9,-23,1,100000,513,0.00513,1083,0.01083
-9,-23,2,100000,748,0.00748,1470,0.0147
-9,-23,3,100000,817,0.00817,1602,0.01602
-9,-23,4,100000,785,0.00785,1468,0.01468
-9,-23,5,100000,609,0.00609,1091,0.01091
-9,-22,0,100000,470,0.0047,890,0.0089
-9,-22,1,100000,583,0.00583,1092,0.01092
-9,-22,2,100000,774,0.00774,1448,0.01448
-9,-22,3,100000,826,0.00826,1618,0.01618
-9,-22,4,100000,720,0.0072,1415,0.01415
-9,-22,5,100000,563,0.00563,1086,0.01086
-9,-21,0,100000,497,0.00497,883,0.00883
-9,-21,1,100000,575,0.00575,1103,0.01103
-9,-21,2,100000,712,0.00712,1397,0.01397
-9,-21,3,100000,787,0.00787,1622,0.01622
-9,-21,4,100000,754,0.00754,1432,0.01432
-9,-21,5,100000,624,0.00624,1176,0.01176
-9,-20,0,100000,515,0.00515,899,0.00899
-9,-20,1,100000,580,0.0058,1104,0.01104
-9,-20,2,100000,775,0.00775,1488,0.01488
-9,-20,3,100000,829,0.00829,1626,0.01626
-9,-20,4,100000,742,0.00742,1529,0.01529
-9,-20,5,100000,605,0.00605,1154,0.01154
-9,-19,0,100000,493,0.00493,892,0.00892
-9,-19,1,100000,583,0.00583,1122,0.01122
-9,-19,2,100000,790,0.0079,1463,0.01463
-9,-19,3,100000,831,0.00831,1602,0.01602
-9,-19,4,100000,784,0.00784,1469,0.01469
-9,-19,5,100000,639,0.00639,1164,0.01164
-9,-18,0,100000,464,0.00464,933,0.00933
-9,-18,1,100000,585,0.00585,1088,0.01088
-9,-18,2,100000,718,0.00718,1434,0.01434
-9,-18,3,100000,865,0.00865,1618,0.01618
-9,-18,4,100000,753,0.00753,1427,0.01427
-9,-18,5,100000,549,0.00549,1089,0.01089
-9,-17,0,100000,490,0.0049,942,0.00942
-9,-17,1,100000,522,0.00522,1113,0.01113
-9,-17,2,100000,713,0.00713,1471,0.01471
-9,-17,3,100000,871,0.00871,1674,0.01674
-9,-17,4,100000,775,0.00775,1519,0.01519
-9,-17,5,100000,608,0.00608,1107,0.01107
-9,-16,0,100000,487,0.00487,924,0.00924
-9,-16,1,100000,612,0.00612,1100,0.011
-9,-16,2,100000,798,0.00798,1459,0.01459
-9,-16,3,100000,851,0.00851,1643,0.01643
-9,-16,4,100000,779,0.00779,1454,0.01454
-9,-16,5,100000,561,0.00561,1027,0.01027
-9,-15,0,100000,508,0.00508,908,0.00908
-9,-15,1,100000,602,0.00602,1122,0.01122
-9,-15,2,100000,750,0.0075,1475,0.01475
-9,-15,3,100000,850,0.0085,1552,0.01552
-9,-15,4,100000,792,0.00792,1450,0.0145
-9,-15,5,100000,589,0.00589,1137,0.01137
-9,-14,0,100000,500,0.005,884,0.00884
-9,-14,1,100000,624,0.00624,1074,0.01074
-9,-14,2,100000,776,0.00776,1530,0.0153
-9,-14,3,100000,908,0.00908,1646,0.01646
-9,-14,4,100000,780,0.0078,1467,0.01467
-9,-14,5,100000,594,0.00594,1073,0.01073
-9,-13,0,100000,441,0.00441,830,0.0083
-9,-13,1,100000,540,0.0054,1141,0.01141
-9,-13,2,100000,765,0.00765,1452,0.01452
-9,-13,3,100000,852,0.00852,1639,0.01639
-9,-13,4,100000,737,0.00737,1490,0.0149
-9,-13,5,100000,546,0.00546,1034,0.01034
-9,-12,0,100000,479,0.00479,925,0.00925
-9,-12,1,100000,574,0.00574,1110,0.0111
-9,-12,2,100000,793,0.00793,1446,0.01446
-9,-12,3,100000,839,0.00839,1580,0.0158
-9,-12,4,100000,766,0.00766,1438,0.01438
-9,-12,5,100000,647,0.00647,1146,0.01146
-9,-11,0,100000,454,0.00454,913,0.00913
-9,-11,1,100000,546,0.00546,1024,0.01024
-9,-11,2,100000,724,0.00724,1427,0.01427
-9,-11,3,100000,891,0.00891,1701,0.01701
-9,-11,4,100000,758,0.00758,1391,0.01391
-9,-11,5,100000,610,0.0061,1055,0.01055
-9,-10,0,100000,445,0.00445,879,0.00879
-9,-10,1,100000,603,0.00603,1135,0.01135
-9,-10,2,100000,759,0.00759,1424,0.01424
-9,-10,3,100000,833,0.00833,1616,0.01616
-9,-10,4,100000,743,0.00743,1406,0.01406
-9,-10,5,100000,597,0.00597,1160,0.0116
-9,-9,0,100000,510,0.0051,902,0.00902
-9,-9,1,100000,592,0.00592,1110,0.0111
-9,-9,2,100000,768,0.00768,1441,0.01441
-9,-9,3,100000,865,0.00865,1617,0.01617
-9,-9,4,100000,732,0.00732,1477,0.01477
-9,-9,5,100000,559,0.00559,1102,0.01102
-9,-8,0,100000,455,0.00455,857,0.00857
-9,-8,1,100000,607,0.00607,1140,0.0114
-9,-8,2,100000,757,0.00757,1517,0.01517
-9,-8,3,100000,883,0.00883,1667,0.01667
-9,-8,4,100000,708,0.00708,1426,0.01426
-9,-8,5,100000,605,0.00605,1129,0.01129
-9,-7,0,100000,493,0.00493,877,0.00877
-9,-7,1,100000,613,0.00613,1118,0.01118
-9,-7,2,100000,787,0.00787,1531,0.01531
-9,-7,3,100000,828,0.00828,1645,0.01645
-9,-7,4,100000,755,0.00755,1397,0.01397
-9,-7,5,100000,586,0.00586,1053,0.01053
-9,-6,0,100000,458,0.00458,877,0.00877
-9,-6,1,100000,604,0.00604,1110,0.0111
-9,-6,2,100000,829,0.00829,1442,0.01442
-9,-6,3,100000,800,0.008,1595,0.01595
-9,-6,4,100000,818,0.00818,1486,0.01486
-9,-6,5,100000,585,0.00585,1108,0.01108
-9,-5,0,100000,484,0.00484,908,0.00908
-9,-5,1,100000,564,0.00564,1083,0.01083
-9,-5,2,100000,744,0.00744,1438,0.01438
-9,-5,3,100000,870,0.0087,1607,0.01607
-9,-5,4,100000,727,0.00727,1451,0.01451
-9,-5,5,100000,567,0.00567,1079,0.01079
-9,-4,0,100000,487,0.00487,906,0.00906
-9,-4,1,100000,576,0.00576,1107,0.01107
-9,-4,2,100000,728,0.00728,1475,0.01475
-9,-4,3,100000,882,0.00882,1584,0.01584
-9,-4,4,100000,700,0.007,1433,0.01433
-9,-4,5,100000,592,0.00592,1066,0.01066
-9,-3,0,100000,525,0.00525,960,0.0096
-9,-3,1,100000,565,0.00565,1051,0.01051
-9,-3,2,100000,780,0.0078,1456,0.01456
-9,-3,3,100000,837,0.00837,1566,0.01566
-9,-3,4,100000,709,0.00709,1434,0.01434
-9,-3,5,100000,606,0.00606,1077,0.01077
-9,-2,0,100000,466,0.00466,889,0.00889
-9,-2,1,100000,554,0.00554,1078,0.01078
-9,-2,2,100000,779,0.00779,1502,0.01502
-9,-2,3,100000,851,0.00851,1599,0.01599
-9,-2,4,100000,788,0.00788,1422,0.01422
-9,-2,5,100000,550,0.0055,1094,0.01094
-9,-1,0,100000,509,0.00509,956,0.00956
-9,-1,1,100000,571,0.00571,1127,0.01127
-9,-1,2,100000,791,0.00791,1493,0.01493
-9,-1,3,100000,820,0.0082,1618,0.01618
-9,-1,4,100000,798,0.00798,1526,0.01526
-9,-1,5,100000,590,0.0059,1035,0.01035
-9,0,0,100000,529,0.00529,958,0.00958
-9,0,1,100000,573,0.00573,1108,0.01108
-9,0,2,100000,772,0.00772,1439,0.01439
-9,0,3,100000,826,0.00826,1601,0.01601
-9,0,4,100000,739,0.00739,1447,0.01447
-9,0,5,100000,593,0.00593,1058,0.01058
-9,1,0,100000,514,0.00514,928,0.00928
-9,1,1,100000,613,0.00613,1119,0.01119
-9,1,2,100000,748,0.00748,1451,0.01451
-9,1,3,100000,811,0.00811,1576,0.01576
-9,1,4,100000,844,0.00844,1498,0.01498
-9,1,5,100000,614,0.00614,1108,0.01108
-9,2,0,100000,432,0.00432,913,0.00913
-9,2,1,100000,565,0.00565,1074,0.01074
-9,2,2,100000,765,0.00765,1457,0.01457
-9,2,3,100000,881,0.00881,1670,0.0167
-9,2,4,100000,742,0.00742,1399,0.01399
-9,2,5,100000,581,0.00581,1095,0.01095
-9,3,0,100000,487,0.00487,949,0.00949
-9,3,1,100000,593,0.00593,1050,0.0105
-9,3,2,100000,738,0.00738,1410,0.0141
-9,3,3,100000,815,0.00815,1608,0.01608
-9,3,4,100000,737,0.00737,1447,0.01447
-9,3,5,100000,604,0.00604,1100,0.011
-9,4,0,100000,485,0.00485,880,0.0088
-9,4,1,100000,603,0.00603,1082,0.01082
-9,4,2,100000,723,0.00723,1486,0.01486
-9,4,3,100000,892,0.00892,1657,0.01657
-9,4,4,100000,743,0.00743,1480,0.0148
-9,4,5,100000,583,0.00583,1064,0.01064
-9,5,0,100000,505,0.00505,909,0.00909
-9,5,1,100000,549,0.00549,1130,0.0113
-9,5,2,100000,754,0.00754,1478,0.01478
-9,5,3,100000,836,0.00836,1671,0.01671
-9,5,4,100000,812,0.00812,1447,0.01447
-9,5,5,100000,607,0.00607,1121,0.01121
-9,6,0,100000,531,0.00531,946,0.00946
-9,6,1,100000,556,0.00556,1055,0.01055
-9,6,2,100000,785,0.00785,1515,0.01515
-9,6,3,100000,835,0.00835,1579,0.01579
-9,6,4,100000,708,0.00708,1435,0.01435
-9,6,5,100000,569,0.00569,1089,0.01089
-9,7,0,100000,472,0.00472,922,0.00922
-9,7,1,100000,544,0.00544,1081,0.01081
-9,7,2,100000,785,0.00785,1503,0.01503
-9,7,3,100000,767,0.00767,1598,0.01598
-9,7,4,100000,794,0.00794,1549,0.01549
-9,7,5,100000,533,0.00533,1079,0.01079
-9,8,0,100000,502,0.00502,929,0.00929
-9,8,1,100000,542,0.00542,1127,0.01127
-9,8,2,100000,789,0.00789,1521,0.01521
-9,8,3,100000,861,0.00861,1655,0.01655
-9,8,4,100000,807,0.00807,1473,0.01473
-9,8,5,100000,654,0.00654,1136,0.01136
-9,9,0,100000,523,0.00523,919,0.00919
-9,9,1,100000,616,0.00616,1095,0.01095
-9,9,2,100000,767,0.00767,1504,0.01504
-9,9,3,100000,876,0.00876,1651,0.01651
-9,9,4,100000,716,0.00716,1439,0.01439
-9,9,5,100000,549,0.00549,1084,0.01084
-9,10,0,100000,487,0.00487,918,0.00918
-9,10,1,100000,628,0.00628,1077,0.01077
-9,10,2,100000,747,0.00747,1449,0.01449
-9,10,3,100000,847,0.00847,1653,0.01653
-9,10,4,100000,792,0.00792,1511,0.01511
-9,10,5,100000,626,0.00626,1144,0.01144
-9,11,0,100000,455,0.00455,874,0.00874
-9,11,1,100000,583,0.00583,1104,0.01104
-9,11,2,100000,739,0.00739,1456,0.01456
-9,11,3,100000,823,0.00823,1629,0.01629
-9,11,4,100000,786,0.00786,1422,0.01422
-9,11,5,100000,593,0.00593,1134,0.01134
-9,12,0,100000,475,0.00475,863,0.00863
-9,12,1,100000,630,0.0063,1150,0.0115
-9,12,2,100000,744,0.00744,1457,0.01457
-9,12,3,100000,758,0.00758,1577,0.01577
-9,12,4,100000,748,0.00748,1425,0.01425
-9,12,5,100000,623,0.00623,1099,0.01099
-9,13,0,100000,490,0.0049,918,0.00918
-9,13,1,100000,572,0.00572,1162,0.01162
-9,13,2,100000,740,0.0074,1421,0.01421
-9,13,3,100000,814,0.00814,1578,0.01578
-9,13,4,100000,782,0.00782,1421,0.01421
-9,13,5,100000,614,0.00614,1131,0.01131
-9,14,0,100000,467,0.00467,880,0.0088
-9,14,1,100000,629,0.00629,1145,0.01145
-9,14,2,100000,777,0.00777,1512,0.01512
-9,14,3,100000,776,0.00776,1564,0.01564
-9,14,4,100000,771,0.00771,1501,0.01501
-9,14,5,100000,578,0.00578,1079,0.01079
-9,15,0,100000,488,0.00488,897,0.00897
-9,15,1,100000,570,0.0057,1063,0.01063
-9,15,2,100000,736,0.00736,1499,0.01499
-9,15,3,100000,810,0.0081,1614,0.01614
-9,15,4,100000,820,0.0082,1494,0.01494
-9,15,5,100000,619,0.00619,1086,0.01086
-9,16,0,100000,490,0.0049,883,0.00883
-9,16,1,100000,600,0.006,1146,0.01146
-9,16,2,100000,782,0.00782,1459,0.01459
-9,16,3,100000,826,0.00826,1606,0.01606
-9,16,4,100000,752,0.00752,1402,0.01402
-9,16,5,100000,648,0.00648,1164,0.01164
-9,17,0,100000,469,0.00469,882,0.00882
-9,17,1,100000,585,0.00585,1137,0.01137
-9,17,2,100000,798,0.00798,1490,0.0149
-9,17,3,100000,836,0.00836,1661,0.01661
-9,17,4,100000,740,0.0074,1474,0.01474
-9,17,5,100000,593,0.00593,1086,0.01086
-9,18,0,100000,464,0.00464,886,0.00886
-9,18,1,100000,567,0.00567,1049,0.01049
-9,18,2,100000,832,0.00832,1552,0.01552
-9,18,3,100000,802,0.00802,1628,0.01628
-9,18,4,100000,727,0.00727,1460,0.0146
-9,18,5,100000,575,0.00575,1093,0.01093
-9,19,0,100000,498,0.00498,900,0.009
-9,19,1,100000,571,0.00571,1059,0.01059
-9,19,2,100000,769,0.00769,1463,0.01463
-9,19,3,100000,820,0.0082,1644,0.01644
-9,19,4,100000,692,0.00692,1377,0.01377
-9,19,5,100000,648,0.00648,1135,0.01135
-9,20,0,100000,492,0.00492,877,0.00877
-9,20,1,100000,570,0.0057,1141,0.01141
-9,20,2,100000,798,0.00798,1502,0.01502
-9,20,3,100000,756,0.00756,1562,0.01562
-9,20,4,100000,728,0.00728,1411,0.01411
-9,20,5,100000,570,0.0057,1114,0.01114
-9,21,0,100000,464,0.00464,910,0.0091
-9,21,1,100000,550,0.0055,1054,0.01054
-9,21,2,100000,711,0.00711,1438,0.01438
-9,21,3,100000,848,0.00848,1688,0.01688
-9,21,4,100000,860,0.0086,1541,0.01541
-9,21,5,100000,571,0.00571,1094,0.01094
-9,22,0,100000,421,0.00421,834,0.00834
-9,22,1,100000,538,0.00538,1066,0.01066
-9,22,2,100000,750,0.0075,1497,0.01497
-9,22,3,100000,764,0.00764,1622,0.01622
-9,22,4,100000,762,0.00762,1489,0.01489
-9,22,5,100000,562,0.00562,1045,0.01045
-9,23,0,100000,506,0.00506,887,0.00887
-9,23,1,100000,594,0.00594,1083,0.01083
-9,23,2,100000,765,0.00765,1462,0.01462
-9,23,3,100000,854,0.00854,1585,0.01585
-9,23,4,100000,786,0.00786,1405,0.01405
-9,23,5,100000,597,0.00597,1121,0.01121
-9,24,0,100000,511,0.00511,893,0.00893
-9,24,1,100000,627,0.00627,1121,0.01121
-9,24,2,100000,775,0.00775,1506,0.01506
-9,24,3,100000,807,0.00807,1554,0.01554
-9,24,4,100000,791,0.00791,1519,0.01519
-9,24,5,100000,561,0.00561,1090,0.0109
-9,25,0,100000,509,0.00509,954,0.00954
-9,25,1,100000,571,0.00571,1104,0.01104
-9,25,2,100000,690,0.0069,1395,0.01395
-9,25,3,100000,903,0.00903,1622,0.01622
-9,25,4,100000,728,0.00728,1456,0.01456
-9,25,5,100000,580,0.0058,1160,0.0116
-9,26,0,100000,484,0.00484,902,0.00902
-9,26,1,100000,597,0.00597,1087,0.01087
-9,26,2,100000,766,0.00766,1443,0.01443
-9,26,3,100000,753,0.00753,1535,0.01535
-9,26,4,100000,757,0.00757,1490,0.0149
-9,26,5,100000,589,0.00589,1089,0.01089
-9,27,0,100000,518,0.00518,883,0.00883
-9,27,1,100000,553,0.00553,1061,0.01061
-9,27,2,100000,834,0.00834,1541,0.01541
-9,27,3,100000,839,0.00839,1605,0.01605
-9,27,4,100000,757,0.00757,1436,0.01436
-9,27,5,100000,571,0.00571,1108,0.01108
-9,28,0,100000,443,0.00443,881,0.00881
-9,28,1,100000,591,0.00591,1062,0.01062
-9,28,2,100000,831,0.00831,1512,0.01512
-9,28,3,100000,817,0.00817,1626,0.01626
-9,28,4,100000,733,0.00733,1525,0.01525
-9,28,5,100000,627,0.00627,1105,0.01105
-9,29,0,100000,474,0.00474,952,0.00952
-9,29,1,100000,619,0.00619,1126,0.01126
-9,29,2,100000,791,0.00791,1493,0.01493
-9,29,3,100000,814,0.00814,1603,0.01603
-9,29,4,100000,773,0.00773,1516,0.01516
-9,29,5,100000,566,0.00566,1094,0.01094
-9,30,0,100000,428,0.00428,863,0.00863
-9,30,1,100000,610,0.0061,1134,0.01134
-9,30,2,100000,752,0.00752,1436,0.01436
-9,30,3,100000,878,0.00878,1599,0.01599
-9,30,4,100000,721,0.00721,1454,0.01454
-9,30,5,100000,587,0.00587,1066,0.01066
-9,31,0,100000,475,0.00475,900,0.009
-9,31,1,100000,584,0.00584,1089,0.01089
-9,31,2,100000,747,0.00747,1457,0.01457
-9,31,3,100000,849,0.00849,1691,0.01691
-9,31,4,100000,786,0.00786,1445,0.01445
-9,31,5,100000,578,0.00578,1106,0.01106
-9,32,0,100000,493,0.00493,876,0.00876
-9,32,1,100000,579,0.00579,1090,0.0109
-9,32,2,100000,718,0.00718,1427,0.01427
-9,32,3,100000,868,0.00868,1711,0.01711
-9,32,4,100000,783,0.00783,1445,0.01445
-9,32,5,100000,586,0.00586,1079,0.01079
-9,33,0,100000,455,0.00455,850,0.0085
-9,33,1,100000,653,0.00653,1154,0.01154
-9,33,2,100000,793,0.00793,1466,0.01466
-9,33,3,100000,806,0.00806,1542,0.01542
-9,33,4,100000,757,0.00757,1420,0.0142
-9,33,5,100000,623,0.00623,1181,0.01181
-9,34,0,100000,539,0.00539,952,0.00952
-9,34,1,100000,602,0.00602,1069,0.01069
-9,34,2,100000,762,0.00762,1391,0.01391
-9,34,3,100000,815,0.00815,1581,0.01581
-9,34,4,100000,767,0.00767,1533,0.01533
-9,34,5,100000,546,0.00546,1049,0.01049
-9,35,0,100000,494,0.00494,936,0.00936
-9,35,1,100000,601,0.00601,1126,0.01126
-9,35,2,100000,760,0.0076,1455,0.01455
-9,35,3,100000,884,0.00884,1574,0.01574
-9,35,4,100000,828,0.00828,1489,0.01489
-9,35,5,100000,572,0.00572,1133,0.01133
-9,36,0,100000,487,0.00487,884,0.00884
-9,36,1,100000,615,0.00615,1155,0.01155
-9,36,2,100000,793,0.00793,1451,0.01451
-9,36,3,100000,838,0.00838,1616,0.01616
-9,36,4,100000,776,0.00776,1486,0.01486
-9,36,5,100000,573,0.00573,1114,0.01114
-9,37,0,100000,486,0.00486,913,0.00913
-9,37,1,100000,569,0.00569,1081,0.01081
-9,37,2,100000,709,0.00709,1456,0.01456
-9,37,3,100000,850,0.0085,1578,0.01578
-9,37,4,100000,727,0.00727,1472,0.01472
-9,37,5,100000,580,0.0058,1085,0.01085
-9,38,0,100000,501,0.00501,933,0.00933
-9,38,1,100000,642,0.00642,1143,0.01143
-9,38,2,100000,877,0.00877,1517,0.01517
-9,38,3,100000,747,0.00747,1519,0.01519
-9,38,4,100000,814,0.00814,1478,0.01478
-9,38,5,100000,533,0.00533,1041,0.01041
-9,39,0,100000,447,0.00447,789,0.00789
-9,39,1,100000,557,0.00557,1130,0.0113
-9,39,2,100000,707,0.00707,1369,0.01369
-9,39,3,100000,719,0.00719,1355,0.01355
-9,39,4,100000,732,0.00732,1328,0.01328
-9,39,5,100000,548,0.00548,967,0.00967
-9,40,0,100000,290,0.0029,504,0.00504
-9,40,1,100000,409,0.00409,754,0.00754
-9,40,2,100000,384,0.00384,786,0.00786
-9,40,3,100000,458,0.00458,805,0.00805
-9,40,4,100000,407,0.00407,764,0.00764
-9,40,5,100000,328,0.00328,623,0.00623
-9,41,0,100000,134,0.00134,243,0.00243
-9,41,1,100000,175,0.00175,374,0.00374
-9,41,2,100000,185,0.00185,355,0.00355
-9,41,3,100000,166,0.00166,295,0.00295
-9,41,4,100000,135,0.00135,263,0.00263
-9,41,5,100000,102,0.00102,225,0.00225
-9,42,0,100000,56,0.00056,99,0.00099
-9,42,1,100000,40,0.0004,90,0.0009
-9,42,2,100000,34,0.00034,96,0.00096
-9,42,3,100000,42,0.00042,95,0.00095
-9,42,4,100000,26,0.00026,65,0.00065
-9,42,5,100000,42,0.00042,93,0.00093
-9,43,0,100000,28,0.00028,86,0.00086
-9,43,1,100000,28,0.00028,79,0.00079
-9,43,2,100000,39,0.00039,76,0.00076
-9,43,3,100000,31,0.00031,70,0.0007
-9,43,4,100000,38,0.00038,64,0.00064
-9,43,5,100000,27,0.00027,67,0.00067
-9,44,0,100000,28,0.00028,81,0.00081
-9,44,1,100000,29,0.00029,80,0.0008
-9,44,2,100000,46,0.00046,101,0.00101
-9,44,3,100000,35,0.00035,76,0.00076
-9,44,4,100000,25,0.00025,78,0.00078
-9,44,5,100000,49,0.00049,74,0.00074
-9,45,0,100000,37,0.00037,81,0.00081
-9,45,1,100000,44,0.00044,107,0.00107
-9,45,2,100000,46,0.00046,88,0.00088
-9,45,3,100000,29,0.00029,98,0.00098
-9,45,4,100000,31,0.00031,89,0.00089
-9,45,5,100000,55,0.00055,85,0.00085
-9,46,0,100000,34,0.00034,73,0.00073
-9,46,1,100000,18,0.00018,75,0.00075
-9,46,2,100000,32,0.00032,73,0.00073
-9,46,3,100000,37,0.00037,90,0.0009
-9,46,4,100000,38,0.00038,64,0.00064
-9,46,5,100000,20,0.0002,65,0.00065
-9,47,0,100000,37,0.00037,69,0.00069
-9,47,1,100000,42,0.00042,106,0.00106
-9,47,2,100000,44,0.00044,79,0.00079
-9,47,3,100000,22,0.00022,68,0.00068
-9,47,4,100000,31,0.00031,85,0.00085
-9,47,5,100000,48,0.00048,72,0.00072
-9,48,0,100000,28,0.00028,72,0.00072
-9,48,1,100000,30,0.0003,77,0.00077
-9,48,2,100000,39,0.00039,67,0.00067
-9,48,3,100000,29,0.00029,70,0.0007
-9,48,4,100000,36,0.00036,74,0.00074
-9,48,5,100000,22,0.00022,67,0.00067
-9,49,0,100000,26,0.00026,72,0.00072
-9,49,1,100000,30,0.0003,69,0.00069
-9,49,2,100000,28,0.00028,80,0.0008
-9,49,3,100000,39,0.00039,69,0.00069
-9,49,4,100000,25,0.00025,67,0.00067
-9,49,5,100000,17,0.00017,84,0.00084
-9,50,0,100000,35,0.00035,67,0.00067
-9,50,1,100000,25,0.00025,69,0.00069
-9,50,2,100000,38,0.00038,91,0.00091
-9,50,3,100000,37,0.00037,82,0.00082
-9,50,4,100000,36,0.00036,60,0.0006
-9,50,5,100000,27,0.00027,52,0.00052
-8,-50,0,100000,38,0.00038,93,0.00093
-8,-50,1,100000,32,0.00032,81,0.00081
-8,-50,2,100000,34,0.00034,80,0.0008
-8,-50,3,100000,26,0.00026,88,0.00088
-8,-50,4,100000,22,0.00022,71,0.00071
-8,-50,5,100000,22,0.00022,81,0.00081
-8,-49,0,100000,29,0.00029,77,0.00077
-8,-49,1,100000,28,0.00028,66,0.00066
-8,-49,2,100000,27,0.00027,84,0.00084
-8,-49,3,100000,29,0.00029,78,0.00078
-8,-49,4,100000,34,0.00034,88,0.00088
-8,-49,5,100000,37,0.00037,85,0.00085
-8,-48,0,100000,43,0.00043,68,0.00068
-8,-48,1,100000,44,0.00044,68,0.00068
-8,-48,2,100000,36,0.00036,75,0.00075
-8,-48,3,100000,37,0.00037,86,0.00086
-8,-48,4,100000,36,0.00036,85,0.00085
-8,-48,5,100000,36,0.00036,81,0.00081
-8,-47,0,100000,53,0.00053,90,0.0009
-8,-47,1,100000,27,0.00027,82,0.00082
-8,-47,2,100000,35,0.00035,75,0.00075
-8,-47,3,100000,25,0.00025,72,0.00072
-8,-47,4,100000,24,0.00024,76,0.00076
-8,-47,5,100000,37,0.00037,79,0.00079
-8,-46,0,100000,20,0.0002,67,0.00067
-8,-46,1,100000,16,0.00016,71,0.00071
-8,-46,2,100000,18,0.00018,69,0.00069
-8,-46,3,100000,52,0.00052,92,0.00092
-8,-46,4,100000,29,0.00029,87,0.00087
-8,-46,5,100000,26,0.00026,69,0.00069
-8,-45,0,100000,45,0.00045,76,0.00076
-8,-45,1,100000,32,0.00032,69,0.00069
-8,-45,2,100000,23,0.00023,72,0.00072
-8,-45,3,100000,47,0.00047,89,0.00089
-8,-45,4,100000,38,0.00038,97,0.00097
-8,-45,5,100000,34,0.00034,94,0.00094
-8,-44,0,100000,33,0.00033,74,0.00074
-8,-44,1,100000,25,0.00025,72,0.00072
-8,-44,2,100000,43,0.00043,87,0.00087
-8,-44,3,100000,35,0.00035,81,0.00081
-8,-44,4,100000,19,0.00019,72,0.00072
-8,-44,5,100000,47,0.00047,71,0.00071
-8,-43,0,100000,29,0.00029,80,0.0008
-8,-43,1,100000,36,0.00036,92,0.00092
-8,-43,2,100000,27,0.00027,73,0.00073
-8,-43,3,100000,42,0.00042,89,0.00089
-8,-43,4,100000,44,0.00044,85,0.00085
-8,-43,5,100000,38,0.00038,93,0.00093
-8,-42,0,100000,37,0.00037,91,0.00091
-8,-42,1,100000,34,0.00034,76,0.00076
-8,-42,2,100000,39,0.00039,73,0.00073
-8,-42,3,100000,45,0.00045,93,0.00093
-8,-42,4,100000,40,0.0004,83,0.00083
-8,-42,5,100000,52,0.00052,117,0.00117
-8,-41,0,100000,108,0.00108,223,0.00223
-8,-41,1,100000,90,0.0009,171,0.00171
-8,-41,2,100000,116,0.00116,237,0.00237
-8,-41,3,100000,169,0.00169,298,0.00298
-8,-41,4,100000,180,0.0018,344,0.00344
-8,-41,5,100000,216,0.00216,398,0.00398
-8,-40,0,100000,273,0.00273,544,0.00544
-8,-40,1,100000,425,0.00425,648,0.00648
-8,-40,2,100000,432,0.00432,840,0.0084
-8,-40,3,100000,428,0.00428,772,0.00772
-8,-40,4,100000,496,0.00496,911,0.00911
-8,-40,5,100000,423,0.00423,842,0.00842
-8,-39,0,100000,454,0.00454,832,0.00832
-8,-39,1,100000,603,0.00603,1034,0.01034
-8,-39,2,100000,790,0.0079,1395,0.01395
-8,-39,3,100000,803,0.00803,1482,0.01482
-8,-39,4,100000,766,0.00766,1551,0.01551
-8,-39,5,100000,745,0.00745,1322,0.01322
-8,-38,0,100000,569,0.00569,991,0.00991
-8,-38,1,100000,559,0.00559,1147,0.01147
-8,-38,2,100000,792,0.00792,1505,0.01505
-8,-38,3,100000,864,0.00864,1655,0.01655
-8,-38,4,100000,769,0.00769,1506,0.01506
-8,-38,5,100000,666,0.00666,1223,0.01223
-8,-37,0,100000,501,0.00501,972,0.00972
-8,-37,1,100000,672,0.00672,1175,0.01175
-8,-37,2,100000,792,0.00792,1549,0.01549
-8,-37,3,100000,897,0.00897,1679,0.01679
-8,-37,4,100000,864,0.00864,1506,0.01506
-8,-37,5,100000,660,0.0066,1166,0.01166
-8,-36,0,100000,575,0.00575,993,0.00993
-8,-36,1,100000,628,0.00628,1176,0.01176
-8,-36,2,100000,821,0.00821,1517,0.01517
-8,-36,3,100000,889,0.00889,1686,0.01686
-8,-36,4,100000,851,0.00851,1641,0.01641
-8,-36,5,100000,658,0.00658,1183,0.01183
-8,-35,0,100000,543,0.00543,959,0.00959
-8,-35,1,100000,607,0.00607,1123,0.01123
-8,-35,2,100000,853,0.00853,1559,0.01559
-8,-35,3,100000,939,0.00939,1684,0.01684
-8,-35,4,100000,842,0.00842,1586,0.01586
-8,-35,5,100000,656,0.00656,1186,0.01186
-8,-34,0,100000,529,0.00529,975,0.00975
-8,-34,1,100000,635,0.00635,1177,0.01177
-8,-34,2,100000,811,0.00811,1561,0.01561
-8,-34,3,100000,877,0.00877,1721,0.01721
-8,-34,4,100000,863,0.00863,1500,0.015
-8,-34,5,100000,620,0.0062,1188,0.01188
-8,-33,0,100000,554,0.00554,995,0.00995
-8,-33,1,100000,549,0.00549,1110,0.0111
-8,-33,2,100000,848,0.00848,1551,0.01551
-8,-33,3,100000,921,0.00921,1679,0.01679
-8,-33,4,100000,809,0.00809,1602,0.01602
-8,-33,5,100000,652,0.00652,1164,0.01164
-8,-32,0,100000,562,0.00562,1039,0.01039
-8,-32,1,100000,610,0.0061,1148,0.01148
-8,-32,2,100000,770,0.0077,1521,0.01521
-8,-32,3,100000,928,0.00928,1658,0.01658
-8,-32,4,100000,877,0.00877,1578,0.01578
-8,-32,5,100000,648,0.00648,1179,0.01179
-8,-31,0,100000,552,0.00552,958,0.00958
-8,-31,1,100000,610,0.0061,1172,0.01172
-8,-31,2,100000,849,0.00849,1575,0.01575
-8,-31,3,100000,927,0.00927,1688,0.01688
-8,-31,4,100000,861,0.00861,1566,0.01566
-8,-31,5,100000,578,0.00578,1141,0.01141
-8,-30,0,100000,544,0.00544,1043,0.01043
-8,-30,1,100000,576,0.00576,1118,0.01118
-8,-30,2,100000,802,0.00802,1561,0.01561
-8,-30,3,100000,901,0.00901,1696,0.01696
-8,-30,4,100000,802,0.00802,1517,0.01517
-8,-30,5,100000,663,0.00663,1179,0.01179
-8,-29,0,100000,537,0.00537,967,0.00967
-8,-29,1,100000,625,0.00625,1213,0.01213
-8,-29,2,100000,760,0.0076,1488,0.01488
-8,-29,3,100000,874,0.00874,1672,0.01672
-8,-29,4,100000,739,0.00739,1461,0.01461
-8,-29,5,100000,575,0.00575,1168,0.01168
-8,-28,0,100000,492,0.00492,917,0.00917
-8,-28,1,100000,626,0.00626,1145,0.01145
-8,-28,2,100000,815,0.00815,1614,0.01614
-8,-28,3,100000,868,0.00868,1717,0.01717
-8,-28,4,100000,840,0.0084,1564,0.01564
-8,-28,5,100000,693,0.00693,1223,0.01223
-8,-27,0,100000,519,0.00519,956,0.00956
-8,-27,1,100000,703,0.00703,1226,0.01226
-8,-27,2,100000,781,0.00781,1538,0.01538
-8,-27,3,100000,904,0.00904,1677,0.01677
-8,-27,4,100000,832,0.00832,1545,0.01545
-8,-27,5,100000,584,0.00584,1148,0.01148
-8,-26,0,100000,580,0.0058,1010,0.0101
-8,-26,1,100000,656,0.00656,1157,0.01157
-8,-26,2,100000,785,0.00785,1531,0.01531
-8,-26,3,100000,828,0.00828,1654,0.01654
-8,-26,4,100000,794,0.00794,1527,0.01527
-8,-26,5,100000,662,0.00662,1195,0.01195
-8,-25,0,100000,536,0.00536,985,0.00985
-8,-25,1,100000,650,0.0065,1229,0.01229
-8,-25,2,100000,848,0.00848,1564,0.01564
-8,-25,3,100000,855,0.00855,1666,0.01666
-8,-25,4,100000,749,0.00749,1446,0.01446
-8,-25,5,100000,628,0.00628,1148,0.01148
-8,-24,0,100000,563,0.00563,1006,0.01006
-8,-24,1,100000,648,0.00648,1201,0.01201
-8,-24,2,100000,757,0.00757,1512,0.01512
-8,-24,3,100000,915,0.00915,1717,0.01717
-8,-24,4,100000,901,0.00901,1579,0.01579
-8,-24,5,100000,643,0.00643,1206,0.01206
-8,-23,0,100000,585,0.00585,1001,0.01001
-8,-23,1,100000,569,0.00569,1130,0.0113
-8,-23,2,100000,841,0.00841,1552,0.01552
-8,-23,3,100000,928,0.00928,1724,0.01724
-8,-23,4,100000,739,0.00739,1501,0.01501
-8,-23,5,100000,559,0.00559,1131,0.01131
-8,-22,0,100000,497,0.00497,955,0.00955
-8,-22,1,100000,611,0.00611,1227,0.01227
-8,-22,2,100000,870,0.0087,1644,0.01644
-8,-22,3,100000,848,0.00848,1653,0.01653
-8,-22,4,100000,798,0.00798,1546,0.01546
-8,-22,5,100000,705,0.00705,1245,0.01245
-8,-21,0,100000,540,0.0054,974,0.00974
-8,-21,1,100000,678,0.00678,1193,0.01193
-8,-21,2,100000,867,0.00867,1544,0.01544
-8,-21,3,100000,846,0.00846,1743,0.01743
-8,-21,4,100000,860,0.0086,1577,0.01577
-8,-21,5,100000,608,0.00608,1119,0.01119
-8,-20,0,100000,528,0.00528,1005,0.01005
-8,-20,1,100000,710,0.0071,1259,0.01259
-8,-20,2,100000,761,0.00761,1501,0.01501
-8,-20,3,100000,869,0.00869,1645,0.01645
-8,-20,4,100000,795,0.00795,1492,0.01492
-8,-20,5,100000,642,0.00642,1226,0.01226
-8,-19,0,100000,566,0.00566,1019,0.01019
-8,-19,1,100000,627,0.00627,1174,0.01174
-8,-19,2,100000,847,0.00847,1496,0.01496
-8,-19,3,100000,896,0.00896,1670,0.0167
-8,-19,4,100000,835,0.00835,1643,0.01643
-8,-19,5,100000,641,0.00641,1191,0.01191
-8,-18,0,100000,545,0.00545,1010,0.0101
-8,-18,1,100000,615,0.00615,1151,0.01151
-8,-18,2,100000,882,0.00882,1503,0.01503
-8,-18,3,100000,868,0.00868,1692,0.01692
-8,-18,4,100000,803,0.00803,1539,0.01539
-8,-18,5,100000,626,0.00626,1182,0.01182
-8,-17,0,100000,569,0.00569,976,0.00976
-8,-17,1,100000,635,0.00635,1200,0.012
-8,-17,2,100000,846,0.00846,1599,0.01599
-8,-17,3,100000,849,0.00849,1673,0.01673
-8,-17,4,100000,820,0.0082,1568,0.01568
-8,-17,5,100000,626,0.00626,1187,0.01187
-8,-16,0,100000,519,0.00519,956,0.00956
-8,-16,1,100000,629,0.00629,1217,0.01217
-8,-16,2,100000,806,0.00806,1509,0.01509
-8,-16,3,100000,880,0.0088,1673,0.01673
-8,-16,4,100000,793,0.00793,1490,0.0149
-8,-16,5,100000,686,0.00686,1197,0.01197
-8,-15,0,100000,534,0.00534,966,0.00966
-8,-15,1,100000,561,0.00561,1163,0.01163
-8,-15,2,100000,786,0.00786,1505,0.01505
-8,-15,3,100000,868,0.00868,1653,0.01653
-8,-15,4,100000,861,0.00861,1612,0.01612
-8,-15,5,100000,606,0.00606,1157,0.01157
-8,-14,0,100000,525,0.00525,964,0.00964
-8,-14,1,100000,632,0.00632,1132,0.01132
-8,-14,2,100000,856,0.00856,1568,0.01568
-8,-14,3,100000,899,0.00899,1683,0.01683
-8,-14,4,100000,855,0.00855,1605,0.01605
-8,-14,5,100000,633,0.00633,1170,0.0117
-8,-13,0,100000,515,0.00515,983,0.00983
-8,-13,1,100000,607,0.00607,1160,0.0116
-8,-13,2,100000,791,0.00791,1554,0.01554
-8,-13,3,100000,875,0.00875,1707,0.01707
-8,-13,4,100000,818,0.00818,1574,0.01574
-8,-13,5,100000,609,0.00609,1182,0.01182
-8,-12,0,100000,513,0.00513,972,0.00972
-8,-12,1,100000,659,0.00659,1177,0.01177
-8,-12,2,100000,799,0.00799,1509,0.01509
-8,-12,3,100000,874,0.00874,1664,0.01664
-8,-12,4,100000,852,0.00852,1623,0.01623
-8,-12,5,100000,606,0.00606,1177,0.01177
-8,-11,0,100000,514,0.00514,984,0.00984
-8,-11,1,100000,646,0.00646,1232,0.01232
-8,-11,2,100000,876,0.00876,1556,0.01556
-8,-11,3,100000,872,0.00872,1668,0.01668
-8,-11,4,100000,841,0.00841,1586,0.01586
-8,-11,5,100000,617,0.00617,1127,0.01127
-8,-10,0,100000,561,0.00561,933,0.00933
-8,-10,1,100000,589,0.00589,1116,0.01116
-8,-10,2,100000,815,0.00815,1588,0.01588
-8,-10,3,100000,856,0.00856,1640,0.0164
-8,-10,4,100000,798,0.00798,1555,0.01555
-8,-10,5,100000,633,0.00633,1123,0.01123
-8,-9,0,100000,526,0.00526,972,0.00972
-8,-9,1,100000,608,0.00608,1173,0.01173
-8,-9,2,100000,793,0.00793,1500,0.015
-8,-9,3,100000,876,0.00876,1724,0.01724
-8,-9,4,100000,755,0.00755,1538,0.01538
-8,-9,5,100000,603,0.00603,1142,0.01142
-8,-8,0,100000,548,0.00548,963,0.00963
-8,-8,1,100000,594,0.00594,1106,0.01106
-8,-8,2,100000,760,0.0076,1529,0.01529
-8,-8,3,100000,820,0.0082,1674,0.01674
-8,-8,4,100000,819,0.00819,1568,0.01568
-8,-8,5,100000,635,0.00635,1190,0.0119
-8,-7,0,100000,517,0.00517,967,0.00967
-8,-7,1,100000,662,0.00662,1148,0.01148
-8,-7,2,100000,806,0.00806,1528,0.01528
-8,-7,3,100000,949,0.00949,1695,0.01695
-8,-7,4,100000,803,0.00803,1551,0.01551
-8,-7,5,100000,632,0.00632,1131,0.01131
-8,-6,0,100000,539,0.00539,993,0.00993
-8,-6,1,100000,650,0.0065,1160,0.0116
-8,-6,2,100000,797,0.00797,1509,0.01509
-8,-6,3,100000,875,0.00875,1678,0.01678
-8,-6,4,100000,792,0.00792,1524,0.01524
-8,-6,5,100000,667,0.00667,1169,0.01169
-8,-5,0,100000,473,0.00473,973,0.00973
-8,-5,1,100000,651,0.00651,1251,0.01251
-8,-5,2,100000,818,0.00818,1521,0.01521
-8,-5,3,100000,907,0.00907,1645,0.01645
-8,-5,4,100000,791,0.00791,1549,0.01549
-8,-5,5,100000,574,0.00574,1115,0.01115
-8,-4,0,100000,535,0.00535,1025,0.01025
-8,-4,1,100000,667,0.00667,1244,0.01244
-8,-4,2,100000,841,0.00841,1580,0.0158
-8,-4,3,100000,932,0.00932,1756,0.01756
-8,-4,4,100000,820,0.0082,1586,0.01586
-8,-4,5,100000,635,0.00635,1199,0.01199
-8,-3,0,100000,484,0.00484,945,0.00945
-8,-3,1,100000,644,0.00644,1177,0.01177
-8,-3,2,100000,822,0.00822,1560,0.0156
-8,-3,3,100000,870,0.0087,1692,0.01692
-8,-3,4,100000,857,0.00857,1523,0.01523
-8,-3,5,100000,651,0.00651,1230,0.0123
-8,-2,0,100000,573,0.00573,961,0.00961
-8,-2,1,100000,625,0.00625,1171,0.01171
-8,-2,2,100000,826,0.00826,1621,0.01621
-8,-2,3,100000,849,0.00849,1663,0.01663
-8,-2,4,100000,779,0.00779,1512,0.01512
-8,-2,5,100000,678,0.00678,1172,0.01172
-8,-1,0,100000,516,0.00516,939,0.00939
-8,-1,1,100000,638,0.00638,1170,0.0117
-8,-1,2,100000,885,0.00885,1622,0.01622
-8,-1,3,100000,928,0.00928,1692,0.01692
-8,-1,4,100000,780,0.0078,1471,0.01471
-8,-1,5,100000,641,0.00641,1205,0.01205
-8,0,0,100000,568,0.00568,1015,0.01015
-8,0,1,100000,606,0.00606,1134,0.01134
-8,0,2,100000,920,0.0092,1623,0.01623
-8,0,3,100000,962,0.00962,1788,0.01788
-8,0,4,100000,750,0.0075,1487,0.01487
-8,0,5,100000,670,0.0067,1200,0.012
-8,1,0,100000,513,0.00513,978,0.00978
-8,1,1,100000,646,0.00646,1170,0.0117
-8,1,2,100000,747,0.00747,1526,0.01526
-8,1,3,100000,878,0.00878,1666,0.01666
-8,1,4,100000,815,0.00815,1587,0.01587
-8,1,5,100000,629,0.00629,1169,0.01169
-8,2,0,100000,564,0.00564,1032,0.01032
-8,2,1,100000,603,0.00603,1201,0.01201
-8,2,2,100000,801,0.00801,1548,0.01548
-8,2,3,100000,906,0.00906,1621,0.01621
-8,2,4,100000,841,0.00841,1579,0.01579
-8,2,5,100000,671,0.00671,1192,0.01192
-8,3,0,100000,520,0.0052,1027,0.01027
-8,3,1,100000,668,0.00668,1190,0.0119
-8,3,2,100000,819,0.00819,1563,0.01563
-8,3,3,100000,926,0.00926,1763,0.01763
-8,3,4,100000,763,0.00763,1511,0.01511
-8,3,5,100000,654,0.00654,1172,0.01172
-8,4,0,100000,602,0.00602,1025,0.01025
-8,4,1,100000,620,0.0062,1188,0.01188
-8,4,2,100000,842,0.00842,1598,0.01598
-8,4,3,100000,935,0.00935,1731,0.01731
-8,4,4,100000,877,0.00877,1557,0.01557
-8,4,5,100000,610,0.0061,1187,0.01187
-8,5,0,100000,451,0.00451,969,0.00969
-8,5,1,100000,547,0.00547,1148,0.01148
-8,5,2,100000,754,0.00754,1562,0.01562
-8,5,3,100000,891,0.00891,1710,0.0171
-8,5,4,100000,798,0.00798,1599,0.01599
-8,5,5,100000,681,0.00681,1174,0.01174
-8,6,0,100000,507,0.00507,952,0.00952
-8,6,1,100000,682,0.00682,1178,0.01178
-8,6,2,100000,798,0.00798,1519,0.01519
-8,6,3,100000,932,0.00932,1703,0.01703
-8,6,4,100000,774,0.00774,1521,0.01521
-8,6,5,100000,627,0.00627,1136,0.01136
-8,7,0,100000,505,0.00505,954,0.00954
-8,7,1,100000,629,0.00629,1157,0.01157
-8,7,2,100000,826,0.00826,1529,0.01529
-8,7,3,100000,882,0.00882,1712,0.01712
-8,7,4,100000,818,0.00818,1528,0.01528
-8,7,5,100000,658,0.00658,1187,0.01187
-8,8,0,100000,553,0.00553,1026,0.01026
-8,8,1,100000,599,0.00599,1150,0.0115
-8,8,2,100000,746,0.00746,1521,0.01521
-8,8,3,100000,942,0.00942,1715,0.01715
-8,8,4,100000,821,0.00821,1571,0.01571
-8,8,5,100000,598,0.00598,1118,0.01118
-8,9,0,100000,542,0.00542,1006,0.01006
-8,9,1,100000,609,0.00609,1170,0.0117
-8,9,2,100000,768,0.00768,1521,0.01521
-8,9,3,100000,879,0.00879,1699,0.01699
-8,9,4,100000,811,0.00811,1518,0.01518
-8,9,5,100000,612,0.00612,1211,0.01211
-8,10,0,100000,554,0.00554,1001,0.01001
-8,10,1,100000,625,0.00625,1187,0.01187
-8,10,2,100000,842,0.00842,1585,0.01585
-8,10,3,100000,945,0.00945,1753,0.01753
-8,10,4,100000,849,0.00849,1604,0.01604
-8,10,5,100000,596,0.00596,1165,0.01165
-8,11,0,100000,507,0.00507,953,0.00953
-8,11,1,100000,614,0.00614,1173,0.01173
-8,11,2,100000,783,0.00783,1587,0.01587
-8,11,3,100000,903,0.00903,1731,0.01731
-8,11,4,100000,828,0.00828,1531,0.01531
-8,11,5,100000,594,0.00594,1198,0.01198
-8,12,0,100000,543,0.00543,993,0.00993
-8,12,1,100000,643,0.00643,1152,0.01152
-8,12,2,100000,768,0.00768,1484,0.01484
-8,12,3,100000,851,0.00851,1639,0.01639
-8,12,4,100000,739,0.00739,1496,0.01496
-8,12,5,100000,674,0.00674,1203,0.01203
-8,13,0,100000,507,0.00507,939,0.00939
-8,13,1,100000,687,0.00687,1172,0.01172
-8,13,2,100000,807,0.00807,1547,0.01547
-8,13,3,100000,920,0.0092,1703,0.01703
-8,13,4,100000,777,0.00777,1538,0.01538
-8,13,5,100000,600,0.006,1172,0.01172
-8,14,0,100000,522,0.00522,989,0.00989
-8,14,1,100000,651,0.00651,1182,0.01182
-8,14,2,100000,802,0.00802,1571,0.01571
-8,14,3,100000,913,0.00913,1686,0.01686
-8,14,4,100000,790,0.0079,1594,0.01594
-8,14,5,100000,552,0.00552,1111,0.01111
-8,15,0,100000,496,0.00496,943,0.00943
-8,15,1,100000,634,0.00634,1208,0.01208
-8,15,2,100000,773,0.00773,1585,0.01585
-8,15,3,100000,836,0.00836,1652,0.01652
-8,15,4,100000,807,0.00807,1555,0.01555
-8,15,5,100000,618,0.00618,1187,0.01187
-8,16,0,100000,546,0.00546,999,0.00999
-8,16,1,100000,604,0.00604,1200,0.012
-8,16,2,100000,825,0.00825,1506,0.01506
-8,16,3,100000,932,0.00932,1741,0.01741
-8,16,4,100000,818,0.00818,1581,0.01581
-8,16,5,100000,646,0.00646,1252,0.01252
-8,17,0,100000,500,0.005,907,0.00907
-8,17,1,100000,608,0.00608,1134,0.01134
-8,17,2,100000,828,0.00828,1508,0.01508
-8,17,3,100000,853,0.00853,1715,0.01715
-8,17,4,100000,733,0.00733,1483,0.01483
-8,17,5,100000,671,0.00671,1226,0.01226
-8,18,0,100000,565,0.00565,1033,0.01033
-8,18,1,100000,598,0.00598,1197,0.01197
-8,18,2,100000,783,0.00783,1511,0.01511
-8,18,3,100000,905,0.00905,1671,0.01671
-8,18,4,100000,811,0.00811,1528,0.01528
-8,18,5,100000,618,0.00618,1260,0.0126
-8,19,0,100000,485,0.00485,957,0.00957
-8,19,1,100000,643,0.00643,1190,0.0119
-8,19,2,100000,802,0.00802,1497,0.01497
-8,19,3,100000,911,0.00911,1764,0.01764
-8,19,4,100000,804,0.00804,1500,0.015
-8,19,5,100000,615,0.00615,1175,0.01175
-8,20,0,100000,475,0.00475,951,0.00951
-8,20,1,100000,642,0.00642,1192,0.01192
-8,20,2,100000,814,0.00814,1521,0.01521
-8,20,3,100000,841,0.00841,1652,0.01652
-8,20,4,100000,833,0.00833,1576,0.01576
-8,20,5,100000,674,0.00674,1196,0.01196
-8,21,0,100000,539,0.00539,1026,0.01026
-8,21,1,100000,652,0.00652,1177,0.01177
-8,21,2,100000,804,0.00804,1501,0.01501
-8,21,3,100000,879,0.00879,1733,0.01733
-8,21,4,100000,846,0.00846,1589,0.01589
-8,21,5,100000,658,0.00658,1186,0.01186
-8,22,0,100000,540,0.0054,996,0.00996
-8,22,1,100000,696,0.00696,1201,0.01201
-8,22,2,100000,796,0.00796,1545,0.01545
-8,22,3,100000,890,0.0089,1691,0.01691
-8,22,4,100000,828,0.00828,1544,0.01544
-8,22,5,100000,628,0.00628,1181,0.01181
-8,23,0,100000,526,0.00526,958,0.00958
-8,23,1,100000,617,0.00617,1125,0.01125
-8,23,2,100000,827,0.00827,1565,0.01565
-8,23,3,100000,884,0.00884,1736,0.01736
-8,23,4,100000,833,0.00833,1516,0.01516
-8,23,5,100000,610,0.0061,1142,0.01142
-8,24,0,100000,552,0.00552,982,0.00982
-8,24,1,100000,619,0.00619,1094,0.01094
-8,24,2,100000,786,0.00786,1539,0.01539
-8,24,3,100000,890,0.0089,1650,0.0165
-8,24,4,100000,799,0.00799,1565,0.01565
-8,24,5,100000,639,0.00639,1178,0.01178
-8,25,0,100000,525,0.00525,996,0.00996
-8,25,1,100000,635,0.00635,1178,0.01178
-8,25,2,100000,801,0.00801,1580,0.0158
-8,25,3,100000,902,0.00902,1664,0.01664
-8,25,4,100000,836,0.00836,1565,0.01565
-8,25,5,100000,628,0.00628,1145,0.01145
-8,26,0,100000,559,0.00559,1034,0.01034
-8,26,1,100000,605,0.00605,1196,0.01196
-8,26,2,100000,798,0.00798,1539,0.01539
-8,26,3,100000,906,0.00906,1680,0.0168
-8,26,4,100000,792,0.00792,1582,0.01582
-8,26,5,100000,680,0.0068,1190,0.0119
-8,27,0,100000,552,0.00552,1029,0.01029
-8,27,1,100000,583,0.00583,1138,0.01138
-8,27,2,100000,743,0.00743,1551,0.01551
-8,27,3,100000,927,0.00927,1730,0.0173
-8,27,4,100000,700,0.007,1454,0.01454
-8,27,5,100000,622,0.00622,1218,0.01218
-8,28,0,100000,545,0.00545,971,0.00971
-8,28,1,100000,623,0.00623,1140,0.0114
-8,28,2,100000,727,0.00727,1512,0.01512
-8,28,3,100000,873,0.00873,1626,0.01626
-8,28,4,100000,767,0.00767,1451,0.01451
-8,28,5,100000,648,0.00648,1165,0.01165
-8,29,0,100000,519,0.00519,985,0.00985
-8,29,1,100000,660,0.0066,1226,0.01226
-8,29,2,100000,820,0.0082,1617,0.01617
-8,29,3,100000,929,0.00929,1731,0.01731
-8,29,4,100000,826,0.00826,1548,0.01548
-8,29,5,100000,631,0.00631,1128,0.01128
-8,30,0,100000,583,0.00583,995,0.00995
-8,30,1,100000,652,0.00652,1256,0.01256
-8,30,2,100000,800,0.008,1581,0.01581
-8,30,3,100000,951,0.00951,1755,0.01755
-8,30,4,100000,788,0.00788,1543,0.01543
-8,30,5,100000,657,0.00657,1178,0.01178
-8,31,0,100000,540,0.0054,976,0.00976
-8,31,1,100000,671,0.00671,1165,0.01165
-8,31,2,100000,798,0.00798,1509,0.01509
-8,31,3,100000,899,0.00899,1713,0.01713
-8,31,4,100000,874,0.00874,1580,0.0158
-8,31,5,100000,646,0.00646,1145,0.01145
-8,32,0,100000,513,0.00513,988,0.00988
-8,32,1,100000,711,0.00711,1256,0.01256
-8,32,2,100000,761,0.00761,1499,0.01499
-8,32,3,100000,977,0.00977,1754,0.01754
-8,32,4,100000,741,0.00741,1461,0.01461
-8,32,5,100000,660,0.0066,1218,0.01218
-8,33,0,100000,489,0.00489,939,0.00939
-8,33,1,100000,651,0.00651,1186,0.01186
-8,33,2,100000,842,0.00842,1550,0.0155
-8,33,3,100000,849,0.00849,1701,0.01701
-8,33,4,100000,800,0.008,1575,0.01575
-8,33,5,100000,662,0.00662,1183,0.01183
-8,34,0,100000,580,0.0058,1041,0.01041
-8,34,1,100000,653,0.00653,1139,0.01139
-8,34,2,100000,804,0.00804,1523,0.01523
-8,34,3,100000,863,0.00863,1686,0.01686
-8,34,4,100000,772,0.00772,1487,0.01487
-8,34,5,100000,617,0.00617,1157,0.01157
-8,35,0,100000,504,0.00504,926,0.00926
-8,35,1,100000,599,0.00599,1125,0.01125
-8,35,2,100000,816,0.00816,1505,0.01505
-8,35,3,100000,908,0.00908,1725,0.01725
-8,35,4,100000,788,0.00788,1494,0.01494
-8,35,5,100000,611,0.00611,1156,0.01156
-8,36,0,100000,547,0.00547,960,0.0096
-8,36,1,100000,570,0.0057,1159,0.01159
-8,36,2,100000,823,0.00823,1544,0.01544
-8,36,3,100000,979,0.00979,1756,0.01756
-8,36,4,100000,816,0.00816,1550,0.0155
-8,36,5,100000,647,0.00647,1121,0.01121
-8,37,0,100000,513,0.00513,998,0.00998
-8,37,1,100000,610,0.0061,1175,0.01175
-8,37,2,100000,819,0.00819,1505,0.01505
-8,37,3,100000,909,0.00909,1740,0.0174
-8,37,4,100000,794,0.00794,1522,0.01522
-8,37,5,100000,620,0.0062,1173,0.01173
-8,38,0,100000,581,0.00581,990,0.0099
-8,38,1,100000,689,0.00689,1296,0.01296
-8,38,2,100000,792,0.00792,1526,0.01526
-8,38,3,100000,908,0.00908,1704,0.01704
-8,38,4,100000,777,0.00777,1516,0.01516
-8,38,5,100000,619,0.00619,1132,0.01132
-8,39,0,100000,544,0.00544,923,0.00923
-8,39,1,100000,718,0.00718,1314,0.01314
-8,39,2,100000,802,0.00802,1473,0.01473
-8,39,3,100000,682,0.00682,1353,0.01353
-8,39,4,100000,802,0.00802,1454,0.01454
-8,39,5,100000,562,0.00562,1046,0.01046
-8,40,0,100000,285,0.00285,518,0.00518
-8,40,1,100000,430,0.0043,770,0.0077
-8,40,2,100000,514,0.00514,880,0.0088
-8,40,3,100000,419,0.00419,793,0.00793
-8,40,4,100000,452,0.00452,835,0.00835
-8,40,5,100000,387,0.00387,687,0.00687
-8,41,0,100000,116,0.00116,246,0.00246
-8,41,1,100000,167,0.00167,340,0.0034
-8,41,2,100000,193,0.00193,372,0.00372
-8,41,3,100000,150,0.0015,287,0.00287
-8,41,4,100000,130,0.0013,212,0.00212
-8,41,5,100000,111,0.00111,200,0.002
-8,42,0,100000,52,0.00052,101,0.00101
-8,42,1,100000,47,0.00047,96,0.00096
-8,42,2,100000,43,0.00043,103,0.00103
-8,42,3,100000,44,0.00044,93,0.00093
-8,42,4,100000,26,0.00026,75,0.00075
-8,42,5,100000,36,0.00036,80,0.0008
-8,43,0,100000,39,0.00039,71,0.00071
-8,43,1,100000,43,0.00043,91,0.00091
-8,43,2,100000,34,0.00034,99,0.00099
-8,43,3,100000,54,0.00054,86,0.00086
-8,43,4,100000,46,0.00046,78,0.00078
-8,43,5,100000,24,0.00024,74,0.00074
-8,44,0,100000,36,0.00036,77,0.00077
-8,44,1,100000,42,0.00042,93,0.00093
-8,44,2,100000,23,0.00023,90,0.0009
-8,44,3,100000,20,0.0002,73,0.00073
-8,44,4,100000,25,0.00025,73,0.00073
-8,44,5,100000,38,0.00038,70,0.0007
-8,45,0,100000,33,0.00033,84,0.00084
-8,45,1,100000,19,0.00019,89,0.00089
-8,45,2,100000,33,0.00033,88,0.00088
-8,45,3,100000,29,0.00029,86,0.00086
-8,45,4,100000,31,0.00031,71,0.00071
-8,45,5,100000,35,0.00035,71,0.00071
-8,46,0,100000,38,0.00038,86,0.00086
-8,46,1,100000,52,0.00052,84,0.00084
-8,46,2,100000,43,0.00043,96,0.00096
-8,46,3,100000,37,0.00037,76,0.00076
-8,46,4,100000,18,0.00018,90,0.0009
-8,46,5,100000,66,0.00066,97,0.00097
-8,47,0,100000,29,0.00029,77,0.00077
-8,47,1,100000,21,0.00021,69,0.00069
-8,47,2,100000,56,0.00056,94,0.00094
-8,47,3,100000,38,0.00038,77,0.00077
-8,47,4,100000,27,0.00027,78,0.00078
-8,47,5,100000,54,0.00054,83,0.00083
-8,48,0,100000,30,0.0003,76,0.00076
-8,48,1,100000,37,0.00037,76,0.00076
-8,48,2,100000,44,0.00044,82,0.00082
-8,48,3,100000,28,0.00028,67,0.00067
-8,48,4,100000,44,0.00044,93,0.00093
-8,48,5,100000,29,0.00029,77,0.00077
-8,49,0,100000,17,0.00017,62,0.00062
-8,49,1,100000,25,0.00025,79,0.00079
-8,49,2,100000,19,0.00019,71,0.00071
-8,49,3,100000,34,0.00034,75,0.00075
-8,49,4,100000,47,0.00047,73,0.00073
-8,49,5,100000,27,0.00027,83,0.00083
-8,50,0,100000,33,0.00033,67,0.00067
-8,50,1,100000,30,0.0003,63,0.00063
-8,50,2,100000,38,0.00038,75,0.00075
-8,50,3,100000,37,0.00037,99,0.00099
-8,50,4,100000,12,0.00012,71,0.00071
-8,50,5,100000,39,0.00039,74,0.00074
-7,-50,0,100000,41,0.00041,61,0.00061
-7,-50,1,100000,19,0.00019,71,0.00071
-7,-50,2,100000,27,0.00027,73,0.00073
-7,-50,3,100000,32,0.00032,66,0.00066
-7,-50,4,100000,46,0.00046,57,0.00057
-7,-50,5,100000,29,0.00029,72,0.00072
-7,-49,0,100000,40,0.0004,80,0.0008
-7,-49,1,100000,38,0.00038,90,0.0009
-7,-49,2,100000,34,0.00034,67,0.00067
-7,-49,3,100000,28,0.00028,66,0.00066
-7,-49,4,100000,35,0.00035,62,0.00062
-7,-49,5,100000,25,0.00025,81,0.00081
-7,-48,0,100000,25,0.00025,81,0.00081
-7,-48,1,100000,37,0.00037,79,0.00079
-7,-48,2,100000,42,0.00042,81,0.00081
-7,-48,3,100000,33,0.00033,80,0.0008
-7,-48,4,100000,39,0.00039,80,0.0008
-7,-48,5,100000,43,0.00043,82,0.00082
-7,-47,0,100000,24,0.00024,81,0.00081
-7,-47,1,100000,41,0.00041,83,0.00083
-7,-47,2,100000,23,0.00023,66,0.00066
-7,-47,3,100000,47,0.00047,98,0.00098
-7,-47,4,100000,17,0.00017,82,0.00082
-7,-47,5,100000,32,0.00032,84,0.00084
-7,-46,0,100000,24,0.00024,75,0.00075
-7,-46,1,100000,30,0.0003,65,0.00065
-7,-46,2,100000,22,0.00022,77,0.00077
-7,-46,3,100000,30,0.0003,61,0.00061
-7,-46,4,100000,22,0.00022,55,0.00055
-7,-46,5,100000,37,0.00037,91,0.00091
-7,-45,0,100000,49,0.00049,71,0.00071
-7,-45,1,100000,34,0.00034,66,0.00066
-7,-45,2,100000,27,0.00027,77,0.00077
-7,-45,3,100000,30,0.0003,91,0.00091
-7,-45,4,100000,49,0.00049,80,0.0008
-7,-45,5,100000,38,0.00038,66,0.00066
-7,-44,0,100000,44,0.00044,84,0.00084
-7,-44,1,100000,41,0.00041,76,0.00076
-7,-44,2,100000,31,0.00031,71,0.00071
-7,-44,3,100000,37,0.00037,70,0.0007
-7,-44,4,100000,39,0.00039,73,0.00073
-7,-44,5,100000,20,0.0002,72,0.00072
-7,-43,0,100000,49,0.00049,81,0.00081
-7,-43,1,100000,26,0.00026,80,0.0008
-7,-43,2,100000,43,0.00043,81,0.00081
-7,-43,3,100000,33,0.00033,93,0.00093
-7,-43,4,100000,51,0.00051,90,0.0009
-7,-43,5,100000,42,0.00042,83,0.00083
-7,-42,0,100000,43,0.00043,104,0.00104
-7,-42,1,100000,48,0.00048,84,0.00084
-7,-42,2,100000,28,0.00028,80,0.0008
-7,-42,3,100000,47,0.00047,89,0.00089
-7,-42,4,100000,47,0.00047,108,0.00108
-7,-42,5,100000,44,0.00044,104,0.00104
-7,-41,0,100000,103,0.00103,229,0.00229
-7,-41,1,100000,49,0.00049,143,0.00143
-7,-41,2,100000,103,0.00103,195,0.00195
-7,-41,3,100000,134,0.00134,258,0.00258
-7,-41,4,100000,157,0.00157,340,0.0034
-7,-41,5,100000,163,0.00163,327,0.00327
-7,-40,0,100000,346,0.00346,573,0.00573
-7,-40,1,100000,405,0.00405,651,0.00651
-7,-40,2,100000,464,0.00464,845,0.00845
-7,-40,3,100000,463,0.00463,854,0.00854
-7,-40,4,100000,512,0.00512,906,0.00906
-7,-40,5,100000,509,0.00509,920,0.0092
-7,-39,0,100000,511,0.00511,973,0.00973
-7,-39,1,100000,636,0.00636,1192,0.01192
-7,-39,2,100000,817,0.00817,1514,0.01514
-7,-39,3,100000,821,0.00821,1485,0.01485
-7,-39,4,100000,938,0.00938,1682,0.01682
-7,-39,5,100000,845,0.00845,1492,0.01492
-7,-38,0,100000,594,0.00594,1052,0.01052
-7,-38,1,100000,663,0.00663,1232,0.01232
-7,-38,2,100000,853,0.00853,1568,0.01568
-7,-38,3,100000,896,0.00896,1714,0.01714
-7,-38,4,100000,792,0.00792,1629,0.01629
-7,-38,5,100000,731,0.00731,1333,0.01333
-7,-37,0,100000,534,0.00534,1034,0.01034
-7,-37,1,100000,624,0.00624,1229,0.01229
-7,-37,2,100000,863,0.00863,1608,0.01608
-7,-37,3,100000,1023,0.01023,1846,0.01846
-7,-37,4,100000,862,0.00862,1632,0.01632
-7,-37,5,100000,655,0.00655,1258,0.01258
-7,-36,0,100000,538,0.00538,1052,0.01052
-7,-36,1,100000,688,0.00688,1205,0.01205
-7,-36,2,100000,828,0.00828,1553,0.01553
-7,-36,3,100000,881,0.00881,1740,0.0174
-7,-36,4,100000,880,0.0088,1580,0.0158
-7,-36,5,100000,636,0.00636,1189,0.01189
-7,-35,0,100000,601,0.00601,1060,0.0106
-7,-35,1,100000,675,0.00675,1287,0.01287
-7,-35,2,100000,877,0.00877,1575,0.01575
-7,-35,3,100000,899,0.00899,1731,0.01731
-7,-35,4,100000,857,0.00857,1616,0.01616
-7,-35,5,100000,713,0.00713,1292,0.01292
-7,-34,0,100000,590,0.0059,1084,0.01084
-7,-34,1,100000,644,0.00644,1197,0.01197
-7,-34,2,100000,836,0.00836,1570,0.0157
-7,-34,3,100000,945,0.00945,1808,0.01808
-7,-34,4,100000,839,0.00839,1531,0.01531
-7,-34,5,100000,690,0.0069,1239,0.01239
-7,-33,0,100000,506,0.00506,974,0.00974
-7,-33,1,100000,684,0.00684,1258,0.01258
-7,-33,2,100000,750,0.0075,1531,0.01531
-7,-33,3,100000,936,0.00936,1733,0.01733
-7,-33,4,100000,846,0.00846,1576,0.01576
-7,-33,5,100000,688,0.00688,1221,0.01221
-7,-32,0,100000,594,0.00594,1087,0.01087
-7,-32,1,100000,650,0.0065,1196,0.01196
-7,-32,2,100000,849,0.00849,1595,0.01595
-7,-32,3,100000,1024,0.01024,1780,0.0178
-7,-32,4,100000,896,0.00896,1632,0.01632
-7,-32,5,100000,647,0.00647,1244,0.01244
-7,-31,0,100000,541,0.00541,1052,0.01052
-7,-31,1,100000,646,0.00646,1253,0.01253
-7,-31,2,100000,857,0.00857,1612,0.01612
-7,-31,3,100000,918,0.00918,1804,0.01804
-7,-31,4,100000,803,0.00803,1567,0.01567
-7,-31,5,100000,668,0.00668,1227,0.01227
-7,-30,0,100000,572,0.00572,1053,0.01053
-7,-30,1,100000,658,0.00658,1201,0.01201
-7,-30,2,100000,809,0.00809,1519,0.01519
-7,-30,3,100000,908,0.00908,1829,0.01829
-7,-30,4,100000,833,0.00833,1623,0.01623
-7,-30,5,100000,592,0.00592,1220,0.0122
-7,-29,0,100000,552,0.00552,1035,0.01035
-7,-29,1,100000,670,0.0067,1219,0.01219
-7,-29,2,100000,804,0.00804,1546,0.01546
-7,-29,3,100000,1014,0.01014,1835,0.01835
-7,-29,4,100000,823,0.00823,1562,0.01562
-7,-29,5,100000,685,0.00685,1231,0.01231
-7,-28,0,100000,564,0.00564,1058,0.01058
-7,-28,1,100000,634,0.00634,1269,0.01269
-7,-28,2,100000,851,0.00851,1581,0.01581
-7,-28,3,100000,948,0.00948,1781,0.01781
-7,-28,4,100000,837,0.00837,1598,0.01598
-7,-28,5,100000,713,0.00713,1283,0.01283
-7,-27,0,100000,588,0.00588,1068,0.01068
-7,-27,1,100000,683,0.00683,1207,0.01207
-7,-27,2,100000,887,0.00887,1620,0.0162
-7,-27,3,100000,951,0.00951,1790,0.0179
-7,-27,4,100000,779,0.00779,1530,0.0153
-7,-27,5,100000,661,0.00661,1208,0.01208
-7,-26,0,100000,572,0.00572,1062,0.01062
-7,-26,1,100000,627,0.00627,1227,0.01227
-7,-26,2,100000,896,0.00896,1690,0.0169
-7,-26,3,100000,934,0.00934,1808,0.01808
-7,-26,4,100000,866,0.00866,1581,0.01581
-7,-26,5,100000,689,0.00689,1267,0.01267
-7,-25,0,100000,579,0.00579,1071,0.01071
-7,-25,1,100000,598,0.00598,1175,0.01175
-7,-25,2,100000,844,0.00844,1538,0.01538
-7,-25,3,100000,963,0.00963,1841,0.01841
-7,-25,4,100000,841,0.00841,1587,0.01587
-7,-25,5,100000,685,0.00685,1260,0.0126
-7,-24,0,100000,569,0.00569,1025,0.01025
-7,-24,1,100000,665,0.00665,1219,0.01219
-7,-24,2,100000,914,0.00914,1622,0.01622
-7,-24,3,100000,905,0.00905,1823,0.01823
-7,-24,4,100000,808,0.00808,1627,0.01627
-7,-24,5,100000,686,0.00686,1244,0.01244
-7,-23,0,100000,571,0.00571,1096,0.01096
-7,-23,1,100000,646,0.00646,1211,0.01211
-7,-23,2,100000,914,0.00914,1669,0.01669
-7,-23,3,100000,893,0.00893,1728,0.01728
-7,-23,4,100000,836,0.00836,1562,0.01562
-7,-23,5,100000,702,0.00702,1284,0.01284
-7,-22,0,100000,559,0.00559,1090,0.0109
-7,-22,1,100000,634,0.00634,1240,0.0124
-7,-22,2,100000,815,0.00815,1552,0.01552
-7,-22,3,100000,985,0.00985,1757,0.01757
-7,-22,4,100000,879,0.00879,1693,0.01693
-7,-22,5,100000,732,0.00732,1269,0.01269
-7,-21,0,100000,577,0.00577,1017,0.01017
-7,-21,1,100000,673,0.00673,1232,0.01232
-7,-21,2,100000,885,0.00885,1603,0.01603
-7,-21,3,100000,926,0.00926,1793,0.01793
-7,-21,4,100000,889,0.00889,1654,0.01654
-7,-21,5,100000,701,0.00701,1247,0.01247
-7,-20,0,100000,535,0.00535,1107,0.01107
-7,-20,1,100000,677,0.00677,1224,0.01224
-7,-20,2,100000,859,0.00859,1616,0.01616
-7,-20,3,100000,938,0.00938,1804,0.01804
-7,-20,4,100000,922,0.00922,1701,0.01701
-7,-20,5,100000,650,0.0065,1260,0.0126
-7,-19,0,100000,567,0.00567,1065,0.01065
-7,-19,1,100000,742,0.00742,1289,0.01289
-7,-19,2,100000,845,0.00845,1601,0.01601
-7,-19,3,100000,929,0.00929,1875,0.01875
-7,-19,4,100000,822,0.00822,1648,0.01648
-7,-19,5,100000,629,0.00629,1216,0.01216
-7,-18,0,100000,526,0.00526,1078,0.01078
-7,-18,1,100000,679,0.00679,1223,0.01223
-7,-18,2,100000,890,0.0089,1597,0.01597
-7,-18,3,100000,900,0.009,1717,0.01717
-7,-18,4,100000,893,0.00893,1650,0.0165
-7,-18,5,100000,596,0.00596,1159,0.01159
-7,-17,0,100000,529,0.00529,1053,0.01053
-7,-17,1,100000,636,0.00636,1236,0.01236
-7,-17,2,100000,806,0.00806,1605,0.01605
-7,-17,3,100000,1009,0.01009,1757,0.01757
-7,-17,4,100000,835,0.00835,1573,0.01573
-7,-17,5,100000,624,0.00624,1201,0.01201
-7,-16,0,100000,590,0.0059,999,0.00999
-7,-16,1,100000,639,0.00639,1225,0.01225
-7,-16,2,100000,866,0.00866,1601,0.01601
-7,-16,3,100000,860,0.0086,1733,0.01733
-7,-16,4,100000,889,0.00889,1662,0.01662
-7,-16,5,100000,694,0.00694,1238,0.01238
-7,-15,0,100000,596,0.00596,1098,0.01098
-7,-15,1,100000,633,0.00633,1256,0.01256
-7,-15,2,100000,908,0.00908,1647,0.01647
-7,-15,3,100000,917,0.00917,1779,0.01779
-7,-15,4,100000,827,0.00827,1583,0.01583
-7,-15,5,100000,665,0.00665,1259,0.01259
-7,-14,0,100000,532,0.00532,1075,0.01075
-7,-14,1,100000,624,0.00624,1209,0.01209
-7,-14,2,100000,826,0.00826,1600,0.016
-7,-14,3,100000,903,0.00903,1729,0.01729
-7,-14,4,100000,905,0.00905,1657,0.01657
-7,-14,5,100000,628,0.00628,1175,0.01175
-7,-13,0,100000,561,0.00561,1064,0.01064
-7,-13,1,100000,627,0.00627,1207,0.01207
-7,-13,2,100000,868,0.00868,1561,0.01561
-7,-13,3,100000,874,0.00874,1727,0.01727
-7,-13,4,100000,803,0.00803,1562,0.01562
-7,-13,5,100000,655,0.00655,1200,0.012
-7,-12,0,100000,583,0.00583,1103,0.01103
-7,-12,1,100000,662,0.00662,1268,0.01268
-7,-12,2,100000,859,0.00859,1565,0.01565
-7,-12,3,100000,941,0.00941,1783,0.01783
-7,-12,4,100000,912,0.00912,1614,0.01614
-7,-12,5,100000,630,0.0063,1238,0.01238
-7,-11,0,100000,536,0.00536,1062,0.01062
-7,-11,1,100000,638,0.00638,1206,0.01206
-7,-11,2,100000,839,0.00839,1616,0.01616
-7,-11,3,100000,921,0.00921,1738,0.01738
-7,-11,4,100000,910,0.0091,1664,0.01664
-7,-11,5,100000,738,0.00738,1259,0.01259
-7,-10,0,100000,545,0.00545,1011,0.01011
-7,-10,1,100000,662,0.00662,1265,0.01265
-7,-10,2,100000,792,0.00792,1543,0.01543
-7,-10,3,100000,953,0.00953,1786,0.01786
-7,-10,4,100000,824,0.00824,1577,0.01577
-7,-10,5,100000,668,0.00668,1281,0.01281
-7,-9,0,100000,608,0.00608,1105,0.01105
-7,-9,1,100000,679,0.00679,1235,0.01235
-7,-9,2,100000,820,0.0082,1567,0.01567
-7,-9,3,100000,887,0.00887,1673,0.01673
-7,-9,4,100000,823,0.00823,1558,0.01558
-7,-9,5,100000,678,0.00678,1198,0.01198
-7,-8,0,100000,576,0.00576,1074,0.01074
-7,-8,1,100000,701,0.00701,1243,0.01243
-7,-8,2,100000,862,0.00862,1655,0.01655
-7,-8,3,100000,956,0.00956,1736,0.01736
-7,-8,4,100000,940,0.0094,1595,0.01595
-7,-8,5,100000,692,0.00692,1214,0.01214
-7,-7,0,100000,533,0.00533,1034,0.01034
-7,-7,1,100000,651,0.00651,1225,0.01225
-7,-7,2,100000,874,0.00874,1605,0.01605
-7,-7,3,100000,983,0.00983,1799,0.01799
-7,-7,4,100000,897,0.00897,1648,0.01648
-7,-7,5,100000,643,0.00643,1197,0.01197
-7,-6,0,100000,539,0.00539,1042,0.01042
-7,-6,1,100000,657,0.00657,1228,0.01228
-7,-6,2,100000,875,0.00875,1646,0.01646
-7,-6,3,100000,931,0.00931,1804,0.01804
-7,-6,4,100000,887,0.00887,1657,0.01657
-7,-6,5,100000,655,0.00655,1293,0.01293
-7,-5,0,100000,601,0.00601,1084,0.01084
-7,-5,1,100000,652,0.00652,1257,0.01257
-7,-5,2,100000,806,0.00806,1590,0.0159
-7,-5,3,100000,991,0.00991,1798,0.01798
-7,-5,4,100000,806,0.00806,1591,0.01591
-7,-5,5,100000,694,0.00694,1262,0.01262
-7,-4,0,100000,526,0.00526,1038,0.01038
-7,-4,1,100000,640,0.0064,1221,0.01221
-7,-4,2,100000,937,0.00937,1711,0.01711
-7,-4,3,100000,933,0.00933,1849,0.01849
-7,-4,4,100000,840,0.0084,1556,0.01556
-7,-4,5,100000,679,0.00679,1264,0.01264
-7,-3,0,100000,566,0.00566,1025,0.01025
-7,-3,1,100000,643,0.00643,1196,0.01196
-7,-3,2,100000,865,0.00865,1572,0.01572
-7,-3,3,100000,892,0.00892,1747,0.01747
-7,-3,4,100000,913,0.00913,1674,0.01674
-7,-3,5,100000,684,0.00684,1286,0.01286
-7,-2,0,100000,620,0.0062,1044,0.01044
-7,-2,1,100000,682,0.00682,1262,0.01262
-7,-2,2,100000,930,0.0093,1657,0.01657
-7,-2,3,100000,872,0.00872,1731,0.01731
-7,-2,4,100000,841,0.00841,1577,0.01577
-7,-2,5,100000,598,0.00598,1189,0.01189
-7,-1,0,100000,608,0.00608,1097,0.01097
-7,-1,1,100000,609,0.00609,1167,0.01167
-7,-1,2,100000,832,0.00832,1586,0.01586
-7,-1,3,100000,916,0.00916,1735,0.01735
-7,-1,4,100000,875,0.00875,1644,0.01644
-7,-1,5,100000,724,0.00724,1271,0.01271
-7,0,0,100000,583,0.00583,1070,0.0107
-7,0,1,100000,689,0.00689,1195,0.01195
-7,0,2,100000,861,0.00861,1520,0.0152
-7,0,3,100000,956,0.00956,1786,0.01786
-7,0,4,100000,792,0.00792,1586,0.01586
-7,0,5,100000,649,0.00649,1228,0.01228
-7,1,0,100000,522,0.00522,994,0.00994
-7,1,1,100000,616,0.00616,1161,0.01161
-7,1,2,100000,806,0.00806,1550,0.0155
-7,1,3,100000,896,0.00896,1721,0.01721
-7,1,4,100000,838,0.00838,1576,0.01576
-7,1,5,100000,666,0.00666,1277,0.01277
-7,2,0,100000,579,0.00579,1037,0.01037
-7,2,1,100000,673,0.00673,1212,0.01212
-7,2,2,100000,871,0.00871,1567,0.01567
-7,2,3,100000,958,0.00958,1846,0.01846
-7,2,4,100000,883,0.00883,1681,0.01681
-7,2,5,100000,716,0.00716,1235,0.01235
-7,3,0,100000,547,0.00547,1071,0.01071
-7,3,1,100000,687,0.00687,1254,0.01254
-7,3,2,100000,868,0.00868,1572,0.01572
-7,3,3,100000,888,0.00888,1735,0.01735
-7,3,4,100000,893,0.00893,1646,0.01646
-7,3,5,100000,653,0.00653,1201,0.01201
-7,4,0,100000,584,0.00584,1046,0.01046
-7,4,1,100000,666,0.00666,1221,0.01221
-7,4,2,100000,831,0.00831,1589,0.01589
-7,4,3,100000,967,0.00967,1779,0.01779
-7,4,4,100000,822,0.00822,1600,0.016
-7,4,5,100000,685,0.00685,1201,0.01201
-7,5,0,100000,539,0.00539,1059,0.01059
-7,5,1,100000,719,0.00719,1272,0.01272
-7,5,2,100000,821,0.00821,1596,0.01596
-7,5,3,100000,899,0.00899,1721,0.01721
-7,5,4,100000,862,0.00862,1546,0.01546
-7,5,5,100000,649,0.00649,1204,0.01204
-7,6,0,100000,548,0.00548,1093,0.01093
-7,6,1,100000,663,0.00663,1256,0.01256
-7,6,2,100000,840,0.0084,1625,0.01625
-7,6,3,100000,922,0.00922,1804,0.01804
-7,6,4,100000,820,0.0082,1567,0.01567
-7,6,5,100000,670,0.0067,1273,0.01273
-7,7,0,100000,583,0.00583,1119,0.01119
-7,7,1,100000,639,0.00639,1243,0.01243
-7,7,2,100000,814,0.00814,1618,0.01618
-7,7,3,100000,996,0.00996,1784,0.01784
-7,7,4,100000,843,0.00843,1526,0.01526
-7,7,5,100000,692,0.00692,1272,0.01272
-7,8,0,100000,495,0.00495,990,0.0099
-7,8,1,100000,659,0.00659,1215,0.01215
-7,8,2,100000,890,0.0089,1608,0.01608
-7,8,3,100000,985,0.00985,1813,0.01813
-7,8,4,100000,813,0.00813,1584,0.01584
-7,8,5,100000,630,0.0063,1226,0.01226
-7,9,0,100000,620,0.0062,1054,0.01054
-7,9,1,100000,665,0.00665,1222,0.01222
-7,9,2,100000,802,0.00802,1580,0.0158
-7,9,3,100000,880,0.0088,1739,0.01739
-7,9,4,100000,851,0.00851,1624,0.01624
-7,9,5,100000,697,0.00697,1284,0.01284
-7,10,0,100000,554,0.00554,1054,0.01054
-7,10,1,100000,656,0.00656,1208,0.01208
-7,10,2,100000,886,0.00886,1650,0.0165
-7,10,3,100000,926,0.00926,1795,0.01795
-7,10,4,100000,910,0.0091,1634,0.01634
-7,10,5,100000,655,0.00655,1200,0.012
-7,11,0,100000,563,0.00563,1048,0.01048
-7,11,1,100000,685,0.00685,1225,0.01225
-7,11,2,100000,873,0.00873,1662,0.01662
-7,11,3,100000,958,0.00958,1733,0.01733
-7,11,4,100000,829,0.00829,1550,0.0155
-7,11,5,100000,609,0.00609,1189,0.01189
-7,12,0,100000,599,0.00599,1072,0.01072
-7,12,1,100000,695,0.00695,1251,0.01251
-7,12,2,100000,865,0.00865,1532,0.01532
-7,12,3,100000,904,0.00904,1734,0.01734
-7,12,4,100000,810,0.0081,1494,0.01494
-7,12,5,100000,650,0.0065,1198,0.01198
-7,13,0,100000,551,0.00551,1038,0.01038
-7,13,1,100000,699,0.00699,1259,0.01259
-7,13,2,100000,871,0.00871,1641,0.01641
-7,13,3,100000,911,0.00911,1685,0.01685
-7,13,4,100000,809,0.00809,1609,0.01609
-7,13,5,100000,709,0.00709,1317,0.01317
-7,14,0,100000,560,0.0056,1068,0.01068
-7,14,1,100000,670,0.0067,1261,0.01261
-7,14,2,100000,880,0.0088,1680,0.0168
-7,14,3,100000,966,0.00966,1772,0.01772
-7,14,4,100000,877,0.00877,1648,0.01648
-7,14,5,100000,653,0.00653,1197,0.01197
-7,15,0,100000,534,0.00534,1055,0.01055
-7,15,1,100000,725,0.00725,1283,0.01283
-7,15,2,100000,840,0.0084,1633,0.01633
-7,15,3,100000,923,0.00923,1728,0.01728
-7,15,4,100000,783,0.00783,1567,0.01567
-7,15,5,100000,620,0.0062,1230,0.0123
-7,16,0,100000,605,0.00605,1021,0.01021
-7,16,1,100000,710,0.0071,1217,0.01217
-7,16,2,100000,880,0.0088,1670,0.0167
-7,16,3,100000,901,0.00901,1742,0.01742
-7,16,4,100000,837,0.00837,1564,0.01564
-7,16,5,100000,634,0.00634,1202,0.01202
-7,17,0,100000,536,0.00536,1008,0.01008
-7,17,1,100000,698,0.00698,1247,0.01247
-7,17,2,100000,819,0.00819,1593,0.01593
-7,17,3,100000,963,0.00963,1757,0.01757
-7,17,4,100000,793,0.00793,1592,0.01592
-7,17,5,100000,655,0.00655,1235,0.01235
-7,18,0,100000,562,0.00562,1025,0.01025
-7,18,1,100000,691,0.00691,1292,0.01292
-7,18,2,100000,862,0.00862,1614,0.01614
-7,18,3,100000,945,0.00945,1781,0.01781
-7,18,4,100000,864,0.00864,1616,0.01616
-7,18,5,100000,661,0.00661,1238,0.01238
-7,19,0,100000,581,0.00581,1097,0.01097
-7,19,1,100000,690,0.0069,1214,0.01214
-7,19,2,100000,852,0.00852,1600,0.016
-7,19,3,100000,844,0.00844,1766,0.01766
-7,19,4,100000,867,0.00867,1542,0.01542
-7,19,5,100000,658,0.00658,1259,0.01259
-7,20,0,100000,571,0.00571,996,0.00996
-7,20,1,100000,681,0.00681,1259,0.01259
-7,20,2,100000,789,0.00789,1580,0.0158
-7,20,3,100000,927,0.00927,1754,0.01754
-7,20,4,100000,877,0.00877,1599,0.01599
-7,20,5,100000,643,0.00643,1251,0.01251
-7,21,0,100000,574,0.00574,1043,0.01043
-7,21,1,100000,700,0.007,1266,0.01266
-7,21,2,100000,867,0.00867,1654,0.01654
-7,21,3,100000,946,0.00946,1865,0.01865
-7,21,4,100000,859,0.00859,1590,0.0159
-7,21,5,100000,696,0.00696,1242,0.01242
-7,22,0,100000,548,0.00548,1023,0.01023
-7,22,1,100000,660,0.0066,1194,0.01194
-7,22,2,100000,856,0.00856,1583,0.01583
-7,22,3,100000,903,0.00903,1785,0.01785
-7,22,4,100000,820,0.0082,1626,0.01626
-7,22,5,100000,648,0.00648,1211,0.01211
-7,23,0,100000,569,0.00569,1041,0.01041
-7,23,1,100000,656,0.00656,1228,0.01228
-7,23,2,100000,935,0.00935,1673,0.01673
-7,23,3,100000,904,0.00904,1810,0.0181
-7,23,4,100000,788,0.00788,1594,0.01594
-7,23,5,100000,642,0.00642,1232,0.01232
-7,24,0,100000,535,0.00535,1103,0.01103
-7,24,1,100000,712,0.00712,1212,0.01212
-7,24,2,100000,868,0.00868,1584,0.01584
-7,24,3,100000,974,0.00974,1800,0.018
-7,24,4,100000,869,0.00869,1624,0.01624
-7,24,5,100000,659,0.00659,1225,0.01225
-7,25,0,100000,542,0.00542,1027,0.01027
-7,25,1,100000,659,0.00659,1229,0.01229
-7,25,2,100000,834,0.00834,1620,0.0162
-7,25,3,100000,1009,0.01009,1776,0.01776
-7,25,4,100000,841,0.00841,1586,0.01586
-7,25,5,100000,644,0.00644,1173,0.01173
-7,26,0,100000,573,0.00573,1023,0.01023
-7,26,1,100000,667,0.00667,1199,0.01199
-7,26,2,100000,850,0.0085,1573,0.01573
-7,26,3,100000,956,0.00956,1742,0.01742
-7,26,4,100000,868,0.00868,1604,0.01604
-7,26,5,100000,687,0.00687,1243,0.01243
-7,27,0,100000,561,0.00561,1063,0.01063
-7,27,1,100000,669,0.00669,1262,0.01262
-7,27,2,100000,842,0.00842,1551,0.01551
-7,27,3,100000,942,0.00942,1744,0.01744
-7,27,4,100000,909,0.00909,1638,0.01638
-7,27,5,100000,667,0.00667,1245,0.01245
-7,28,0,100000,578,0.00578,1055,0.01055
-7,28,1,100000,672,0.00672,1274,0.01274
-7,28,2,100000,843,0.00843,1603,0.01603
-7,28,3,100000,948,0.00948,1787,0.01787
-7,28,4,100000,892,0.00892,1647,0.01647
-7,28,5,100000,671,0.00671,1224,0.01224
-7,29,0,100000,578,0.00578,1075,0.01075
-7,29,1,100000,737,0.00737,1192,0.01192
-7,29,2,100000,850,0.0085,1626,0.01626
-7,29,3,100000,928,0.00928,1755,0.01755
-7,29,4,100000,767,0.00767,1517,0.01517
-7,29,5,100000,659,0.00659,1225,0.01225
-7,30,0,100000,584,0.00584,1059,0.01059
-7,30,1,100000,696,0.00696,1184,0.01184
-7,30,2,100000,893,0.00893,1610,0.0161
-7,30,3,100000,922,0.00922,1747,0.01747
-7,30,4,100000,868,0.00868,1594,0.01594
-7,30,5,100000,682,0.00682,1243,0.01243
-7,31,0,100000,570,0.0057,1054,0.01054
-7,31,1,100000,611,0.00611,1194,0.01194
-7,31,2,100000,864,0.00864,1661,0.01661
-7,31,3,100000,922,0.00922,1769,0.01769
-7,31,4,100000,844,0.00844,1578,0.01578
-7,31,5,100000,668,0.00668,1163,0.01163
-7,32,0,100000,581,0.00581,1051,0.01051
-7,32,1,100000,609,0.00609,1210,0.0121
-7,32,2,100000,900,0.009,1642,0.01642
-7,32,3,100000,899,0.00899,1771,0.01771
-7,32,4,100000,867,0.00867,1641,0.01641
-7,32,5,100000,665,0.00665,1207,0.01207
-7,33,0,100000,548,0.00548,1033,0.01033
-7,33,1,100000,707,0.00707,1256,0.01256
-7,33,2,100000,852,0.00852,1633,0.01633
-7,33,3,100000,915,0.00915,1770,0.0177
-7,33,4,100000,779,0.00779,1608,0.01608
-7,33,5,100000,683,0.00683,1287,0.01287
-7,34,0,100000,542,0.00542,1025,0.01025
-7,34,1,100000,623,0.00623,1271,0.01271
-7,34,2,100000,897,0.00897,1620,0.0162
-7,34,3,100000,930,0.0093,1734,0.01734
-7,34,4,100000,811,0.00811,1545,0.01545
-7,34,5,100000,684,0.00684,1211,0.01211
-7,35,0,100000,561,0.00561,1054,0.01054
-7,35,1,100000,732,0.00732,1298,0.01298
-7,35,2,100000,920,0.0092,1606,0.01606
-7,35,3,100000,967,0.00967,1772,0.01772
-7,35,4,100000,808,0.00808,1593,0.01593
-7,35,5,100000,700,0.007,1200,0.012
-7,36,0,100000,616,0.00616,1079,0.01079
-7,36,1,100000,660,0.0066,1279,0.01279
-7,36,2,100000,768,0.00768,1592,0.01592
-7,36,3,100000,895,0.00895,1741,0.01741
-7,36,4,100000,829,0.00829,1585,0.01585
-7,36,5,100000,672,0.00672,1268,0.01268
-7,37,0,100000,569,0.00569,1039,0.01039
-7,37,1,100000,640,0.0064,1146,0.01146
-7,37,2,100000,824,0.00824,1629,0.01629
-7,37,3,100000,925,0.00925,1760,0.0176
-7,37,4,100000,889,0.00889,1642,0.01642
-7,37,5,100000,608,0.00608,1206,0.01206
-7,38,0,100000,578,0.00578,1055,0.01055
-7,38,1,100000,777,0.00777,1365,0.01365
-7,38,2,100000,839,0.00839,1671,0.01671
-7,38,3,100000,954,0.00954,1695,0.01695
-7,38,4,100000,915,0.00915,1645,0.01645
-7,38,5,100000,655,0.00655,1219,0.01219
-7,39,0,100000,497,0.00497,922,0.00922
-7,39,1,100000,806,0.00806,1486,0.01486
-7,39,2,100000,832,0.00832,1614,0.01614
-7,39,3,100000,848,0.00848,1463,0.01463
-7,39,4,100000,773,0.00773,1495,0.01495
-7,39,5,100000,635,0.00635,1176,0.01176
-7,40,0,100000,299,0.00299,565,0.00565
-7,40,1,100000,463,0.00463,902,0.00902
-7,40,2,100000,537,0.00537,1014,0.01014
-7,40,3,100000,467,0.00467,809,0.00809
-7,40,4,100000,509,0.00509,875,0.00875
-7,40,5,100000,396,0.00396,687,0.00687
-7,41,0,100000,124,0.00124,227,0.00227
-7,41,1,100000,181,0.00181,344,0.00344
-7,41,2,100000,165,0.00165,321,0.00321
-7,41,3,100000,122,0.00122,237,0.00237
-7,41,4,100000,98,0.00098,181,0.00181
-7,41,5,100000,81,0.00081,173,0.00173
-7,42,0,100000,54,0.00054,106,0.00106
-7,42,1,100000,28,0.00028,70,0.0007
-7,42,2,100000,42,0.00042,98,0.00098
-7,42,3,100000,54,0.00054,88,0.00088
-7,42,4,100000,23,0.00023,72,0.00072
-7,42,5,100000,20,0.0002,81,0.00081
-7,43,0,100000,34,0.00034,79,0.00079
-7,43,1,100000,28,0.00028,86,0.00086
-7,43,2,100000,55,0.00055,95,0.00095
-7,43,3,100000,42,0.00042,102,0.00102
-7,43,4,100000,36,0.00036,82,0.00082
-7,43,5,100000,52,0.00052,80,0.0008
-7,44,0,100000,32,0.00032,74,0.00074
-7,44,1,100000,36,0.00036,88,0.00088
-7,44,2,100000,67,0.00067,101,0.00101
-7,44,3,100000,21,0.00021,73,0.00073
-7,44,4,100000,34,0.00034,77,0.00077
-7,44,5,100000,12,0.00012,61,0.00061
-7,45,0,100000,36,0.00036,83,0.00083
-7,45,1,100000,36,0.00036,94,0.00094
-7,45,2,100000,26,0.00026,83,0.00083
-7,45,3,100000,28,0.00028,83,0.00083
-7,45,4,100000,25,0.00025,75,0.00075
-7,45,5,100000,47,0.00047,83,0.00083
-7,46,0,100000,29,0.00029,79,0.00079
-7,46,1,100000,50,0.0005,70,0.0007
-7,46,2,100000,44,0.00044,84,0.00084
-7,46,3,100000,37,0.00037,94,0.00094
-7,46,4,100000,29,0.00029,89,0.00089
-7,46,5,100000,43,0.00043,69,0.00069
-7,47,0,100000,21,0.00021,80,0.0008
-7,47,1,100000,37,0.00037,92,0.00092
-7,47,2,100000,21,0.00021,76,0.00076
-7,47,3,100000,28,0.00028,69,0.00069
-7,47,4,100000,36,0.00036,69,0.00069
-7,47,5,100000,32,0.00032,87,0.00087
-7,48,0,100000,38,0.00038,88,0.00088
-7,48,1,100000,36,0.00036,82,0.00082
-7,48,2,100000,25,0.00025,74,0.00074
-7,48,3,100000,31,0.00031,75,0.00075
-7,48,4,100000,44,0.00044,77,0.00077
-7,48,5,100000,49,0.00049,78,0.00078
-7,49,0,100000,46,0.00046,80,0.0008
-7,49,1,100000,35,0.00035,85,0.00085
-7,49,2,100000,41,0.00041,72,0.00072
-7,49,3,100000,43,0.00043,63,0.00063
-7,49,4,100000,38,0.00038,79,0.00079
-7,49,5,100000,19,0.00019,73,0.00073
-7,50,0,100000,41,0.00041,83,0.00083
-7,50,1,100000,42,0.00042,81,0.00081
-7,50,2,100000,29,0.00029,56,0.00056
-7,50,3,100000,25,0.00025,79,0.00079
-7,50,4,100000,41,0.00041,72,0.00072
-7,50,5,100000,49,0.00049,84,0.00084
-6,-50,0,100000,51,0.00051,80,0.0008
-6,-50,1,100000,19,0.00019,79,0.00079
-6,-50,2,100000,37,0.00037,80,0.0008
-6,-50,3,100000,19,0.00019,65,0.00065
-6,-50,4,100000,48,0.00048,89,0.00089
-6,-50,5,100000,25,0.00025,63,0.00063
-6,-49,0,100000,36,0.00036,68,0.00068
-6,-49,1,100000,41,0.00041,87,0.00087
-6,-49,2,100000,36,0.00036,80,0.0008
-6,-49,3,100000,47,0.00047,81,0.00081
-6,-49,4,100000,14,0.00014,62,0.00062
-6,-49,5,100000,36,0.00036,69,0.00069
-6,-48,0,100000,29,0.00029,77,0.00077
-6,-48,1,100000,31,0.00031,82,0.00082
-6,-48,2,100000,33,0.00033,64,0.00064
-6,-48,3,100000,28,0.00028,85,0.00085
-6,-48,4,100000,43,0.00043,75,0.00075
-6,-48,5,100000,25,0.00025,79,0.00079
-6,-47,0,100000,42,0.00042,86,0.00086
-6,-47,1,100000,23,0.00023,67,0.00067
-6,-47,2,100000,30,0.0003,65,0.00065
-6,-47,3,100000,34,0.00034,73,0.00073
-6,-47,4,100000,37,0.00037,72,0.00072
-6,-47,5,100000,32,0.00032,71,0.00071
-6,-46,0,100000,27,0.00027,73,0.00073
-6,-46,1,100000,43,0.00043,91,0.00091
-6,-46,2,100000,34,0.00034,82,0.00082
-6,-46,3,100000,38,0.00038,82,0.00082
-6,-46,4,100000,44,0.00044,78,0.00078
-6,-46,5,100000,28,0.00028,77,0.00077
-6,-45,0,100000,24,0.00024,94,0.00094
-6,-45,1,100000,33,0.00033,81,0.00081
-6,-45,2,100000,33,0.00033,63,0.00063
-6,-45,3,100000,35,0.00035,83,0.00083
-6,-45,4,100000,36,0.00036,81,0.00081
-6,-45,5,100000,66,0.00066,96,0.00096
-6,-44,0,100000,33,0.00033,90,0.0009
-6,-44,1,100000,33,0.00033,72,0.00072
-6,-44,2,100000,36,0.00036,86,0.00086
-6,-44,3,100000,32,0.00032,85,0.00085
-6,-44,4,100000,28,0.00028,82,0.00082
-6,-44,5,100000,29,0.00029,75,0.00075
-6,-43,0,100000,53,0.00053,95,0.00095
-6,-43,1,100000,27,0.00027,72,0.00072
-6,-43,2,100000,39,0.00039,87,0.00087
-6,-43,3,100000,28,0.00028,84,0.00084
-6,-43,4,100000,13,0.00013,79,0.00079
-6,-43,5,100000,34,0.00034,92,0.00092
-6,-42,0,100000,42,0.00042,81,0.00081
-6,-42,1,100000,53,0.00053,90,0.0009
-6,-42,2,100000,20,0.0002,78,0.00078
-6,-42,3,100000,43,0.00043,88,0.00088
-6,-42,4,100000,28,0.00028,87,0.00087
-6,-42,5,100000,36,0.00036,79,0.00079
-6,-41,0,100000,116,0.00116,235,0.00235
-6,-41,1,100000,50,0.0005,142,0.00142
-6,-41,2,100000,80,0.0008,173,0.00173
-6,-41,3,100000,131,0.00131,247,0.00247
-6,-41,4,100000,186,0.00186,364,0.00364
-6,-41,5,100000,139,0.00139,284,0.00284
-6,-40,0,100000,331,0.00331,613,0.00613
-6,-40,1,100000,442,0.00442,751,0.00751
-6,-40,2,100000,534,0.00534,912,0.00912
-6,-40,3,100000,446,0.00446,841,0.00841
-6,-40,4,100000,552,0.00552,1009,0.01009
-6,-40,5,100000,567,0.00567,953,0.00953
-6,-39,0,100000,574,0.00574,1017,0.01017
-6,-39,1,100000,690,0.0069,1269,0.01269
-6,-39,2,100000,894,0.00894,1525,0.01525
-6,-39,3,100000,963,0.00963,1722,0.01722
-6,-39,4,100000,952,0.00952,1680,0.0168
-6,-39,5,100000,892,0.00892,1649,0.01649
-6,-38,0,100000,596,0.00596,1133,0.01133
-6,-38,1,100000,652,0.00652,1292,0.01292
-6,-38,2,100000,844,0.00844,1617,0.01617
-6,-38,3,100000,914,0.00914,1743,0.01743
-6,-38,4,100000,829,0.00829,1631,0.01631
-6,-38,5,100000,775,0.00775,1414,0.01414
-6,-37,0,100000,602,0.00602,1087,0.01087
-6,-37,1,100000,675,0.00675,1305,0.01305
-6,-37,2,100000,936,0.00936,1695,0.01695
-6,-37,3,100000,1009,0.01009,1829,0.01829
-6,-37,4,100000,900,0.009,1683,0.01683
-6,-37,5,100000,771,0.00771,1331,0.01331
-6,-36,0,100000,615,0.00615,1158,0.01158
-6,-36,1,100000,697,0.00697,1359,0.01359
-6,-36,2,100000,882,0.00882,1647,0.01647
-6,-36,3,100000,952,0.00952,1805,0.01805
-6,-36,4,100000,903,0.00903,1639,0.01639
-6,-36,5,100000,610,0.0061,1252,0.01252
-6,-35,0,100000,658,0.00658,1164,0.01164
-6,-35,1,100000,685,0.00685,1294,0.01294
-6,-35,2,100000,872,0.00872,1683,0.01683
-6,-35,3,100000,993,0.00993,1766,0.01766
-6,-35,4,100000,882,0.00882,1611,0.01611
-6,-35,5,100000,661,0.00661,1285,0.01285
-6,-34,0,100000,678,0.00678,1185,0.01185
-6,-34,1,100000,712,0.00712,1344,0.01344
-6,-34,2,100000,895,0.00895,1651,0.01651
-6,-34,3,100000,1002,0.01002,1853,0.01853
-6,-34,4,100000,876,0.00876,1606,0.01606
-6,-34,5,100000,699,0.00699,1284,0.01284
-6,-33,0,100000,584,0.00584,1095,0.01095
-6,-33,1,100000,678,0.00678,1267,0.01267
-6,-33,2,100000,903,0.00903,1599,0.01599
-6,-33,3,100000,957,0.00957,1834,0.01834
-6,-33,4,100000,870,0.0087,1604,0.01604
-6,-33,5,100000,742,0.00742,1372,0.01372
-6,-32,0,100000,621,0.00621,1165,0.01165
-6,-32,1,100000,666,0.00666,1233,0.01233
-6,-32,2,100000,893,0.00893,1684,0.01684
-6,-32,3,100000,983,0.00983,1877,0.01877
-6,-32,4,100000,878,0.00878,1741,0.01741
-6,-32,5,100000,697,0.00697,1345,0.01345
-6,-31,0,100000,620,0.0062,1114,0.01114
-6,-31,1,100000,743,0.00743,1319,0.01319
-6,-31,2,100000,844,0.00844,1644,0.01644
-6,-31,3,100000,949,0.00949,1760,0.0176
-6,-31,4,100000,878,0.00878,1653,0.01653
-6,-31,5,100000,718,0.00718,1345,0.01345
-6,-30,0,100000,613,0.00613,1112,0.01112
-6,-30,1,100000,682,0.00682,1252,0.01252
-6,-30,2,100000,882,0.00882,1600,0.016
-6,-30,3,100000,935,0.00935,1869,0.01869
-6,-30,4,100000,885,0.00885,1620,0.0162
-6,-30,5,100000,692,0.00692,1267,0.01267
-6,-29,0,100000,596,0.00596,1092,0.01092
-6,-29,1,100000,677,0.00677,1308,0.01308
-6,-29,2,100000,808,0.00808,1653,0.01653
-6,-29,3,100000,969,0.00969,1810,0.0181
-6,-29,4,100000,864,0.00864,1664,0.01664
-6,-29,5,100000,722,0.00722,1339,0.01339
-6,-28,0,100000,606,0.00606,1127,0.01127
-6,-28,1,100000,714,0.00714,1297,0.01297
-6,-28,2,100000,838,0.00838,1568,0.01568
-6,-28,3,100000,942,0.00942,1819,0.01819
-6,-28,4,100000,894,0.00894,1658,0.01658
-6,-28,5,100000,700,0.007,1265,0.01265
-6,-27,0,100000,637,0.00637,1148,0.01148
-6,-27,1,100000,660,0.0066,1249,0.01249
-6,-27,2,100000,867,0.00867,1623,0.01623
-6,-27,3,100000,921,0.00921,1886,0.01886
-6,-27,4,100000,876,0.00876,1654,0.01654
-6,-27,5,100000,662,0.00662,1260,0.0126
-6,-26,0,100000,571,0.00571,1086,0.01086
-6,-26,1,100000,726,0.00726,1322,0.01322
-6,-26,2,100000,838,0.00838,1632,0.01632
-6,-26,3,100000,913,0.00913,1767,0.01767
-6,-26,4,100000,839,0.00839,1607,0.01607
-6,-26,5,100000,726,0.00726,1327,0.01327
-6,-25,0,100000,591,0.00591,1072,0.01072
-6,-25,1,100000,680,0.0068,1285,0.01285
-6,-25,2,100000,828,0.00828,1638,0.01638
-6,-25,3,100000,953,0.00953,1874,0.01874
-6,-25,4,100000,850,0.0085,1614,0.01614
-6,-25,5,100000,732,0.00732,1299,0.01299
-6,-24,0,100000,608,0.00608,1124,0.01124
-6,-24,1,100000,663,0.00663,1223,0.01223
-6,-24,2,100000,861,0.00861,1626,0.01626
-6,-24,3,100000,904,0.00904,1804,0.01804
-6,-24,4,100000,869,0.00869,1693,0.01693
-6,-24,5,100000,621,0.00621,1295,0.01295
-6,-23,0,100000,562,0.00562,1097,0.01097
-6,-23,1,100000,704,0.00704,1266,0.01266
-6,-23,2,100000,957,0.00957,1666,0.01666
-6,-23,3,100000,1036,0.01036,1831,0.01831
-6,-23,4,100000,847,0.00847,1643,0.01643
-6,-23,5,100000,678,0.00678,1275,0.01275
-6,-22,0,100000,605,0.00605,1105,0.01105
-6,-22,1,100000,684,0.00684,1294,0.01294
-6,-22,2,100000,859,0.00859,1626,0.01626
-6,-22,3,100000,929,0.00929,1867,0.01867
-6,-22,4,100000,965,0.00965,1671,0.01671
-6,-22,5,100000,722,0.00722,1327,0.01327
-6,-21,0,100000,602,0.00602,1131,0.01131
-6,-21,1,100000,739,0.00739,1348,0.01348
-6,-21,2,100000,836,0.00836,1593,0.01593
-6,-21,3,100000,978,0.00978,1822,0.01822
-6,-21,4,100000,901,0.00901,1666,0.01666
-6,-21,5,100000,743,0.00743,1301,0.01301
-6,-20,0,100000,565,0.00565,1140,0.0114
-6,-20,1,100000,722,0.00722,1391,0.01391
-6,-20,2,100000,892,0.00892,1700,0.017
-6,-20,3,100000,946,0.00946,1804,0.01804
-6,-20,4,100000,853,0.00853,1618,0.01618
-6,-20,5,100000,687,0.00687,1319,0.01319
-6,-19,0,100000,573,0.00573,1111,0.01111
-6,-19,1,100000,648,0.00648,1296,0.01296
-6,-19,2,100000,934,0.00934,1691,0.01691
-6,-19,3,100000,846,0.00846,1787,0.01787
-6,-19,4,100000,833,0.00833,1607,0.01607
-6,-19,5,100000,780,0.0078,1335,0.01335
-6,-18,0,100000,607,0.00607,1139,0.01139
-6,-18,1,100000,717,0.00717,1298,0.01298
-6,-18,2,100000,901,0.00901,1694,0.01694
-6,-18,3,100000,971,0.00971,1794,0.01794
-6,-18,4,100000,851,0.00851,1628,0.01628
-6,-18,5,100000,690,0.0069,1316,0.01316
-6,-17,0,100000,573,0.00573,1097,0.01097
-6,-17,1,100000,716,0.00716,1259,0.01259
-6,-17,2,100000,828,0.00828,1585,0.01585
-6,-17,3,100000,964,0.00964,1762,0.01762
-6,-17,4,100000,847,0.00847,1610,0.0161
-6,-17,5,100000,652,0.00652,1228,0.01228
-6,-16,0,100000,666,0.00666,1177,0.01177
-6,-16,1,100000,655,0.00655,1244,0.01244
-6,-16,2,100000,853,0.00853,1629,0.01629
-6,-16,3,100000,916,0.00916,1756,0.01756
-6,-16,4,100000,929,0.00929,1654,0.01654
-6,-16,5,100000,707,0.00707,1350,0.0135
-6,-15,0,100000,674,0.00674,1130,0.0113
-6,-15,1,100000,707,0.00707,1315,0.01315
-6,-15,2,100000,857,0.00857,1678,0.01678
-6,-15,3,100000,1010,0.0101,1849,0.01849
-6,-15,4,100000,887,0.00887,1606,0.01606
-6,-15,5,100000,700,0.007,1266,0.01266
-6,-14,0,100000,615,0.00615,1149,0.01149
-6,-14,1,100000,725,0.00725,1306,0.01306
-6,-14,2,100000,869,0.00869,1612,0.01612
-6,-14,3,100000,894,0.00894,1745,0.01745
-6,-14,4,100000,868,0.00868,1692,0.01692
-6,-14,5,100000,635,0.00635,1281,0.01281
-6,-13,0,100000,634,0.00634,1193,0.01193
-6,-13,1,100000,723,0.00723,1273,0.01273
-6,-13,2,100000,958,0.00958,1636,0.01636
-6,-13,3,100000,900,0.009,1791,0.01791
-6,-13,4,100000,826,0.00826,1664,0.01664
-6,-13,5,100000,693,0.00693,1381,0.01381
-6,-12,0,100000,654,0.00654,1144,0.01144
-6,-12,1,100000,722,0.00722,1338,0.01338
-6,-12,2,100000,944,0.00944,1639,0.01639
-6,-12,3,100000,1021,0.01021,1853,0.01853
-6,-12,4,100000,830,0.0083,1587,0.01587
-6,-12,5,100000,721,0.00721,1285,0.01285
-6,-11,0,100000,602,0.00602,1111,0.01111
-6,-11,1,100000,714,0.00714,1291,0.01291
-6,-11,2,100000,831,0.00831,1602,0.01602
-6,-11,3,100000,988,0.00988,1809,0.01809
-6,-11,4,100000,859,0.00859,1629,0.01629
-6,-11,5,100000,638,0.00638,1238,0.01238
-6,-10,0,100000,592,0.00592,1134,0.01134
-6,-10,1,100000,727,0.00727,1299,0.01299
-6,-10,2,100000,798,0.00798,1573,0.01573
-6,-10,3,100000,880,0.0088,1751,0.01751
-6,-10,4,100000,891,0.00891,1685,0.01685
-6,-10,5,100000,750,0.0075,1346,0.01346
-6,-9,0,100000,667,0.00667,1149,0.01149
-6,-9,1,100000,690,0.0069,1257,0.01257
-6,-9,2,100000,853,0.00853,1668,0.01668
-6,-9,3,100000,959,0.00959,1841,0.01841
-6,-9,4,100000,883,0.00883,1690,0.0169
-6,-9,5,100000,609,0.00609,1223,0.01223
-6,-8,0,100000,637,0.00637,1161,0.01161
-6,-8,1,100000,719,0.00719,1301,0.01301
-6,-8,2,100000,845,0.00845,1622,0.01622
-6,-8,3,100000,990,0.0099,1847,0.01847
-6,-8,4,100000,865,0.00865,1660,0.0166
-6,-8,5,100000,718,0.00718,1332,0.01332
-6,-7,0,100000,621,0.00621,1158,0.01158
-6,-7,1,100000,761,0.00761,1300,0.013
-6,-7,2,100000,915,0.00915,1664,0.01664
-6,-7,3,100000,943,0.00943,1897,0.01897
-6,-7,4,100000,920,0.0092,1694,0.01694
-6,-7,5,100000,749,0.00749,1301,0.01301
-6,-6,0,100000,592,0.00592,1125,0.01125
-6,-6,1,100000,615,0.00615,1257,0.01257
-6,-6,2,100000,861,0.00861,1603,0.01603
-6,-6,3,100000,1006,0.01006,1849,0.01849
-6,-6,4,100000,869,0.00869,1581,0.01581
-6,-6,5,100000,763,0.00763,1341,0.01341
-6,-5,0,100000,625,0.00625,1131,0.01131
-6,-5,1,100000,755,0.00755,1344,0.01344
-6,-5,2,100000,823,0.00823,1599,0.01599
-6,-5,3,100000,940,0.0094,1817,0.01817
-6,-5,4,100000,864,0.00864,1607,0.01607
-6,-5,5,100000,635,0.00635,1259,0.01259
-6,-4,0,100000,573,0.00573,1089,0.01089
-6,-4,1,100000,733,0.00733,1322,0.01322
-6,-4,2,100000,882,0.00882,1699,0.01699
-6,-4,3,100000,980,0.0098,1812,0.01812
-6,-4,4,100000,890,0.0089,1731,0.01731
-6,-4,5,100000,725,0.00725,1270,0.0127
-6,-3,0,100000,607,0.00607,1149,0.01149
-6,-3,1,100000,697,0.00697,1259,0.01259
-6,-3,2,100000,884,0.00884,1680,0.0168
-6,-3,3,100000,1038,0.01038,1837,0.01837
-6,-3,4,100000,861,0.00861,1647,0.01647
-6,-3,5,100000,717,0.00717,1338,0.01338
-6,-2,0,100000,584,0.00584,1114,0.01114
-6,-2,1,100000,665,0.00665,1295,0.01295
-6,-2,2,100000,818,0.00818,1642,0.01642
-6,-2,3,100000,951,0.00951,1798,0.01798
-6,-2,4,100000,868,0.00868,1591,0.01591
-6,-2,5,100000,724,0.00724,1328,0.01328
-6,-1,0,100000,638,0.00638,1183,0.01183
-6,-1,1,100000,695,0.00695,1273,0.01273
-6,-1,2,100000,843,0.00843,1570,0.0157
-6,-1,3,100000,951,0.00951,1781,0.01781
-6,-1,4,100000,846,0.00846,1687,0.01687
-6,-1,5,100000,721,0.00721,1277,0.01277
-6,0,0,100000,617,0.00617,1133,0.01133
-6,0,1,100000,698,0.00698,1271,0.01271
-6,0,2,100000,835,0.00835,1564,0.01564
-6,0,3,100000,976,0.00976,1876,0.01876
-6,0,4,100000,851,0.00851,1596,0.01596
-6,0,5,100000,667,0.00667,1286,0.01286
-6,1,0,100000,583,0.00583,1168,0.01168
-6,1,1,100000,746,0.00746,1364,0.01364
-6,1,2,100000,905,0.00905,1638,0.01638
-6,1,3,100000,1003,0.01003,1897,0.01897
-6,1,4,100000,878,0.00878,1641,0.01641
-6,1,5,100000,725,0.00725,1361,0.01361
-6,2,0,100000,589,0.00589,1123,0.01123
-6,2,1,100000,664,0.00664,1305,0.01305
-6,2,2,100000,916,0.00916,1677,0.01677
-6,2,3,100000,910,0.0091,1794,0.01794
-6,2,4,100000,879,0.00879,1741,0.01741
-6,2,5,100000,698,0.00698,1292,0.01292
-6,3,0,100000,607,0.00607,1109,0.01109
-6,3,1,100000,736,0.00736,1328,0.01328
-6,3,2,100000,889,0.00889,1630,0.0163
-6,3,3,100000,1005,0.01005,1857,0.01857
-6,3,4,100000,834,0.00834,1641,0.01641
-6,3,5,100000,732,0.00732,1309,0.01309
-6,4,0,100000,615,0.00615,1156,0.01156
-6,4,1,100000,757,0.00757,1341,0.01341
-6,4,2,100000,917,0.00917,1662,0.01662
-6,4,3,100000,967,0.00967,1821,0.01821
-6,4,4,100000,936,0.00936,1682,0.01682
-6,4,5,100000,707,0.00707,1312,0.01312
-6,5,0,100000,606,0.00606,1129,0.01129
-6,5,1,100000,698,0.00698,1376,0.01376
-6,5,2,100000,882,0.00882,1664,0.01664
-6,5,3,100000,934,0.00934,1747,0.01747
-6,5,4,100000,889,0.00889,1699,0.01699
-6,5,5,100000,760,0.0076,1377,0.01377
-6,6,0,100000,673,0.00673,1175,0.01175
-6,6,1,100000,658,0.00658,1275,0.01275
-6,6,2,100000,859,0.00859,1611,0.01611
-6,6,3,100000,971,0.00971,1860,0.0186
-6,6,4,100000,820,0.0082,1669,0.01669
-6,6,5,100000,774,0.00774,1329,0.01329
-6,7,0,100000,589,0.00589,1144,0.01144
-6,7,1,100000,657,0.00657,1301,0.01301
-6,7,2,100000,920,0.0092,1674,0.01674
-6,7,3,100000,942,0.00942,1763,0.01763
-6,7,4,100000,860,0.0086,1685,0.01685
-6,7,5,100000,710,0.0071,1325,0.01325
-6,8,0,100000,593,0.00593,1134,0.01134
-6,8,1,100000,706,0.00706,1342,0.01342
-6,8,2,100000,904,0.00904,1678,0.01678
-6,8,3,100000,934,0.00934,1807,0.01807
-6,8,4,100000,965,0.00965,1700,0.017
-6,8,5,100000,694,0.00694,1276,0.01276
-6,9,0,100000,605,0.00605,1149,0.01149
-6,9,1,100000,677,0.00677,1250,0.0125
-6,9,2,100000,913,0.00913,1664,0.01664
-6,9,3,100000,987,0.00987,1823,0.01823
-6,9,4,100000,897,0.00897,1736,0.01736
-6,9,5,100000,744,0.00744,1343,0.01343
-6,10,0,100000,622,0.00622,1140,0.0114
-6,10,1,100000,688,0.00688,1263,0.01263
-6,10,2,100000,844,0.00844,1618,0.01618
-6,10,3,100000,876,0.00876,1758,0.01758
-6,10,4,100000,928,0.00928,1671,0.01671
-6,10,5,100000,684,0.00684,1275,0.01275
-6,11,0,100000,617,0.00617,1135,0.01135
-6,11,1,100000,738,0.00738,1385,0.01385
-6,11,2,100000,926,0.00926,1695,0.01695
-6,11,3,100000,1018,0.01018,1834,0.01834
-6,11,4,100000,890,0.0089,1626,0.01626
-6,11,5,100000,669,0.00669,1272,0.01272
-6,12,0,100000,644,0.00644,1169,0.01169
-6,12,1,100000,730,0.0073,1362,0.01362
-6,12,2,100000,869,0.00869,1642,0.01642
-6,12,3,100000,1011,0.01011,1782,0.01782
-6,12,4,100000,867,0.00867,1701,0.01701
-6,12,5,100000,700,0.007,1347,0.01347
-6,13,0,100000,670,0.0067,1157,0.01157
-6,13,1,100000,680,0.0068,1324,0.01324
-6,13,2,100000,847,0.00847,1605,0.01605
-6,13,3,100000,984,0.00984,1841,0.01841
-6,13,4,100000,876,0.00876,1684,0.01684
-6,13,5,100000,737,0.00737,1389,0.01389
-6,14,0,100000,606,0.00606,1153,0.01153
-6,14,1,100000,698,0.00698,1295,0.01295
-6,14,2,100000,843,0.00843,1627,0.01627
-6,14,3,100000,931,0.00931,1744,0.01744
-6,14,4,100000,933,0.00933,1672,0.01672
-6,14,5,100000,697,0.00697,1298,0.01298
-6,15,0,100000,592,0.00592,1142,0.01142
-6,15,1,100000,753,0.00753,1341,0.01341
-6,15,2,100000,860,0.0086,1615,0.01615
-6,15,3,100000,952,0.00952,1753,0.01753
-6,15,4,100000,910,0.0091,1687,0.01687
-6,15,5,100000,702,0.00702,1340,0.0134
-6,16,0,100000,652,0.00652,1152,0.01152
-6,16,1,100000,749,0.00749,1363,0.01363
-6,16,2,100000,811,0.00811,1605,0.01605
-6,16,3,100000,1025,0.01025,1867,0.01867
-6,16,4,100000,867,0.00867,1681,0.01681
-6,16,5,100000,663,0.00663,1272,0.01272
-6,17,0,100000,673,0.00673,1169,0.01169
-6,17,1,100000,663,0.00663,1279,0.01279
-6,17,2,100000,913,0.00913,1691,0.01691
-6,17,3,100000,1032,0.01032,1922,0.01922
-6,17,4,100000,932,0.00932,1706,0.01706
-6,17,5,100000,706,0.00706,1334,0.01334
-6,18,0,100000,667,0.00667,1184,0.01184
-6,18,1,100000,689,0.00689,1264,0.01264
-6,18,2,100000,823,0.00823,1605,0.01605
-6,18,3,100000,936,0.00936,1794,0.01794
-6,18,4,100000,933,0.00933,1666,0.01666
-6,18,5,100000,702,0.00702,1325,0.01325
-6,19,0,100000,636,0.00636,1129,0.01129
-6,19,1,100000,715,0.00715,1301,0.01301
-6,19,2,100000,843,0.00843,1591,0.01591
-6,19,3,100000,1003,0.01003,1923,0.01923
-6,19,4,100000,887,0.00887,1647,0.01647
-6,19,5,100000,676,0.00676,1273,0.01273
-6,20,0,100000,656,0.00656,1156,0.01156
-6,20,1,100000,700,0.007,1262,0.01262
-6,20,2,100000,865,0.00865,1662,0.01662
-6,20,3,100000,939,0.00939,1782,0.01782
-6,20,4,100000,936,0.00936,1631,0.01631
-6,20,5,100000,719,0.00719,1329,0.01329
-6,21,0,100000,562,0.00562,1129,0.01129
-6,21,1,100000,695,0.00695,1272,0.01272
-6,21,2,100000,860,0.0086,1695,0.01695
-6,21,3,100000,982,0.00982,1837,0.01837
-6,21,4,100000,846,0.00846,1634,0.01634
-6,21,5,100000,701,0.00701,1298,0.01298
-6,22,0,100000,621,0.00621,1194,0.01194
-6,22,1,100000,681,0.00681,1293,0.01293
-6,22,2,100000,916,0.00916,1711,0.01711
-6,22,3,100000,889,0.00889,1732,0.01732
-6,22,4,100000,878,0.00878,1656,0.01656
-6,22,5,100000,703,0.00703,1318,0.01318
-6,23,0,100000,613,0.00613,1098,0.01098
-6,23,1,100000,682,0.00682,1254,0.01254
-6,23,2,100000,897,0.00897,1644,0.01644
-6,23,3,100000,965,0.00965,1760,0.0176
-6,23,4,100000,846,0.00846,1623,0.01623
-6,23,5,100000,688,0.00688,1238,0.01238
-6,24,0,100000,641,0.00641,1170,0.0117
-6,24,1,100000,748,0.00748,1303,0.01303
-6,24,2,100000,829,0.00829,1579,0.01579
-6,24,3,100000,924,0.00924,1785,0.01785
-6,24,4,100000,844,0.00844,1593,0.01593
-6,24,5,100000,736,0.00736,1352,0.01352
-6,25,0,100000,670,0.0067,1154,0.01154
-6,25,1,100000,794,0.00794,1370,0.0137
-6,25,2,100000,873,0.00873,1677,0.01677
-6,25,3,100000,957,0.00957,1828,0.01828
-6,25,4,100000,893,0.00893,1647,0.01647
-6,25,5,100000,748,0.00748,1316,0.01316
-6,26,0,100000,674,0.00674,1133,0.01133
-6,26,1,100000,719,0.00719,1274,0.01274
-6,26,2,100000,952,0.00952,1690,0.0169
-6,26,3,100000,913,0.00913,1809,0.01809
-6,26,4,100000,867,0.00867,1674,0.01674
-6,26,5,100000,745,0.00745,1319,0.01319
-6,27,0,100000,649,0.00649,1170,0.0117
-6,27,1,100000,692,0.00692,1296,0.01296
-6,27,2,100000,781,0.00781,1550,0.0155
-6,27,3,100000,911,0.00911,1838,0.01838
-6,27,4,100000,837,0.00837,1636,0.01636
-6,27,5,100000,702,0.00702,1290,0.0129
-6,28,0,100000,603,0.00603,1133,0.01133
-6,28,1,100000,726,0.00726,1331,0.01331
-6,28,2,100000,855,0.00855,1568,0.01568
-6,28,3,100000,1034,0.01034,1879,0.01879
-6,28,4,100000,833,0.00833,1547,0.01547
-6,28,5,100000,693,0.00693,1291,0.01291
-6,29,0,100000,579,0.00579,1096,0.01096
-6,29,1,100000,668,0.00668,1330,0.0133
-6,29,2,100000,865,0.00865,1632,0.01632
-6,29,3,100000,964,0.00964,1814,0.01814
-6,29,4,100000,862,0.00862,1645,0.01645
-6,29,5,100000,668,0.00668,1262,0.01262
-6,30,0,100000,653,0.00653,1196,0.01196
-6,30,1,100000,689,0.00689,1287,0.01287
-6,30,2,100000,822,0.00822,1585,0.01585
-6,30,3,100000,986,0.00986,1821,0.01821
-6,30,4,100000,876,0.00876,1673,0.01673
-6,30,5,100000,684,0.00684,1281,0.01281
-6,31,0,100000,658,0.00658,1125,0.01125
-6,31,1,100000,687,0.00687,1337,0.01337
-6,31,2,100000,844,0.00844,1612,0.01612
-6,31,3,100000,981,0.00981,1849,0.01849
-6,31,4,100000,877,0.00877,1641,0.01641
-6,31,5,100000,647,0.00647,1280,0.0128
-6,32,0,100000,618,0.00618,1180,0.0118
-6,32,1,100000,719,0.00719,1305,0.01305
-6,32,2,100000,846,0.00846,1608,0.01608
-6,32,3,100000,975,0.00975,1828,0.01828
-6,32,4,100000,875,0.00875,1615,0.01615
-6,32,5,100000,652,0.00652,1270,0.0127
-6,33,0,100000,609,0.00609,1142,0.01142
-6,33,1,100000,724,0.00724,1288,0.01288
-6,33,2,100000,872,0.00872,1657,0.01657
-6,33,3,100000,892,0.00892,1738,0.01738
-6,33,4,100000,788,0.00788,1676,0.01676
-6,33,5,100000,734,0.00734,1340,0.0134
-6,34,0,100000,629,0.00629,1128,0.01128
-6,34,1,100000,711,0.00711,1315,0.01315
-6,34,2,100000,951,0.00951,1649,0.01649
-6,34,3,100000,965,0.00965,1827,0.01827
-6,34,4,100000,828,0.00828,1651,0.01651
-6,34,5,100000,683,0.00683,1320,0.0132
-6,35,0,100000,641,0.00641,1152,0.01152
-6,35,1,100000,732,0.00732,1329,0.01329
-6,35,2,100000,869,0.00869,1595,0.01595
-6,35,3,100000,956,0.00956,1821,0.01821
-6,35,4,100000,873,0.00873,1668,0.01668
-6,35,5,100000,675,0.00675,1277,0.01277
-6,36,0,100000,604,0.00604,1087,0.01087
-6,36,1,100000,693,0.00693,1273,0.01273
-6,36,2,100000,804,0.00804,1614,0.01614
-6,36,3,100000,950,0.0095,1799,0.01799
-6,36,4,100000,867,0.00867,1667,0.01667
-6,36,5,100000,717,0.00717,1347,0.01347
-6,37,0,100000,624,0.00624,1144,0.01144
-6,37,1,100000,713,0.00713,1290,0.0129
-6,37,2,100000,893,0.00893,1627,0.01627
-6,37,3,100000,941,0.00941,1733,0.01733
-6,37,4,100000,841,0.00841,1653,0.01653
-6,37,5,100000,742,0.00742,1322,0.01322
-6,38,0,100000,681,0.00681,1181,0.01181
-6,38,1,100000,751,0.00751,1416,0.01416
-6,38,2,100000,862,0.00862,1650,0.0165
-6,38,3,100000,886,0.00886,1778,0.01778
-6,38,4,100000,875,0.00875,1622,0.01622
-6,38,5,100000,638,0.00638,1236,0.01236
-6,39,0,100000,565,0.00565,1015,0.01015
-6,39,1,100000,798,0.00798,1608,0.01608
-6,39,2,100000,934,0.00934,1765,0.01765
-6,39,3,100000,887,0.00887,1593,0.01593
-6,39,4,100000,832,0.00832,1543,0.01543
-6,39,5,100000,701,0.00701,1209,0.01209
-6,40,0,100000,395,0.00395,664,0.00664
-6,40,1,100000,536,0.00536,985,0.00985
-6,40,2,100000,592,0.00592,967,0.00967
-6,40,3,100000,509,0.00509,906,0.00906
-6,40,4,100000,538,0.00538,912,0.00912
-6,40,5,100000,410,0.0041,747,0.00747
-6,41,0,100000,143,0.00143,221,0.00221
-6,41,1,100000,195,0.00195,357,0.00357
-6,41,2,100000,197,0.00197,310,0.0031
-6,41,3,100000,142,0.00142,255,0.00255
-6,41,4,100000,114,0.00114,194,0.00194
-6,41,5,100000,81,0.00081,162,0.00162
-6,42,0,100000,46,0.00046,93,0.00093
-6,42,1,100000,53,0.00053,91,0.00091
-6,42,2,100000,34,0.00034,83,0.00083
-6,42,3,100000,51,0.00051,87,0.00087
-6,42,4,100000,28,0.00028,73,0.00073
-6,42,5,100000,36,0.00036,76,0.00076
-6,43,0,100000,36,0.00036,76,0.00076
-6,43,1,100000,23,0.00023,77,0.00077
-6,43,2,100000,35,0.00035,90,0.0009
-6,43,3,100000,29,0.00029,89,0.00089
-6,43,4,100000,30,0.0003,88,0.00088
-6,43,5,100000,31,0.00031,89,0.00089
-6,44,0,100000,51,0.00051,67,0.00067
-6,44,1,100000,30,0.0003,81,0.00081
-6,44,2,100000,35,0.00035,75,0.00075
-6,44,3,100000,45,0.00045,84,0.00084
-6,44,4,100000,30,0.0003,81,0.00081
-6,44,5,100000,32,0.00032,77,0.00077
-6,45,0,100000,31,0.00031,70,0.0007
-6,45,1,100000,29,0.00029,84,0.00084
-6,45,2,100000,46,0.00046,94,0.00094
-6,45,3,100000,23,0.00023,86,0.00086
-6,45,4,100000,27,0.00027,77,0.00077
-6,45,5,100000,28,0.00028,68,0.00068
-6,46,0,100000,27,0.00027,80,0.0008
-6,46,1,100000,32,0.00032,72,0.00072
-6,46,2,100000,38,0.00038,83,0.00083
-6,46,3,100000,39,0.00039,93,0.00093
-6,46,4,100000,24,0.00024,76,0.00076
-6,46,5,100000,36,0.00036,85,0.00085
-6,47,0,100000,45,0.00045,90,0.0009
-6,47,1,100000,43,0.00043,68,0.00068
-6,47,2,100000,35,0.00035,90,0.0009
-6,47,3,100000,25,0.00025,76,0.00076
-6,47,4,100000,39,0.00039,76,0.00076
-6,47,5,100000,51,0.00051,85,0.00085
-6,48,0,100000,20,0.0002,57,0.00057
-6,48,1,100000,45,0.00045,96,0.00096
-6,48,2,100000,45,0.00045,86,0.00086
-6,48,3,100000,30,0.0003,75,0.00075
-6,48,4,100000,28,0.00028,74,0.00074
-6,48,5,100000,17,0.00017,65,0.00065
-6,49,0,100000,33,0.00033,75,0.00075
-6,49,1,100000,62,0.00062,82,0.00082
-6,49,2,100000,32,0.00032,75,0.00075
-6,49,3,100000,41,0.00041,81,0.00081
-6,49,4,100000,28,0.00028,91,0.00091
-6,49,5,100000,21,0.00021,75,0.00075
-6,50,0,100000,28,0.00028,83,0.00083
-6,50,1,100000,27,0.00027,59,0.00059
-6,50,2,100000,29,0.00029,72,0.00072
-6,50,3,100000,36,0.00036,88,0.00088
-6,50,4,100000,35,0.00035,76,0.00076
-6,50,5,100000,28,0.00028,64,0.00064
-5,-50,0,100000,38,0.00038,76,0.00076
-5,-50,1,100000,42,0.00042,93,0.00093
-5,-50,2,100000,40,0.0004,69,0.00069
-5,-50,3,100000,43,0.00043,89,0.00089
-5,-50,4,100000,59,0.00059,98,0.00098
-5,-50,5,100000,26,0.00026,67,0.00067
-5,-49,0,100000,18,0.00018,81,0.00081
-5,-49,1,100000,34,0.00034,63,0.00063
-5,-49,2,100000,45,0.00045,75,0.00075
-5,-49,3,100000,22,0.00022,62,0.00062
-5,-49,4,100000,32,0.00032,77,0.00077
-5,-49,5,100000,34,0.00034,68,0.00068
-5,-48,0,100000,20,0.0002,55,0.00055
-5,-48,1,100000,23,0.00023,69,0.00069
-5,-48,2,100000,36,0.00036,74,0.00074
-5,-48,3,100000,25,0.00025,74,0.00074
-5,-48,4,100000,25,0.00025,73,0.00073
-5,-48,5,100000,32,0.00032,79,0.00079
-5,-47,0,100000,33,0.00033,81,0.00081
-5,-47,1,100000,29,0.00029,71,0.00071
-5,-47,2,100000,26,0.00026,75,0.00075
-5,-47,3,100000,39,0.00039,76,0.00076
-5,-47,4,100000,40,0.0004,83,0.00083
-5,-47,5,100000,22,0.00022,82,0.00082
-5,-46,0,100000,24,0.00024,70,0.0007
-5,-46,1,100000,28,0.00028,69,0.00069
-5,-46,2,100000,42,0.00042,77,0.00077
-5,-46,3,100000,44,0.00044,106,0.00106
-5,-46,4,100000,30,0.0003,79,0.00079
-5,-46,5,100000,28,0.00028,97,0.00097
-5,-45,0,100000,39,0.00039,89,0.00089
-5,-45,1,100000,32,0.00032,71,0.00071
-5,-45,2,100000,25,0.00025,93,0.00093
-5,-45,3,100000,35,0.00035,82,0.00082
-5,-45,4,100000,37,0.00037,74,0.00074
-5,-45,5,100000,48,0.00048,86,0.00086
-5,-44,0,100000,40,0.0004,73,0.00073
-5,-44,1,100000,30,0.0003,83,0.00083
-5,-44,2,100000,40,0.0004,78,0.00078
-5,-44,3,100000,58,0.00058,81,0.00081
-5,-44,4,100000,31,0.00031,97,0.00097
-5,-44,5,100000,39,0.00039,83,0.00083
-5,-43,0,100000,35,0.00035,76,0.00076
-5,-43,1,100000,35,0.00035,80,0.0008
-5,-43,2,100000,29,0.00029,69,0.00069
-5,-43,3,100000,30,0.0003,82,0.00082
-5,-43,4,100000,23,0.00023,77,0.00077
-5,-43,5,100000,23,0.00023,80,0.0008
-5,-42,0,100000,52,0.00052,89,0.00089
-5,-42,1,100000,25,0.00025,74,0.00074
-5,-42,2,100000,28,0.00028,71,0.00071
-5,-42,3,100000,25,0.00025,71,0.00071
-5,-42,4,100000,47,0.00047,82,0.00082
-5,-42,5,100000,69,0.00069,91,0.00091
-5,-41,0,100000,110,0.0011,209,0.00209
-5,-41,1,100000,73,0.00073,144,0.00144
-5,-41,2,100000,85,0.00085,184,0.00184
-5,-41,3,100000,128,0.00128,215,0.00215
-5,-41,4,100000,175,0.00175,322,0.00322
-5,-41,5,100000,142,0.00142,290,0.0029
-5,-40,0,100000,352,0.00352,643,0.00643
-5,-40,1,100000,420,0.0042,763,0.00763
-5,-40,2,100000,539,0.00539,965,0.00965
-5,-40,3,100000,519,0.00519,889,0.00889
-5,-40,4,100000,584,0.00584,1023,0.01023
-5,-40,5,100000,555,0.00555,1029,0.01029
-5,-39,0,100000,629,0.00629,1140,0.0114
-5,-39,1,100000,728,0.00728,1254,0.01254
-5,-39,2,100000,834,0.00834,1554,0.01554
-5,-39,3,100000,858,0.00858,1668,0.01668
-5,-39,4,100000,1035,0.01035,1901,0.01901
-5,-39,5,100000,954,0.00954,1733,0.01733
-5,-38,0,100000,594,0.00594,1166,0.01166
-5,-38,1,100000,753,0.00753,1299,0.01299
-5,-38,2,100000,856,0.00856,1608,0.01608
-5,-38,3,100000,981,0.00981,1793,0.01793
-5,-38,4,100000,957,0.00957,1792,0.01792
-5,-38,5,100000,788,0.00788,1438,0.01438
-5,-37,0,100000,726,0.00726,1262,0.01262
-5,-37,1,100000,739,0.00739,1308,0.01308
-5,-37,2,100000,875,0.00875,1624,0.01624
-5,-37,3,100000,946,0.00946,1770,0.0177
-5,-37,4,100000,846,0.00846,1667,0.01667
-5,-37,5,100000,700,0.007,1347,0.01347
-5,-36,0,100000,659,0.00659,1225,0.01225
-5,-36,1,100000,639,0.00639,1271,0.01271
-5,-36,2,100000,837,0.00837,1636,0.01636
-5,-36,3,100000,925,0.00925,1809,0.01809
-5,-36,4,100000,887,0.00887,1652,0.01652
-5,-36,5,100000,730,0.0073,1358,0.01358
-5,-35,0,100000,626,0.00626,1196,0.01196
-5,-35,1,100000,757,0.00757,1427,0.01427
-5,-35,2,100000,917,0.00917,1689,0.01689
-5,-35,3,100000,943,0.00943,1839,0.01839
-5,-35,4,100000,897,0.00897,1636,0.01636
-5,-35,5,100000,701,0.00701,1335,0.01335
-5,-34,0,100000,650,0.0065,1199,0.01199
-5,-34,1,100000,763,0.00763,1452,0.01452
-5,-34,2,100000,874,0.00874,1672,0.01672
-5,-34,3,100000,984,0.00984,1881,0.01881
-5,-34,4,100000,870,0.0087,1659,0.01659
-5,-34,5,100000,745,0.00745,1345,0.01345
-5,-33,0,100000,611,0.00611,1181,0.01181
-5,-33,1,100000,670,0.0067,1299,0.01299
-5,-33,2,100000,805,0.00805,1608,0.01608
-5,-33,3,100000,932,0.00932,1792,0.01792
-5,-33,4,100000,894,0.00894,1624,0.01624
-5,-33,5,100000,765,0.00765,1424,0.01424
-5,-32,0,100000,589,0.00589,1139,0.01139
-5,-32,1,100000,700,0.007,1398,0.01398
-5,-32,2,100000,927,0.00927,1667,0.01667
-5,-32,3,100000,888,0.00888,1750,0.0175
-5,-32,4,100000,891,0.00891,1605,0.01605
-5,-32,5,100000,679,0.00679,1293,0.01293
-5,-31,0,100000,670,0.0067,1208,0.01208
-5,-31,1,100000,685,0.00685,1336,0.01336
-5,-31,2,100000,823,0.00823,1672,0.01672
-5,-31,3,100000,908,0.00908,1817,0.01817
-5,-31,4,100000,945,0.00945,1713,0.01713
-5,-31,5,100000,689,0.00689,1356,0.01356
-5,-30,0,100000,665,0.00665,1178,0.01178
-5,-30,1,100000,656,0.00656,1320,0.0132
-5,-30,2,100000,809,0.00809,1649,0.01649
-5,-30,3,100000,971,0.00971,1842,0.01842
-5,-30,4,100000,876,0.00876,1652,0.01652
-5,-30,5,100000,721,0.00721,1384,0.01384
-5,-29,0,100000,679,0.00679,1213,0.01213
-5,-29,1,100000,639,0.00639,1261,0.01261
-5,-29,2,100000,918,0.00918,1655,0.01655
-5,-29,3,100000,993,0.00993,1834,0.01834
-5,-29,4,100000,836,0.00836,1573,0.01573
-5,-29,5,100000,709,0.00709,1363,0.01363
-5,-28,0,100000,642,0.00642,1191,0.01191
-5,-28,1,100000,707,0.00707,1360,0.0136
-5,-28,2,100000,936,0.00936,1697,0.01697
-5,-28,3,100000,941,0.00941,1798,0.01798
-5,-28,4,100000,877,0.00877,1697,0.01697
-5,-28,5,100000,760,0.0076,1441,0.01441
-5,-27,0,100000,659,0.00659,1231,0.01231
-5,-27,1,100000,729,0.00729,1396,0.01396
-5,-27,2,100000,924,0.00924,1723,0.01723
-5,-27,3,100000,923,0.00923,1807,0.01807
-5,-27,4,100000,899,0.00899,1620,0.0162
-5,-27,5,100000,716,0.00716,1335,0.01335
-5,-26,0,100000,632,0.00632,1189,0.01189
-5,-26,1,100000,704,0.00704,1370,0.0137
-5,-26,2,100000,804,0.00804,1654,0.01654
-5,-26,3,100000,1065,0.01065,1950,0.0195
-5,-26,4,100000,873,0.00873,1650,0.0165
-5,-26,5,100000,763,0.00763,1348,0.01348
-5,-25,0,100000,597,0.00597,1165,0.01165
-5,-25,1,100000,696,0.00696,1348,0.01348
-5,-25,2,100000,878,0.00878,1597,0.01597
-5,-25,3,100000,934,0.00934,1776,0.01776
-5,-25,4,100000,873,0.00873,1708,0.01708
-5,-25,5,100000,705,0.00705,1340,0.0134
-5,-24,0,100000,651,0.00651,1196,0.01196
-5,-24,1,100000,727,0.00727,1299,0.01299
-5,-24,2,100000,850,0.0085,1662,0.01662
-5,-24,3,100000,1003,0.01003,1854,0.01854
-5,-24,4,100000,904,0.00904,1652,0.01652
-5,-24,5,100000,820,0.0082,1420,0.0142
-5,-23,0,100000,639,0.00639,1187,0.01187
-5,-23,1,100000,698,0.00698,1381,0.01381
-5,-23,2,100000,847,0.00847,1677,0.01677
-5,-23,3,100000,1017,0.01017,1865,0.01865
-5,-23,4,100000,902,0.00902,1677,0.01677
-5,-23,5,100000,783,0.00783,1354,0.01354
-5,-22,0,100000,658,0.00658,1244,0.01244
-5,-22,1,100000,744,0.00744,1400,0.014
-5,-22,2,100000,892,0.00892,1608,0.01608
-5,-22,3,100000,1052,0.01052,1887,0.01887
-5,-22,4,100000,886,0.00886,1650,0.0165
-5,-22,5,100000,713,0.00713,1370,0.0137
-5,-21,0,100000,671,0.00671,1288,0.01288
-5,-21,1,100000,717,0.00717,1323,0.01323
-5,-21,2,100000,822,0.00822,1651,0.01651
-5,-21,3,100000,985,0.00985,1866,0.01866
-5,-21,4,100000,889,0.00889,1643,0.01643
-5,-21,5,100000,702,0.00702,1318,0.01318
-5,-20,0,100000,644,0.00644,1182,0.01182
-5,-20,1,100000,735,0.00735,1361,0.01361
-5,-20,2,100000,903,0.00903,1653,0.01653
-5,-20,3,100000,958,0.00958,1815,0.01815
-5,-20,4,100000,778,0.00778,1592,0.01592
-5,-20,5,100000,730,0.0073,1394,0.01394
-5,-19,0,100000,655,0.00655,1237,0.01237
-5,-19,1,100000,731,0.00731,1313,0.01313
-5,-19,2,100000,1029,0.01029,1801,0.01801
-5,-19,3,100000,927,0.00927,1860,0.0186
-5,-19,4,100000,923,0.00923,1701,0.01701
-5,-19,5,100000,746,0.00746,1335,0.01335
-5,-18,0,100000,683,0.00683,1230,0.0123
-5,-18,1,100000,724,0.00724,1308,0.01308
-5,-18,2,100000,913,0.00913,1710,0.0171
-5,-18,3,100000,907,0.00907,1778,0.01778
-5,-18,4,100000,905,0.00905,1729,0.01729
-5,-18,5,100000,678,0.00678,1288,0.01288
-5,-17,0,100000,683,0.00683,1304,0.01304
-5,-17,1,100000,777,0.00777,1383,0.01383
-5,-17,2,100000,918,0.00918,1722,0.01722
-5,-17,3,100000,956,0.00956,1828,0.01828
-5,-17,4,100000,870,0.0087,1634,0.01634
-5,-17,5,100000,818,0.00818,1361,0.01361
-5,-16,0,100000,617,0.00617,1165,0.01165
-5,-16,1,100000,729,0.00729,1330,0.0133
-5,-16,2,100000,917,0.00917,1749,0.01749
-5,-16,3,100000,1041,0.01041,1832,0.01832
-5,-16,4,100000,919,0.00919,1699,0.01699
-5,-16,5,100000,713,0.00713,1362,0.01362
-5,-15,0,100000,675,0.00675,1255,0.01255
-5,-15,1,100000,712,0.00712,1410,0.0141
-5,-15,2,100000,907,0.00907,1706,0.01706
-5,-15,3,100000,925,0.00925,1824,0.01824
-5,-15,4,100000,906,0.00906,1721,0.01721
-5,-15,5,100000,688,0.00688,1366,0.01366
-5,-14,0,100000,615,0.00615,1184,0.01184
-5,-14,1,100000,740,0.0074,1334,0.01334
-5,-14,2,100000,939,0.00939,1701,0.01701
-5,-14,3,100000,967,0.00967,1904,0.01904
-5,-14,4,100000,887,0.00887,1679,0.01679
-5,-14,5,100000,740,0.0074,1360,0.0136
-5,-13,0,100000,629,0.00629,1210,0.0121
-5,-13,1,100000,751,0.00751,1308,0.01308
-5,-13,2,100000,867,0.00867,1669,0.01669
-5,-13,3,100000,962,0.00962,1848,0.01848
-5,-13,4,100000,940,0.0094,1781,0.01781
-5,-13,5,100000,837,0.00837,1498,0.01498
-5,-12,0,100000,672,0.00672,1190,0.0119
-5,-12,1,100000,732,0.00732,1375,0.01375
-5,-12,2,100000,880,0.0088,1665,0.01665
-5,-12,3,100000,884,0.00884,1769,0.01769
-5,-12,4,100000,940,0.0094,1723,0.01723
-5,-12,5,100000,729,0.00729,1343,0.01343
-5,-11,0,100000,690,0.0069,1288,0.01288
-5,-11,1,100000,752,0.00752,1375,0.01375
-5,-11,2,100000,861,0.00861,1620,0.0162
-5,-11,3,100000,1001,0.01001,1827,0.01827
-5,-11,4,100000,925,0.00925,1686,0.01686
-5,-11,5,100000,725,0.00725,1394,0.01394
-5,-10,0,100000,673,0.00673,1238,0.01238
-5,-10,1,100000,708,0.00708,1352,0.01352
-5,-10,2,100000,958,0.00958,1726,0.01726
-5,-10,3,100000,977,0.00977,1824,0.01824
-5,-10,4,100000,832,0.00832,1679,0.01679
-5,-10,5,100000,712,0.00712,1389,0.01389
-5,-9,0,100000,625,0.00625,1222,0.01222
-5,-9,1,100000,684,0.00684,1372,0.01372
-5,-9,2,100000,858,0.00858,1550,0.0155
-5,-9,3,100000,975,0.00975,1818,0.01818
-5,-9,4,100000,934,0.00934,1683,0.01683
-5,-9,5,100000,727,0.00727,1364,0.01364
-5,-8,0,100000,650,0.0065,1180,0.0118
-5,-8,1,100000,743,0.00743,1334,0.01334
-5,-8,2,100000,873,0.00873,1652,0.01652
-5,-8,3,100000,983,0.00983,1819,0.01819
-5,-8,4,100000,921,0.00921,1678,0.01678
-5,-8,5,100000,701,0.00701,1361,0.01361
-5,-7,0,100000,614,0.00614,1180,0.0118
-5,-7,1,100000,687,0.00687,1307,0.01307
-5,-7,2,100000,928,0.00928,1682,0.01682
-5,-7,3,100000,899,0.00899,1746,0.01746
-5,-7,4,100000,875,0.00875,1659,0.01659
-5,-7,5,100000,721,0.00721,1320,0.0132
-5,-6,0,100000,644,0.00644,1246,0.01246
-5,-6,1,100000,737,0.00737,1354,0.01354
-5,-6,2,100000,923,0.00923,1722,0.01722
-5,-6,3,100000,1019,0.01019,1878,0.01878
-5,-6,4,100000,802,0.00802,1646,0.01646
-5,-6,5,100000,747,0.00747,1356,0.01356
-5,-5,0,100000,668,0.00668,1199,0.01199
-5,-5,1,100000,779,0.00779,1370,0.0137
-5,-5,2,100000,781,0.00781,1587,0.01587
-5,-5,3,100000,958,0.00958,1875,0.01875
-5,-5,4,100000,868,0.00868,1715,0.01715
-5,-5,5,100000,819,0.00819,1411,0.01411
-5,-4,0,100000,666,0.00666,1211,0.01211
-5,-4,1,100000,779,0.00779,1412,0.01412
-5,-4,2,100000,877,0.00877,1670,0.0167
-5,-4,3,100000,990,0.0099,1831,0.01831
-5,-4,4,100000,781,0.00781,1612,0.01612
-5,-4,5,100000,786,0.00786,1392,0.01392
-5,-3,0,100000,608,0.00608,1204,0.01204
-5,-3,1,100000,796,0.00796,1444,0.01444
-5,-3,2,100000,826,0.00826,1679,0.01679
-5,-3,3,100000,1056,0.01056,1908,0.01908
-5,-3,4,100000,851,0.00851,1674,0.01674
-5,-3,5,100000,669,0.00669,1341,0.01341
-5,-2,0,100000,611,0.00611,1211,0.01211
-5,-2,1,100000,722,0.00722,1340,0.0134
-5,-2,2,100000,930,0.0093,1696,0.01696
-5,-2,3,100000,957,0.00957,1799,0.01799
-5,-2,4,100000,908,0.00908,1641,0.01641
-5,-2,5,100000,729,0.00729,1345,0.01345
-5,-1,0,100000,649,0.00649,1206,0.01206
-5,-1,1,100000,727,0.00727,1380,0.0138
-5,-1,2,100000,954,0.00954,1703,0.01703
-5,-1,3,100000,874,0.00874,1778,0.01778
-5,-1,4,100000,910,0.0091,1703,0.01703
-5,-1,5,100000,671,0.00671,1357,0.01357
-5,0,0,100000,639,0.00639,1209,0.01209
-5,0,1,100000,780,0.0078,1366,0.01366
-5,0,2,100000,881,0.00881,1687,0.01687
-5,0,3,100000,913,0.00913,1813,0.01813
-5,0,4,100000,912,0.00912,1695,0.01695
-5,0,5,100000,691,0.00691,1361,0.01361
-5,1,0,100000,638,0.00638,1169,0.01169
-5,1,1,100000,749,0.00749,1368,0.01368
-5,1,2,100000,877,0.00877,1655,0.01655
-5,1,3,100000,1007,0.01007,1875,0.01875
-5,1,4,100000,898,0.00898,1721,0.01721
-5,1,5,100000,713,0.00713,1330,0.0133
-5,2,0,100000,634,0.00634,1160,0.0116
-5,2,1,100000,691,0.00691,1325,0.01325
-5,2,2,100000,875,0.00875,1661,0.01661
-5,2,3,100000,983,0.00983,1807,0.01807
-5,2,4,100000,858,0.00858,1613,0.01613
-5,2,5,100000,688,0.00688,1323,0.01323
-5,3,0,100000,627,0.00627,1258,0.01258
-5,3,1,100000,693,0.00693,1354,0.01354
-5,3,2,100000,906,0.00906,1731,0.01731
-5,3,3,100000,970,0.0097,1889,0.01889
-5,3,4,100000,896,0.00896,1687,0.01687
-5,3,5,100000,726,0.00726,1360,0.0136
-5,4,0,100000,630,0.0063,1281,0.01281
-5,4,1,100000,777,0.00777,1403,0.01403
-5,4,2,100000,863,0.00863,1642,0.01642
-5,4,3,100000,951,0.00951,1809,0.01809
-5,4,4,100000,864,0.00864,1642,0.01642
-5,4,5,100000,715,0.00715,1335,0.01335
-5,5,0,100000,699,0.00699,1231,0.01231
-5,5,1,100000,792,0.00792,1395,0.01395
-5,5,2,100000,860,0.0086,1655,0.01655
-5,5,3,100000,1006,0.01006,1882,0.01882
-5,5,4,100000,814,0.00814,1638,0.01638
-5,5,5,100000,689,0.00689,1300,0.013
-5,6,0,100000,626,0.00626,1237,0.01237
-5,6,1,100000,734,0.00734,1329,0.01329
-5,6,2,100000,839,0.00839,1650,0.0165
-5,6,3,100000,1020,0.0102,1867,0.01867
-5,6,4,100000,868,0.00868,1637,0.01637
-5,6,5,100000,714,0.00714,1376,0.01376
-5,7,0,100000,659,0.00659,1195,0.01195
-5,7,1,100000,735,0.00735,1385,0.01385
-5,7,2,100000,883,0.00883,1665,0.01665
-5,7,3,100000,926,0.00926,1751,0.01751
-5,7,4,100000,947,0.00947,1643,0.01643
-5,7,5,100000,745,0.00745,1431,0.01431
-5,8,0,100000,628,0.00628,1188,0.01188
-5,8,1,100000,775,0.00775,1375,0.01375
-5,8,2,100000,848,0.00848,1664,0.01664
-5,8,3,100000,1025,0.01025,1863,0.01863
-5,8,4,100000,893,0.00893,1646,0.01646
-5,8,5,100000,722,0.00722,1348,0.01348
-5,9,0,100000,657,0.00657,1237,0.01237
-5,9,1,100000,656,0.00656,1315,0.01315
-5,9,2,100000,851,0.00851,1697,0.01697
-5,9,3,100000,925,0.00925,1757,0.01757
-5,9,4,100000,829,0.00829,1639,0.01639
-5,9,5,100000,752,0.00752,1357,0.01357
-5,10,0,100000,638,0.00638,1165,0.01165
-5,10,1,100000,704,0.00704,1326,0.01326
-5,10,2,100000,872,0.00872,1661,0.01661
-5,10,3,100000,944,0.00944,1829,0.01829
-5,10,4,100000,859,0.00859,1643,0.01643
-5,10,5,100000,692,0.00692,1350,0.0135
-5,11,0,100000,698,0.00698,1219,0.01219
-5,11,1,100000,720,0.0072,1328,0.01328
-5,11,2,100000,900,0.009,1716,0.01716
-5,11,3,100000,959,0.00959,1891,0.01891
-5,11,4,100000,808,0.00808,1684,0.01684
-5,11,5,100000,741,0.00741,1305,0.01305
-5,12,0,100000,645,0.00645,1217,0.01217
-5,12,1,100000,735,0.00735,1434,0.01434
-5,12,2,100000,908,0.00908,1697,0.01697
-5,12,3,100000,884,0.00884,1792,0.01792
-5,12,4,100000,822,0.00822,1671,0.01671
-5,12,5,100000,724,0.00724,1350,0.0135
-5,13,0,100000,693,0.00693,1259,0.01259
-5,13,1,100000,717,0.00717,1384,0.01384
-5,13,2,100000,904,0.00904,1697,0.01697
-5,13,3,100000,1055,0.01055,1829,0.01829
-5,13,4,100000,840,0.0084,1677,0.01677
-5,13,5,100000,775,0.00775,1305,0.01305
-5,14,0,100000,667,0.00667,1252,0.01252
-5,14,1,100000,697,0.00697,1338,0.01338
-5,14,2,100000,874,0.00874,1713,0.01713
-5,14,3,100000,944,0.00944,1834,0.01834
-5,14,4,100000,869,0.00869,1617,0.01617
-5,14,5,100000,688,0.00688,1351,0.01351
-5,15,0,100000,659,0.00659,1198,0.01198
-5,15,1,100000,690,0.0069,1320,0.0132
-5,15,2,100000,868,0.00868,1694,0.01694
-5,15,3,100000,964,0.00964,1796,0.01796
-5,15,4,100000,950,0.0095,1702,0.01702
-5,15,5,100000,768,0.00768,1358,0.01358
-5,16,0,100000,621,0.00621,1149,0.01149
-5,16,1,100000,739,0.00739,1326,0.01326
-5,16,2,100000,948,0.00948,1707,0.01707
-5,16,3,100000,960,0.0096,1782,0.01782
-5,16,4,100000,861,0.00861,1717,0.01717
-5,16,5,100000,703,0.00703,1321,0.01321
-5,17,0,100000,640,0.0064,1220,0.0122
-5,17,1,100000,737,0.00737,1375,0.01375
-5,17,2,100000,854,0.00854,1649,0.01649
-5,17,3,100000,993,0.00993,1838,0.01838
-5,17,4,100000,894,0.00894,1747,0.01747
-5,17,5,100000,696,0.00696,1362,0.01362
-5,18,0,100000,677,0.00677,1262,0.01262
-5,18,1,100000,760,0.0076,1419,0.01419
-5,18,2,100000,972,0.00972,1701,0.01701
-5,18,3,100000,966,0.00966,1863,0.01863
-5,18,4,100000,952,0.00952,1764,0.01764
-5,18,5,100000,717,0.00717,1393,0.01393
-5,19,0,100000,691,0.00691,1265,0.01265
-5,19,1,100000,715,0.00715,1381,0.01381
-5,19,2,100000,898,0.00898,1687,0.01687
-5,19,3,100000,951,0.00951,1828,0.01828
-5,19,4,100000,878,0.00878,1721,0.01721
-5,19,5,100000,770,0.0077,1421,0.01421
-5,20,0,100000,644,0.00644,1260,0.0126
-5,20,1,100000,691,0.00691,1317,0.01317
-5,20,2,100000,852,0.00852,1609,0.01609
-5,20,3,100000,994,0.00994,1883,0.01883
-5,20,4,100000,859,0.00859,1666,0.01666
-5,20,5,100000,730,0.0073,1356,0.01356
-5,21,0,100000,642,0.00642,1211,0.01211
-5,21,1,100000,772,0.00772,1402,0.01402
-5,21,2,100000,848,0.00848,1636,0.01636
-5,21,3,100000,1022,0.01022,1846,0.01846
-5,21,4,100000,857,0.00857,1666,0.01666
-5,21,5,100000,660,0.0066,1278,0.01278
-5,22,0,100000,639,0.00639,1234,0.01234
-5,22,1,100000,698,0.00698,1293,0.01293
-5,22,2,100000,901,0.00901,1621,0.01621
-5,22,3,100000,1062,0.01062,1904,0.01904
-5,22,4,100000,953,0.00953,1715,0.01715
-5,22,5,100000,702,0.00702,1387,0.01387
-5,23,0,100000,662,0.00662,1212,0.01212
-5,23,1,100000,769,0.00769,1434,0.01434
-5,23,2,100000,907,0.00907,1636,0.01636
-5,23,3,100000,968,0.00968,1832,0.01832
-5,23,4,100000,924,0.00924,1760,0.0176
-5,23,5,100000,690,0.0069,1356,0.01356
-5,24,0,100000,657,0.00657,1238,0.01238
-5,24,1,100000,790,0.0079,1442,0.01442
-5,24,2,100000,898,0.00898,1716,0.01716
-5,24,3,100000,997,0.00997,1826,0.01826
-5,24,4,100000,854,0.00854,1678,0.01678
-5,24,5,100000,692,0.00692,1314,0.01314
-5,25,0,100000,663,0.00663,1226,0.01226
-5,25,1,100000,753,0.00753,1327,0.01327
-5,25,2,100000,972,0.00972,1713,0.01713
-5,25,3,100000,1018,0.01018,1884,0.01884
-5,25,4,100000,887,0.00887,1690,0.0169
-5,25,5,100000,678,0.00678,1288,0.01288
-5,26,0,100000,619,0.00619,1182,0.01182
-5,26,1,100000,654,0.00654,1291,0.01291
-5,26,2,100000,875,0.00875,1643,0.01643
-5,26,3,100000,1027,0.01027,1844,0.01844
-5,26,4,100000,880,0.0088,1661,0.01661
-5,26,5,100000,783,0.00783,1400,0.014
-5,27,0,100000,766,0.00766,1246,0.01246
-5,27,1,100000,674,0.00674,1334,0.01334
-5,27,2,100000,857,0.00857,1711,0.01711
-5,27,3,100000,957,0.00957,1797,0.01797
-5,27,4,100000,954,0.00954,1755,0.01755
-5,27,5,100000,733,0.00733,1421,0.01421
-5,28,0,100000,608,0.00608,1185,0.01185
-5,28,1,100000,806,0.00806,1433,0.01433
-5,28,2,100000,883,0.00883,1695,0.01695
-5,28,3,100000,930,0.0093,1831,0.01831
-5,28,4,100000,944,0.00944,1718,0.01718
-5,28,5,100000,749,0.00749,1349,0.01349
-5,29,0,100000,632,0.00632,1206,0.01206
-5,29,1,100000,744,0.00744,1391,0.01391
-5,29,2,100000,867,0.00867,1680,0.0168
-5,29,3,100000,935,0.00935,1844,0.01844
-5,29,4,100000,975,0.00975,1730,0.0173
-5,29,5,100000,693,0.00693,1348,0.01348
-5,30,0,100000,624,0.00624,1187,0.01187
-5,30,1,100000,762,0.00762,1383,0.01383
-5,30,2,100000,941,0.00941,1715,0.01715
-5,30,3,100000,945,0.00945,1855,0.01855
-5,30,4,100000,909,0.00909,1707,0.01707
-5,30,5,100000,726,0.00726,1372,0.01372
-5,31,0,100000,657,0.00657,1226,0.01226
-5,31,1,100000,733,0.00733,1371,0.01371
-5,31,2,100000,911,0.00911,1671,0.01671
-5,31,3,100000,970,0.0097,1879,0.01879
-5,31,4,100000,856,0.00856,1723,0.01723
-5,31,5,100000,743,0.00743,1363,0.01363
-5,32,0,100000,613,0.00613,1210,0.0121
-5,32,1,100000,773,0.00773,1388,0.01388
-5,32,2,100000,845,0.00845,1653,0.01653
-5,32,3,100000,992,0.00992,1850,0.0185
-5,32,4,100000,893,0.00893,1688,0.01688
-5,32,5,100000,706,0.00706,1339,0.01339
-5,33,0,100000,696,0.00696,1219,0.01219
-5,33,1,100000,728,0.00728,1370,0.0137
-5,33,2,100000,919,0.00919,1678,0.01678
-5,33,3,100000,942,0.00942,1811,0.01811
-5,33,4,100000,904,0.00904,1662,0.01662
-5,33,5,100000,668,0.00668,1336,0.01336
-5,34,0,100000,620,0.0062,1180,0.0118
-5,34,1,100000,734,0.00734,1356,0.01356
-5,34,2,100000,866,0.00866,1652,0.01652
-5,34,3,100000,944,0.00944,1847,0.01847
-5,34,4,100000,965,0.00965,1747,0.01747
-5,34,5,100000,718,0.00718,1378,0.01378
-5,35,0,100000,655,0.00655,1173,0.01173
-5,35,1,100000,680,0.0068,1338,0.01338
-5,35,2,100000,819,0.00819,1693,0.01693
-5,35,3,100000,858,0.00858,1746,0.01746
-5,35,4,100000,873,0.00873,1636,0.01636
-5,35,5,100000,711,0.00711,1339,0.01339
-5,36,0,100000,669,0.00669,1258,0.01258
-5,36,1,100000,689,0.00689,1370,0.0137
-5,36,2,100000,915,0.00915,1686,0.01686
-5,36,3,100000,936,0.00936,1842,0.01842
-5,36,4,100000,887,0.00887,1694,0.01694
-5,36,5,100000,699,0.00699,1353,0.01353
-5,37,0,100000,593,0.00593,1156,0.01156
-5,37,1,100000,739,0.00739,1364,0.01364
-5,37,2,100000,868,0.00868,1635,0.01635
-5,37,3,100000,979,0.00979,1821,0.01821
-5,37,4,100000,905,0.00905,1621,0.01621
-5,37,5,100000,747,0.00747,1314,0.01314
-5,38,0,100000,616,0.00616,1185,0.01185
-5,38,1,100000,741,0.00741,1443,0.01443
-5,38,2,100000,932,0.00932,1747,0.01747
-5,38,3,100000,951,0.00951,1823,0.01823
-5,38,4,100000,910,0.0091,1664,0.01664
-5,38,5,100000,724,0.00724,1365,0.01365
-5,39,0,100000,621,0.00621,1094,0.01094
-5,39,1,100000,871,0.00871,1685,0.01685
-5,39,2,100000,987,0.00987,1851,0.01851
-5,39,3,100000,883,0.00883,1692,0.01692
-5,39,4,100000,934,0.00934,1583,0.01583
-5,39,5,100000,723,0.00723,1284,0.01284
-5,40,0,100000,323,0.00323,641,0.00641
-5,40,1,100000,564,0.00564,1001,0.01001
-5,40,2,100000,555,0.00555,1075,0.01075
-5,40,3,100000,438,0.00438,844,0.00844
-5,40,4,100000,560,0.0056,953,0.00953
-5,40,5,100000,437,0.00437,749,0.00749
-5,41,0,100000,90,0.0009,198,0.00198
-5,41,1,100000,167,0.00167,317,0.00317
-5,41,2,100000,166,0.00166,332,0.00332
-5,41,3,100000,120,0.0012,214,0.00214
-5,41,4,100000,57,0.00057,134,0.00134
-5,41,5,100000,51,0.00051,121,0.00121
-5,42,0,100000,45,0.00045,82,0.00082
-5,42,1,100000,18,0.00018,74,0.00074
-5,42,2,100000,26,0.00026,81,0.00081
-5,42,3,100000,50,0.0005,86,0.00086
-5,42,4,100000,78,0.00078,111,0.00111
-5,42,5,100000,42,0.00042,77,0.00077
-5,43,0,100000,30,0.0003,75,0.00075
-5,43,1,100000,30,0.0003,83,0.00083
-5,43,2,100000,24,0.00024,82,0.00082
-5,43,3,100000,39,0.00039,92,0.00092
-5,43,4,100000,26,0.00026,63,0.00063
-5,43,5,100000,19,0.00019,69,0.00069
-5,44,0,100000,40,0.0004,85,0.00085
-5,44,1,100000,32,0.00032,90,0.0009
-5,44,2,100000,34,0.00034,73,0.00073
-5,44,3,100000,23,0.00023,88,0.00088
-5,44,4,100000,37,0.00037,66,0.00066
-5,44,5,100000,17,0.00017,66,0.00066
-5,45,0,100000,36,0.00036,102,0.00102
-5,45,1,100000,41,0.00041,83,0.00083
-5,45,2,100000,29,0.00029,82,0.00082
-5,45,3,100000,40,0.0004,82,0.00082
-5,45,4,100000,31,0.00031,83,0.00083
-5,45,5,100000,21,0.00021,74,0.00074
-5,46,0,100000,38,0.00038,86,0.00086
-5,46,1,100000,31,0.00031,78,0.00078
-5,46,2,100000,21,0.00021,62,0.00062
-5,46,3,100000,41,0.00041,70,0.0007
-5,46,4,100000,28,0.00028,74,0.00074
-5,46,5,100000,50,0.0005,77,0.00077
-5,47,0,100000,25,0.00025,80,0.0008
-5,47,1,100000,27,0.00027,93,0.00093
-5,47,2,100000,47,0.00047,78,0.00078
-5,47,3,100000,25,0.00025,65,0.00065
-5,47,4,100000,21,0.00021,84,0.00084
-5,47,5,100000,29,0.00029,79,0.00079
-5,48,0,100000,30,0.0003,73,0.00073
-5,48,1,100000,16,0.00016,77,0.00077
-5,48,2,100000,62,0.00062,86,0.00086
-5,48,3,100000,22,0.00022,63,0.00063
-5,48,4,100000,32,0.00032,71,0.00071
-5,48,5,100000,28,0.00028,61,0.00061
-5,49,0,100000,36,0.00036,75,0.00075
-5,49,1,100000,34,0.00034,76,0.00076
-5,49,2,100000,32,0.00032,67,0.00067
-5,49,3,100000,39,0.00039,78,0.00078
-5,49,4,100000,24,0.00024,80,0.0008
-5,49,5,100000,40,0.0004,87,0.00087
-5,50,0,100000,25,0.00025,75,0.00075
-5,50,1,100000,18,0.00018,66,0.00066
-5,50,2,100000,34,0.00034,80,0.0008
-5,50,3,100000,26,0.00026,83,0.00083
-5,50,4,100000,29,0.00029,72,0.00072
-5,50,5,100000,22,0.00022,77,0.00077
-4,-50,0,100000,43,0.00043,77,0.00077
-4,-50,1,100000,29,0.00029,73,0.00073
-4,-50,2,100000,25,0.00025,65,0.00065
-4,-50,3,100000,13,0.00013,61,0.00061
-4,-50,4,100000,25,0.00025,79,0.00079
-4,-50,5,100000,40,0.0004,83,0.00083
-4,-49,0,100000,37,0.00037,76,0.00076
-4,-49,1,100000,34,0.00034,72,0.00072
-4,-49,2,100000,38,0.00038,79,0.00079
-4,-49,3,100000,23,0.00023,72,0.00072
-4,-49,4,100000,35,0.00035,55,0.00055
-4,-49,5,100000,21,0.00021,75,0.00075
-4,-48,0,100000,24,0.00024,89,0.00089
-4,-48,1,100000,46,0.00046,73,0.00073
-4,-48,2,100000,28,0.00028,86,0.00086
-4,-48,3,100000,48,0.00048,79,0.00079
-4,-48,4,100000,39,0.00039,84,0.00084
-4,-48,5,100000,37,0.00037,84,0.00084
-4,-47,0,100000,24,0.00024,79,0.00079
-4,-47,1,100000,35,0.00035,92,0.00092
-4,-47,2,100000,36,0.00036,68,0.00068
-4,-47,3,100000,33,0.00033,97,0.00097
-4,-47,4,100000,45,0.00045,68,0.00068
-4,-47,5,100000,33,0.00033,85,0.00085
-4,-46,0,100000,51,0.00051,83,0.00083
-4,-46,1,100000,29,0.00029,78,0.00078
-4,-46,2,100000,13,0.00013,67,0.00067
-4,-46,3,100000,19,0.00019,81,0.00081
-4,-46,4,100000,32,0.00032,75,0.00075
-4,-46,5,100000,33,0.00033,76,0.00076
-4,-45,0,100000,35,0.00035,89,0.00089
-4,-45,1,100000,36,0.00036,82,0.00082
-4,-45,2,100000,17,0.00017,80,0.0008
-4,-45,3,100000,28,0.00028,77,0.00077
-4,-45,4,100000,42,0.00042,72,0.00072
-4,-45,5,100000,33,0.00033,80,0.0008
-4,-44,0,100000,20,0.0002,79,0.00079
-4,-44,1,100000,43,0.00043,88,0.00088
-4,-44,2,100000,27,0.00027,71,0.00071
-4,-44,3,100000,26,0.00026,76,0.00076
-4,-44,4,100000,52,0.00052,76,0.00076
-4,-44,5,100000,48,0.00048,89,0.00089
-4,-43,0,100000,29,0.00029,79,0.00079
-4,-43,1,100000,44,0.00044,87,0.00087
-4,-43,2,100000,35,0.00035,72,0.00072
-4,-43,3,100000,42,0.00042,85,0.00085
-4,-43,4,100000,42,0.00042,90,0.0009
-4,-43,5,100000,55,0.00055,82,0.00082
-4,-42,0,100000,24,0.00024,95,0.00095
-4,-42,1,100000,26,0.00026,77,0.00077
-4,-42,2,100000,36,0.00036,78,0.00078
-4,-42,3,100000,51,0.00051,86,0.00086
-4,-42,4,100000,24,0.00024,84,0.00084
-4,-42,5,100000,30,0.0003,77,0.00077
-4,-41,0,100000,87,0.00087,201,0.00201
-4,-41,1,100000,43,0.00043,115,0.00115
-4,-41,2,100000,67,0.00067,141,0.00141
-4,-41,3,100000,110,0.0011,190,0.0019
-4,-41,4,100000,158,0.00158,284,0.00284
-4,-41,5,100000,143,0.00143,301,0.00301
-4,-40,0,100000,391,0.00391,690,0.0069
-4,-40,1,100000,428,0.00428,744,0.00744
-4,-40,2,100000,496,0.00496,907,0.00907
-4,-40,3,100000,507,0.00507,878,0.00878
-4,-40,4,100000,584,0.00584,1064,0.01064
-4,-40,5,100000,588,0.00588,1094,0.01094
-4,-39,0,100000,646,0.00646,1164,0.01164
-4,-39,1,100000,768,0.00768,1401,0.01401
-4,-39,2,100000,860,0.0086,1604,0.01604
-4,-39,3,100000,911,0.00911,1670,0.0167
-4,-39,4,100000,1091,0.01091,1938,0.01938
-4,-39,5,100000,974,0.00974,1806,0.01806
-4,-38,0,100000,697,0.00697,1258,0.01258
-4,-38,1,100000,735,0.00735,1377,0.01377
-4,-38,2,100000,863,0.00863,1668,0.01668
-4,-38,3,100000,985,0.00985,1792,0.01792
-4,-38,4,100000,970,0.0097,1752,0.01752
-4,-38,5,100000,797,0.00797,1536,0.01536
-4,-37,0,100000,741,0.00741,1399,0.01399
-4,-37,1,100000,739,0.00739,1386,0.01386
-4,-37,2,100000,852,0.00852,1682,0.01682
-4,-37,3,100000,952,0.00952,1843,0.01843
-4,-37,4,100000,831,0.00831,1608,0.01608
-4,-37,5,100000,728,0.00728,1377,0.01377
-4,-36,0,100000,698,0.00698,1327,0.01327
-4,-36,1,100000,780,0.0078,1450,0.0145
-4,-36,2,100000,849,0.00849,1597,0.01597
-4,-36,3,100000,978,0.00978,1839,0.01839
-4,-36,4,100000,907,0.00907,1699,0.01699
-4,-36,5,100000,721,0.00721,1379,0.01379
-4,-35,0,100000,740,0.0074,1336,0.01336
-4,-35,1,100000,786,0.00786,1459,0.01459
-4,-35,2,100000,896,0.00896,1638,0.01638
-4,-35,3,100000,1008,0.01008,1837,0.01837
-4,-35,4,100000,866,0.00866,1666,0.01666
-4,-35,5,100000,767,0.00767,1476,0.01476
-4,-34,0,100000,678,0.00678,1245,0.01245
-4,-34,1,100000,709,0.00709,1410,0.0141
-4,-34,2,100000,888,0.00888,1733,0.01733
-4,-34,3,100000,924,0.00924,1808,0.01808
-4,-34,4,100000,878,0.00878,1689,0.01689
-4,-34,5,100000,746,0.00746,1470,0.0147
-4,-33,0,100000,743,0.00743,1354,0.01354
-4,-33,1,100000,746,0.00746,1394,0.01394
-4,-33,2,100000,933,0.00933,1678,0.01678
-4,-33,3,100000,909,0.00909,1771,0.01771
-4,-33,4,100000,842,0.00842,1632,0.01632
-4,-33,5,100000,769,0.00769,1415,0.01415
-4,-32,0,100000,723,0.00723,1364,0.01364
-4,-32,1,100000,748,0.00748,1445,0.01445
-4,-32,2,100000,921,0.00921,1741,0.01741
-4,-32,3,100000,1039,0.01039,1892,0.01892
-4,-32,4,100000,842,0.00842,1631,0.01631
-4,-32,5,100000,738,0.00738,1393,0.01393
-4,-31,0,100000,694,0.00694,1336,0.01336
-4,-31,1,100000,724,0.00724,1391,0.01391
-4,-31,2,100000,915,0.00915,1668,0.01668
-4,-31,3,100000,920,0.0092,1788,0.01788
-4,-31,4,100000,867,0.00867,1687,0.01687
-4,-31,5,100000,725,0.00725,1409,0.01409
-4,-30,0,100000,672,0.00672,1251,0.01251
-4,-30,1,100000,801,0.00801,1431,0.01431
-4,-30,2,100000,924,0.00924,1707,0.01707
-4,-30,3,100000,948,0.00948,1809,0.01809
-4,-30,4,100000,871,0.00871,1712,0.01712
-4,-30,5,100000,729,0.00729,1424,0.01424
-4,-29,0,100000,680,0.0068,1289,0.01289
-4,-29,1,100000,757,0.00757,1358,0.01358
-4,-29,2,100000,904,0.00904,1680,0.0168
-4,-29,3,100000,986,0.00986,1788,0.01788
-4,-29,4,100000,845,0.00845,1600,0.016
-4,-29,5,100000,702,0.00702,1367,0.01367
-4,-28,0,100000,641,0.00641,1259,0.01259
-4,-28,1,100000,775,0.00775,1430,0.0143
-4,-28,2,100000,948,0.00948,1723,0.01723
-4,-28,3,100000,1012,0.01012,1828,0.01828
-4,-28,4,100000,901,0.00901,1692,0.01692
-4,-28,5,100000,723,0.00723,1372,0.01372
-4,-27,0,100000,676,0.00676,1287,0.01287
-4,-27,1,100000,751,0.00751,1416,0.01416
-4,-27,2,100000,897,0.00897,1754,0.01754
-4,-27,3,100000,1002,0.01002,1871,0.01871
-4,-27,4,100000,968,0.00968,1712,0.01712
-4,-27,5,100000,760,0.0076,1397,0.01397
-4,-26,0,100000,732,0.00732,1348,0.01348
-4,-26,1,100000,701,0.00701,1470,0.0147
-4,-26,2,100000,907,0.00907,1719,0.01719
-4,-26,3,100000,1030,0.0103,1839,0.01839
-4,-26,4,100000,889,0.00889,1663,0.01663
-4,-26,5,100000,709,0.00709,1386,0.01386
-4,-25,0,100000,741,0.00741,1371,0.01371
-4,-25,1,100000,757,0.00757,1466,0.01466
-4,-25,2,100000,896,0.00896,1673,0.01673
-4,-25,3,100000,951,0.00951,1847,0.01847
-4,-25,4,100000,896,0.00896,1688,0.01688
-4,-25,5,100000,790,0.0079,1423,0.01423
-4,-24,0,100000,672,0.00672,1334,0.01334
-4,-24,1,100000,697,0.00697,1416,0.01416
-4,-24,2,100000,919,0.00919,1647,0.01647
-4,-24,3,100000,1007,0.01007,1865,0.01865
-4,-24,4,100000,892,0.00892,1675,0.01675
-4,-24,5,100000,804,0.00804,1424,0.01424
-4,-23,0,100000,741,0.00741,1317,0.01317
-4,-23,1,100000,719,0.00719,1394,0.01394
-4,-23,2,100000,887,0.00887,1706,0.01706
-4,-23,3,100000,987,0.00987,1811,0.01811
-4,-23,4,100000,919,0.00919,1633,0.01633
-4,-23,5,100000,779,0.00779,1402,0.01402
-4,-22,0,100000,702,0.00702,1244,0.01244
-4,-22,1,100000,760,0.0076,1423,0.01423
-4,-22,2,100000,932,0.00932,1731,0.01731
-4,-22,3,100000,1031,0.01031,1880,0.0188
-4,-22,4,100000,897,0.00897,1692,0.01692
-4,-22,5,100000,789,0.00789,1416,0.01416
-4,-21,0,100000,705,0.00705,1327,0.01327
-4,-21,1,100000,796,0.00796,1402,0.01402
-4,-21,2,100000,878,0.00878,1635,0.01635
-4,-21,3,100000,951,0.00951,1802,0.01802
-4,-21,4,100000,913,0.00913,1730,0.0173
-4,-21,5,100000,768,0.00768,1430,0.0143
-4,-20,0,100000,686,0.00686,1302,0.01302
-4,-20,1,100000,710,0.0071,1362,0.01362
-4,-20,2,100000,801,0.00801,1618,0.01618
-4,-20,3,100000,989,0.00989,1829,0.01829
-4,-20,4,100000,910,0.0091,1699,0.01699
-4,-20,5,100000,763,0.00763,1404,0.01404
-4,-19,0,100000,731,0.00731,1359,0.01359
-4,-19,1,100000,743,0.00743,1406,0.01406
-4,-19,2,100000,852,0.00852,1700,0.017
-4,-19,3,100000,960,0.0096,1730,0.0173
-4,-19,4,100000,892,0.00892,1653,0.01653
-4,-19,5,100000,773,0.00773,1426,0.01426
-4,-18,0,100000,674,0.00674,1312,0.01312
-4,-18,1,100000,774,0.00774,1472,0.01472
-4,-18,2,100000,837,0.00837,1686,0.01686
-4,-18,3,100000,995,0.00995,1818,0.01818
-4,-18,4,100000,853,0.00853,1681,0.01681
-4,-18,5,100000,780,0.0078,1411,0.01411
-4,-17,0,100000,764,0.00764,1353,0.01353
-4,-17,1,100000,691,0.00691,1378,0.01378
-4,-17,2,100000,899,0.00899,1714,0.01714
-4,-17,3,100000,986,0.00986,1824,0.01824
-4,-17,4,100000,874,0.00874,1657,0.01657
-4,-17,5,100000,731,0.00731,1374,0.01374
-4,-16,0,100000,725,0.00725,1348,0.01348
-4,-16,1,100000,733,0.00733,1411,0.01411
-4,-16,2,100000,792,0.00792,1659,0.01659
-4,-16,3,100000,916,0.00916,1763,0.01763
-4,-16,4,100000,986,0.00986,1729,0.01729
-4,-16,5,100000,762,0.00762,1447,0.01447
-4,-15,0,100000,660,0.0066,1298,0.01298
-4,-15,1,100000,750,0.0075,1428,0.01428
-4,-15,2,100000,929,0.00929,1699,0.01699
-4,-15,3,100000,884,0.00884,1813,0.01813
-4,-15,4,100000,871,0.00871,1696,0.01696
-4,-15,5,100000,708,0.00708,1429,0.01429
-4,-14,0,100000,679,0.00679,1222,0.01222
-4,-14,1,100000,754,0.00754,1368,0.01368
-4,-14,2,100000,932,0.00932,1694,0.01694
-4,-14,3,100000,1058,0.01058,1899,0.01899
-4,-14,4,100000,883,0.00883,1674,0.01674
-4,-14,5,100000,740,0.0074,1461,0.01461
-4,-13,0,100000,654,0.00654,1261,0.01261
-4,-13,1,100000,735,0.00735,1454,0.01454
-4,-13,2,100000,920,0.0092,1747,0.01747
-4,-13,3,100000,930,0.0093,1744,0.01744
-4,-13,4,100000,905,0.00905,1714,0.01714
-4,-13,5,100000,700,0.007,1396,0.01396
-4,-12,0,100000,698,0.00698,1321,0.01321
-4,-12,1,100000,737,0.00737,1397,0.01397
-4,-12,2,100000,869,0.00869,1675,0.01675
-4,-12,3,100000,974,0.00974,1832,0.01832
-4,-12,4,100000,881,0.00881,1626,0.01626
-4,-12,5,100000,774,0.00774,1372,0.01372
-4,-11,0,100000,680,0.0068,1321,0.01321
-4,-11,1,100000,690,0.0069,1373,0.01373
-4,-11,2,100000,878,0.00878,1728,0.01728
-4,-11,3,100000,921,0.00921,1841,0.01841
-4,-11,4,100000,886,0.00886,1684,0.01684
-4,-11,5,100000,777,0.00777,1416,0.01416
-4,-10,0,100000,676,0.00676,1273,0.01273
-4,-10,1,100000,752,0.00752,1427,0.01427
-4,-10,2,100000,892,0.00892,1652,0.01652
-4,-10,3,100000,939,0.00939,1831,0.01831
-4,-10,4,100000,980,0.0098,1721,0.01721
-4,-10,5,100000,754,0.00754,1370,0.0137
-4,-9,0,100000,727,0.00727,1324,0.01324
-4,-9,1,100000,717,0.00717,1394,0.01394
-4,-9,2,100000,876,0.00876,1654,0.01654
-4,-9,3,100000,893,0.00893,1758,0.01758
-4,-9,4,100000,921,0.00921,1664,0.01664
-4,-9,5,100000,753,0.00753,1358,0.01358
-4,-8,0,100000,667,0.00667,1262,0.01262
-4,-8,1,100000,739,0.00739,1415,0.01415
-4,-8,2,100000,908,0.00908,1733,0.01733
-4,-8,3,100000,962,0.00962,1831,0.01831
-4,-8,4,100000,866,0.00866,1603,0.01603
-4,-8,5,100000,749,0.00749,1365,0.01365
-4,-7,0,100000,720,0.0072,1329,0.01329
-4,-7,1,100000,757,0.00757,1396,0.01396
-4,-7,2,100000,908,0.00908,1690,0.0169
-4,-7,3,100000,958,0.00958,1816,0.01816
-4,-7,4,100000,912,0.00912,1702,0.01702
-4,-7,5,100000,723,0.00723,1358,0.01358
-4,-6,0,100000,720,0.0072,1371,0.01371
-4,-6,1,100000,775,0.00775,1440,0.0144
-4,-6,2,100000,899,0.00899,1709,0.01709
-4,-6,3,100000,921,0.00921,1786,0.01786
-4,-6,4,100000,862,0.00862,1714,0.01714
-4,-6,5,100000,724,0.00724,1381,0.01381
-4,-5,0,100000,640,0.0064,1220,0.0122
-4,-5,1,100000,743,0.00743,1375,0.01375
-4,-5,2,100000,821,0.00821,1620,0.0162
-4,-5,3,100000,980,0.0098,1826,0.01826
-4,-5,4,100000,907,0.00907,1749,0.01749
-4,-5,5,100000,790,0.0079,1448,0.01448
-4,-4,0,100000,687,0.00687,1336,0.01336
-4,-4,1,100000,780,0.0078,1401,0.01401
-4,-4,2,100000,918,0.00918,1730,0.0173
-4,-4,3,100000,1030,0.0103,1851,0.01851
-4,-4,4,100000,867,0.00867,1657,0.01657
-4,-4,5,100000,714,0.00714,1382,0.01382
-4,-3,0,100000,686,0.00686,1242,0.01242
-4,-3,1,100000,804,0.00804,1423,0.01423
-4,-3,2,100000,853,0.00853,1643,0.01643
-4,-3,3,100000,930,0.0093,1806,0.01806
-4,-3,4,100000,942,0.00942,1709,0.01709
-4,-3,5,100000,736,0.00736,1403,0.01403
-4,-2,0,100000,702,0.00702,1312,0.01312
-4,-2,1,100000,794,0.00794,1458,0.01458
-4,-2,2,100000,785,0.00785,1630,0.0163
-4,-2,3,100000,978,0.00978,1880,0.0188
-4,-2,4,100000,968,0.00968,1765,0.01765
-4,-2,5,100000,788,0.00788,1390,0.0139
-4,-1,0,100000,644,0.00644,1271,0.01271
-4,-1,1,100000,722,0.00722,1412,0.01412
-4,-1,2,100000,882,0.00882,1669,0.01669
-4,-1,3,100000,993,0.00993,1848,0.01848
-4,-1,4,100000,889,0.00889,1690,0.0169
-4,-1,5,100000,699,0.00699,1357,0.01357
-4,0,0,100000,711,0.00711,1337,0.01337
-4,0,1,100000,746,0.00746,1359,0.01359
-4,0,2,100000,869,0.00869,1699,0.01699
-4,0,3,100000,951,0.00951,1791,0.01791
-4,0,4,100000,884,0.00884,1696,0.01696
-4,0,5,100000,736,0.00736,1405,0.01405
-4,1,0,100000,641,0.00641,1282,0.01282
-4,1,1,100000,749,0.00749,1390,0.0139
-4,1,2,100000,894,0.00894,1666,0.01666
-4,1,3,100000,951,0.00951,1809,0.01809
-4,1,4,100000,892,0.00892,1644,0.01644
-4,1,5,100000,736,0.00736,1393,0.01393
-4,2,0,100000,715,0.00715,1278,0.01278
-4,2,1,100000,717,0.00717,1375,0.01375
-4,2,2,100000,889,0.00889,1680,0.0168
-4,2,3,100000,915,0.00915,1786,0.01786
-4,2,4,100000,878,0.00878,1710,0.0171
-4,2,5,100000,734,0.00734,1417,0.01417
-4,3,0,100000,705,0.00705,1287,0.01287
-4,3,1,100000,726,0.00726,1384,0.01384
-4,3,2,100000,858,0.00858,1676,0.01676
-4,3,3,100000,941,0.00941,1825,0.01825
-4,3,4,100000,900,0.009,1717,0.01717
-4,3,5,100000,773,0.00773,1368,0.01368
-4,4,0,100000,720,0.0072,1299,0.01299
-4,4,1,100000,785,0.00785,1416,0.01416
-4,4,2,100000,889,0.00889,1725,0.01725
-4,4,3,100000,958,0.00958,1805,0.01805
-4,4,4,100000,846,0.00846,1632,0.01632
-4,4,5,100000,747,0.00747,1310,0.0131
-4,5,0,100000,744,0.00744,1340,0.0134
-4,5,1,100000,786,0.00786,1445,0.01445
-4,5,2,100000,872,0.00872,1611,0.01611
-4,5,3,100000,961,0.00961,1857,0.01857
-4,5,4,100000,909,0.00909,1636,0.01636
-4,5,5,100000,759,0.00759,1430,0.0143
-4,6,0,100000,674,0.00674,1272,0.01272
-4,6,1,100000,744,0.00744,1399,0.01399
-4,6,2,100000,986,0.00986,1708,0.01708
-4,6,3,100000,995,0.00995,1887,0.01887
-4,6,4,100000,873,0.00873,1705,0.01705
-4,6,5,100000,746,0.00746,1369,0.01369
-4,7,0,100000,717,0.00717,1294,0.01294
-4,7,1,100000,801,0.00801,1443,0.01443
-4,7,2,100000,849,0.00849,1634,0.01634
-4,7,3,100000,920,0.0092,1808,0.01808
-4,7,4,100000,903,0.00903,1701,0.01701
-4,7,5,100000,748,0.00748,1404,0.01404
-4,8,0,100000,729,0.00729,1360,0.0136
-4,8,1,100000,722,0.00722,1380,0.0138
-4,8,2,100000,940,0.0094,1689,0.01689
-4,8,3,100000,948,0.00948,1809,0.01809
-4,8,4,100000,880,0.0088,1706,0.01706
-4,8,5,100000,792,0.00792,1400,0.014
-4,9,0,100000,719,0.00719,1371,0.01371
-4,9,1,100000,779,0.00779,1433,0.01433
-4,9,2,100000,833,0.00833,1589,0.01589
-4,9,3,100000,970,0.0097,1860,0.0186
-4,9,4,100000,859,0.00859,1651,0.01651
-4,9,5,100000,796,0.00796,1489,0.01489
-4,10,0,100000,727,0.00727,1320,0.0132
-4,10,1,100000,795,0.00795,1453,0.01453
-4,10,2,100000,871,0.00871,1690,0.0169
-4,10,3,100000,968,0.00968,1845,0.01845
-4,10,4,100000,888,0.00888,1650,0.0165
-4,10,5,100000,746,0.00746,1401,0.01401
-4,11,0,100000,709,0.00709,1359,0.01359
-4,11,1,100000,783,0.00783,1407,0.01407
-4,11,2,100000,940,0.0094,1754,0.01754
-4,11,3,100000,1004,0.01004,1837,0.01837
-4,11,4,100000,808,0.00808,1616,0.01616
-4,11,5,100000,706,0.00706,1307,0.01307
-4,12,0,100000,760,0.0076,1352,0.01352
-4,12,1,100000,749,0.00749,1411,0.01411
-4,12,2,100000,916,0.00916,1690,0.0169
-4,12,3,100000,914,0.00914,1848,0.01848
-4,12,4,100000,955,0.00955,1739,0.01739
-4,12,5,100000,815,0.00815,1432,0.01432
-4,13,0,100000,640,0.0064,1261,0.01261
-4,13,1,100000,800,0.008,1433,0.01433
-4,13,2,100000,878,0.00878,1653,0.01653
-4,13,3,100000,991,0.00991,1849,0.01849
-4,13,4,100000,916,0.00916,1692,0.01692
-4,13,5,100000,735,0.00735,1362,0.01362
-4,14,0,100000,654,0.00654,1258,0.01258
-4,14,1,100000,695,0.00695,1361,0.01361
-4,14,2,100000,776,0.00776,1573,0.01573
-4,14,3,100000,953,0.00953,1815,0.01815
-4,14,4,100000,867,0.00867,1660,0.0166
-4,14,5,100000,752,0.00752,1417,0.01417
-4,15,0,100000,690,0.0069,1294,0.01294
-4,15,1,100000,731,0.00731,1398,0.01398
-4,15,2,100000,864,0.00864,1671,0.01671
-4,15,3,100000,1014,0.01014,1801,0.01801
-4,15,4,100000,889,0.00889,1677,0.01677
-4,15,5,100000,745,0.00745,1408,0.01408
-4,16,0,100000,628,0.00628,1257,0.01257
-4,16,1,100000,678,0.00678,1418,0.01418
-4,16,2,100000,916,0.00916,1705,0.01705
-4,16,3,100000,908,0.00908,1765,0.01765
-4,16,4,100000,940,0.0094,1701,0.01701
-4,16,5,100000,752,0.00752,1448,0.01448
-4,17,0,100000,691,0.00691,1307,0.01307
-4,17,1,100000,769,0.00769,1451,0.01451
-4,17,2,100000,899,0.00899,1701,0.01701
-4,17,3,100000,1025,0.01025,1847,0.01847
-4,17,4,100000,913,0.00913,1678,0.01678
-4,17,5,100000,732,0.00732,1375,0.01375
-4,18,0,100000,752,0.00752,1345,0.01345
-4,18,1,100000,702,0.00702,1376,0.01376
-4,18,2,100000,900,0.009,1684,0.01684
-4,18,3,100000,999,0.00999,1779,0.01779
-4,18,4,100000,906,0.00906,1716,0.01716
-4,18,5,100000,759,0.00759,1475,0.01475
-4,19,0,100000,713,0.00713,1281,0.01281
-4,19,1,100000,751,0.00751,1401,0.01401
-4,19,2,100000,878,0.00878,1608,0.01608
-4,19,3,100000,1018,0.01018,1875,0.01875
-4,19,4,100000,963,0.00963,1693,0.01693
-4,19,5,100000,797,0.00797,1449,0.01449
-4,20,0,100000,723,0.00723,1326,0.01326
-4,20,1,100000,702,0.00702,1347,0.01347
-4,20,2,100000,911,0.00911,1687,0.01687
-4,20,3,100000,990,0.0099,1858,0.01858
-4,20,4,100000,885,0.00885,1650,0.0165
-4,20,5,100000,761,0.00761,1470,0.0147
-4,21,0,100000,740,0.0074,1322,0.01322
-4,21,1,100000,834,0.00834,1424,0.01424
-4,21,2,100000,803,0.00803,1669,0.01669
-4,21,3,100000,1003,0.01003,1812,0.01812
-4,21,4,100000,877,0.00877,1626,0.01626
-4,21,5,100000,746,0.00746,1393,0.01393
-4,22,0,100000,695,0.00695,1323,0.01323
-4,22,1,100000,796,0.00796,1406,0.01406
-4,22,2,100000,926,0.00926,1650,0.0165
-4,22,3,100000,961,0.00961,1882,0.01882
-4,22,4,100000,883,0.00883,1639,0.01639
-4,22,5,100000,765,0.00765,1485,0.01485
-4,23,0,100000,705,0.00705,1296,0.01296
-4,23,1,100000,746,0.00746,1407,0.01407
-4,23,2,100000,911,0.00911,1712,0.01712
-4,23,3,100000,981,0.00981,1825,0.01825
-4,23,4,100000,903,0.00903,1684,0.01684
-4,23,5,100000,783,0.00783,1493,0.01493
-4,24,0,100000,716,0.00716,1340,0.0134
-4,24,1,100000,796,0.00796,1511,0.01511
-4,24,2,100000,881,0.00881,1728,0.01728
-4,24,3,100000,995,0.00995,1897,0.01897
-4,24,4,100000,872,0.00872,1696,0.01696
-4,24,5,100000,767,0.00767,1479,0.01479
-4,25,0,100000,793,0.00793,1401,0.01401
-4,25,1,100000,708,0.00708,1396,0.01396
-4,25,2,100000,877,0.00877,1681,0.01681
-4,25,3,100000,959,0.00959,1792,0.01792
-4,25,4,100000,857,0.00857,1629,0.01629
-4,25,5,100000,793,0.00793,1429,0.01429
-4,26,0,100000,693,0.00693,1374,0.01374
-4,26,1,100000,703,0.00703,1371,0.01371
-4,26,2,100000,981,0.00981,1756,0.01756
-4,26,3,100000,914,0.00914,1756,0.01756
-4,26,4,100000,954,0.00954,1735,0.01735
-4,26,5,100000,694,0.00694,1404,0.01404
-4,27,0,100000,743,0.00743,1344,0.01344
-4,27,1,100000,730,0.0073,1448,0.01448
-4,27,2,100000,911,0.00911,1684,0.01684
-4,27,3,100000,1004,0.01004,1830,0.0183
-4,27,4,100000,962,0.00962,1762,0.01762
-4,27,5,100000,758,0.00758,1451,0.01451
-4,28,0,100000,664,0.00664,1324,0.01324
-4,28,1,100000,820,0.0082,1451,0.01451
-4,28,2,100000,891,0.00891,1684,0.01684
-4,28,3,100000,919,0.00919,1776,0.01776
-4,28,4,100000,899,0.00899,1655,0.01655
-4,28,5,100000,719,0.00719,1353,0.01353
-4,29,0,100000,677,0.00677,1334,0.01334
-4,29,1,100000,759,0.00759,1446,0.01446
-4,29,2,100000,873,0.00873,1699,0.01699
-4,29,3,100000,964,0.00964,1896,0.01896
-4,29,4,100000,940,0.0094,1777,0.01777
-4,29,5,100000,752,0.00752,1475,0.01475
-4,30,0,100000,664,0.00664,1264,0.01264
-4,30,1,100000,769,0.00769,1446,0.01446
-4,30,2,100000,875,0.00875,1694,0.01694
-4,30,3,100000,979,0.00979,1848,0.01848
-4,30,4,100000,917,0.00917,1669,0.01669
-4,30,5,100000,715,0.00715,1399,0.01399
-4,31,0,100000,718,0.00718,1324,0.01324
-4,31,1,100000,773,0.00773,1412,0.01412
-4,31,2,100000,817,0.00817,1637,0.01637
-4,31,3,100000,887,0.00887,1720,0.0172
-4,31,4,100000,917,0.00917,1708,0.01708
-4,31,5,100000,710,0.0071,1384,0.01384
-4,32,0,100000,645,0.00645,1321,0.01321
-4,32,1,100000,777,0.00777,1421,0.01421
-4,32,2,100000,897,0.00897,1676,0.01676
-4,32,3,100000,1007,0.01007,1845,0.01845
-4,32,4,100000,852,0.00852,1652,0.01652
-4,32,5,100000,751,0.00751,1378,0.01378
-4,33,0,100000,655,0.00655,1304,0.01304
-4,33,1,100000,771,0.00771,1433,0.01433
-4,33,2,100000,875,0.00875,1729,0.01729
-4,33,3,100000,937,0.00937,1793,0.01793
-4,33,4,100000,867,0.00867,1704,0.01704
-4,33,5,100000,724,0.00724,1400,0.014
-4,34,0,100000,662,0.00662,1288,0.01288
-4,34,1,100000,741,0.00741,1419,0.01419
-4,34,2,100000,919,0.00919,1725,0.01725
-4,34,3,100000,964,0.00964,1817,0.01817
-4,34,4,100000,876,0.00876,1709,0.01709
-4,34,5,100000,776,0.00776,1410,0.0141
-4,35,0,100000,723,0.00723,1299,0.01299
-4,35,1,100000,757,0.00757,1393,0.01393
-4,35,2,100000,936,0.00936,1707,0.01707
-4,35,3,100000,933,0.00933,1795,0.01795
-4,35,4,100000,933,0.00933,1732,0.01732
-4,35,5,100000,750,0.0075,1455,0.01455
-4,36,0,100000,726,0.00726,1370,0.0137
-4,36,1,100000,763,0.00763,1368,0.01368
-4,36,2,100000,884,0.00884,1689,0.01689
-4,36,3,100000,944,0.00944,1828,0.01828
-4,36,4,100000,857,0.00857,1622,0.01622
-4,36,5,100000,717,0.00717,1406,0.01406
-4,37,0,100000,652,0.00652,1247,0.01247
-4,37,1,100000,763,0.00763,1382,0.01382
-4,37,2,100000,913,0.00913,1739,0.01739
-4,37,3,100000,983,0.00983,1789,0.01789
-4,37,4,100000,922,0.00922,1664,0.01664
-4,37,5,100000,787,0.00787,1453,0.01453
-4,38,0,100000,653,0.00653,1236,0.01236
-4,38,1,100000,795,0.00795,1518,0.01518
-4,38,2,100000,887,0.00887,1772,0.01772
-4,38,3,100000,915,0.00915,1723,0.01723
-4,38,4,100000,916,0.00916,1706,0.01706
-4,38,5,100000,730,0.0073,1377,0.01377
-4,39,0,100000,718,0.00718,1238,0.01238
-4,39,1,100000,981,0.00981,1761,0.01761
-4,39,2,100000,1103,0.01103,1903,0.01903
-4,39,3,100000,918,0.00918,1744,0.01744
-4,39,4,100000,912,0.00912,1620,0.0162
-4,39,5,100000,746,0.00746,1371,0.01371
-4,40,0,100000,352,0.00352,698,0.00698
-4,40,1,100000,641,0.00641,1084,0.01084
-4,40,2,100000,573,0.00573,1065,0.01065
-4,40,3,100000,447,0.00447,867,0.00867
-4,40,4,100000,542,0.00542,939,0.00939
-4,40,5,100000,415,0.00415,785,0.00785
-4,41,0,100000,112,0.00112,224,0.00224
-4,41,1,100000,158,0.00158,321,0.00321
-4,41,2,100000,155,0.00155,299,0.00299
-4,41,3,100000,143,0.00143,237,0.00237
-4,41,4,100000,70,0.0007,156,0.00156
-4,41,5,100000,56,0.00056,137,0.00137
-4,42,0,100000,28,0.00028,78,0.00078
-4,42,1,100000,45,0.00045,90,0.0009
-4,42,2,100000,31,0.00031,73,0.00073
-4,42,3,100000,19,0.00019,72,0.00072
-4,42,4,100000,21,0.00021,80,0.0008
-4,42,5,100000,32,0.00032,94,0.00094
-4,43,0,100000,41,0.00041,87,0.00087
-4,43,1,100000,48,0.00048,92,0.00092
-4,43,2,100000,47,0.00047,84,0.00084
-4,43,3,100000,43,0.00043,87,0.00087
-4,43,4,100000,36,0.00036,81,0.00081
-4,43,5,100000,18,0.00018,81,0.00081
-4,44,0,100000,42,0.00042,80,0.0008
-4,44,1,100000,39,0.00039,82,0.00082
-4,44,2,100000,28,0.00028,84,0.00084
-4,44,3,100000,25,0.00025,77,0.00077
-4,44,4,100000,32,0.00032,76,0.00076
-4,44,5,100000,19,0.00019,76,0.00076
-4,45,0,100000,36,0.00036,80,0.0008
-4,45,1,100000,31,0.00031,75,0.00075
-4,45,2,100000,33,0.00033,82,0.00082
-4,45,3,100000,39,0.00039,78,0.00078
-4,45,4,100000,17,0.00017,62,0.00062
-4,45,5,100000,29,0.00029,63,0.00063
-4,46,0,100000,33,0.00033,63,0.00063
-4,46,1,100000,28,0.00028,75,0.00075
-4,46,2,100000,38,0.00038,84,0.00084
-4,46,3,100000,38,0.00038,73,0.00073
-4,46,4,100000,25,0.00025,87,0.00087
-4,46,5,100000,35,0.00035,88,0.00088
-4,47,0,100000,27,0.00027,88,0.00088
-4,47,1,100000,43,0.00043,85,0.00085
-4,47,2,100000,28,0.00028,83,0.00083
-4,47,3,100000,37,0.00037,88,0.00088
-4,47,4,100000,31,0.00031,95,0.00095
-4,47,5,100000,29,0.00029,63,0.00063
-4,48,0,100000,49,0.00049,74,0.00074
-4,48,1,100000,25,0.00025,70,0.0007
-4,48,2,100000,27,0.00027,64,0.00064
-4,48,3,100000,35,0.00035,72,0.00072
-4,48,4,100000,26,0.00026,82,0.00082
-4,48,5,100000,32,0.00032,67,0.00067
-4,49,0,100000,40,0.0004,88,0.00088
-4,49,1,100000,38,0.00038,75,0.00075
-4,49,2,100000,36,0.00036,73,0.00073
-4,49,3,100000,46,0.00046,75,0.00075
-4,49,4,100000,23,0.00023,62,0.00062
-4,49,5,100000,22,0.00022,76,0.00076
-4,50,0,100000,30,0.0003,76,0.00076
-4,50,1,100000,39,0.00039,68,0.00068
-4,50,2,100000,23,0.00023,68,0.00068
-4,50,3,100000,42,0.00042,89,0.00089
-4,50,4,100000,27,0.00027,84,0.00084
-4,50,5,100000,32,0.00032,77,0.00077
-3,-50,0,100000,49,0.00049,99,0.00099
-3,-50,1,100000,37,0.00037,76,0.00076
-3,-50,2,100000,28,0.00028,73,0.00073
-3,-50,3,100000,30,0.0003,70,0.0007
-3,-50,4,100000,24,0.00024,77,0.00077
-3,-50,5,100000,23,0.00023,84,0.00084
-3,-49,0,100000,44,0.00044,93,0.00093
-3,-49,1,100000,33,0.00033,85,0.00085
-3,-49,2,100000,20,0.0002,68,0.00068
-3,-49,3,100000,39,0.00039,85,0.00085
-3,-49,4,100000,41,0.00041,77,0.00077
-3,-49,5,100000,24,0.00024,67,0.00067
-3,-48,0,100000,28,0.00028,76,0.00076
-3,-48,1,100000,29,0.00029,69,0.00069
-3,-48,2,100000,33,0.00033,92,0.00092
-3,-48,3,100000,35,0.00035,83,0.00083
-3,-48,4,100000,31,0.00031,65,0.00065
-3,-48,5,100000,39,0.00039,86,0.00086
-3,-47,0,100000,17,0.00017,61,0.00061
-3,-47,1,100000,38,0.00038,80,0.0008
-3,-47,2,100000,37,0.00037,87,0.00087
-3,-47,3,100000,41,0.00041,75,0.00075
-3,-47,4,100000,18,0.00018,63,0.00063
-3,-47,5,100000,34,0.00034,71,0.00071
-3,-46,0,100000,40,0.0004,81,0.00081
-3,-46,1,100000,36,0.00036,66,0.00066
-3,-46,2,100000,37,0.00037,84,0.00084
-3,-46,3,100000,31,0.00031,76,0.00076
-3,-46,4,100000,38,0.00038,86,0.00086
-3,-46,5,100000,13,0.00013,67,0.00067
-3,-45,0,100000,33,0.00033,82,0.00082
-3,-45,1,100000,23,0.00023,80,0.0008
-3,-45,2,100000,24,0.00024,73,0.00073
-3,-45,3,100000,50,0.0005,73,0.00073
-3,-45,4,100000,34,0.00034,84,0.00084
-3,-45,5,100000,45,0.00045,96,0.00096
-3,-44,0,100000,23,0.00023,80,0.0008
-3,-44,1,100000,27,0.00027,79,0.00079
-3,-44,2,100000,20,0.0002,76,0.00076
-3,-44,3,100000,30,0.0003,84,0.00084
-3,-44,4,100000,19,0.00019,67,0.00067
-3,-44,5,100000,22,0.00022,92,0.00092
-3,-43,0,100000,46,0.00046,98,0.00098
-3,-43,1,100000,18,0.00018,80,0.0008
-3,-43,2,100000,40,0.0004,76,0.00076
-3,-43,3,100000,43,0.00043,86,0.00086
-3,-43,4,100000,25,0.00025,84,0.00084
-3,-43,5,100000,45,0.00045,101,0.00101
-3,-42,0,100000,50,0.0005,78,0.00078
-3,-42,1,100000,31,0.00031,86,0.00086
-3,-42,2,100000,29,0.00029,76,0.00076
-3,-42,3,100000,35,0.00035,77,0.00077
-3,-42,4,100000,28,0.00028,78,0.00078
-3,-42,5,100000,27,0.00027,93,0.00093
-3,-41,0,100000,132,0.00132,199,0.00199
-3,-41,1,100000,52,0.00052,124,0.00124
-3,-41,2,100000,57,0.00057,125,0.00125
-3,-41,3,100000,142,0.00142,217,0.00217
-3,-41,4,100000,174,0.00174,305,0.00305
-3,-41,5,100000,119,0.00119,260,0.0026
-3,-40,0,100000,395,0.00395,691,0.00691
-3,-40,1,100000,393,0.00393,799,0.00799
-3,-40,2,100000,517,0.00517,934,0.00934
-3,-40,3,100000,514,0.00514,902,0.00902
-3,-40,4,100000,668,0.00668,1155,0.01155
-3,-40,5,100000,669,0.00669,1089,0.01089
-3,-39,0,100000,693,0.00693,1258,0.01258
-3,-39,1,100000,813,0.00813,1456,0.01456
-3,-39,2,100000,857,0.00857,1619,0.01619
-3,-39,3,100000,915,0.00915,1683,0.01683
-3,-39,4,100000,1027,0.01027,1935,0.01935
-3,-39,5,100000,996,0.00996,1844,0.01844
-3,-38,0,100000,729,0.00729,1345,0.01345
-3,-38,1,100000,767,0.00767,1382,0.01382
-3,-38,2,100000,882,0.00882,1655,0.01655
-3,-38,3,100000,995,0.00995,1785,0.01785
-3,-38,4,100000,901,0.00901,1795,0.01795
-3,-38,5,100000,837,0.00837,1624,0.01624
-3,-37,0,100000,827,0.00827,1491,0.01491
-3,-37,1,100000,712,0.00712,1395,0.01395
-3,-37,2,100000,874,0.00874,1689,0.01689
-3,-37,3,100000,990,0.0099,1845,0.01845
-3,-37,4,100000,925,0.00925,1686,0.01686
-3,-37,5,100000,793,0.00793,1488,0.01488
-3,-36,0,100000,738,0.00738,1361,0.01361
-3,-36,1,100000,784,0.00784,1432,0.01432
-3,-36,2,100000,886,0.00886,1736,0.01736
-3,-36,3,100000,926,0.00926,1775,0.01775
-3,-36,4,100000,858,0.00858,1691,0.01691
-3,-36,5,100000,791,0.00791,1524,0.01524
-3,-35,0,100000,732,0.00732,1416,0.01416
-3,-35,1,100000,822,0.00822,1485,0.01485
-3,-35,2,100000,772,0.00772,1637,0.01637
-3,-35,3,100000,905,0.00905,1781,0.01781
-3,-35,4,100000,856,0.00856,1690,0.0169
-3,-35,5,100000,807,0.00807,1435,0.01435
-3,-34,0,100000,688,0.00688,1348,0.01348
-3,-34,1,100000,799,0.00799,1461,0.01461
-3,-34,2,100000,891,0.00891,1661,0.01661
-3,-34,3,100000,976,0.00976,1832,0.01832
-3,-34,4,100000,918,0.00918,1704,0.01704
-3,-34,5,100000,798,0.00798,1450,0.0145
-3,-33,0,100000,709,0.00709,1389,0.01389
-3,-33,1,100000,753,0.00753,1416,0.01416
-3,-33,2,100000,832,0.00832,1600,0.016
-3,-33,3,100000,1024,0.01024,1748,0.01748
-3,-33,4,100000,909,0.00909,1698,0.01698
-3,-33,5,100000,768,0.00768,1462,0.01462
-3,-32,0,100000,717,0.00717,1377,0.01377
-3,-32,1,100000,743,0.00743,1436,0.01436
-3,-32,2,100000,910,0.0091,1724,0.01724
-3,-32,3,100000,923,0.00923,1863,0.01863
-3,-32,4,100000,856,0.00856,1709,0.01709
-3,-32,5,100000,759,0.00759,1453,0.01453
-3,-31,0,100000,704,0.00704,1313,0.01313
-3,-31,1,100000,760,0.0076,1407,0.01407
-3,-31,2,100000,859,0.00859,1684,0.01684
-3,-31,3,100000,986,0.00986,1837,0.01837
-3,-31,4,100000,907,0.00907,1710,0.0171
-3,-31,5,100000,811,0.00811,1472,0.01472
-3,-30,0,100000,710,0.0071,1352,0.01352
-3,-30,1,100000,845,0.00845,1460,0.0146
-3,-30,2,100000,859,0.00859,1656,0.01656
-3,-30,3,100000,971,0.00971,1813,0.01813
-3,-30,4,100000,884,0.00884,1700,0.017
-3,-30,5,100000,713,0.00713,1403,0.01403
-3,-29,0,100000,769,0.00769,1422,0.01422
-3,-29,1,100000,741,0.00741,1483,0.01483
-3,-29,2,100000,971,0.00971,1757,0.01757
-3,-29,3,100000,970,0.0097,1840,0.0184
-3,-29,4,100000,893,0.00893,1750,0.0175
-3,-29,5,100000,818,0.00818,1460,0.0146
-3,-28,0,100000,723,0.00723,1377,0.01377
-3,-28,1,100000,788,0.00788,1472,0.01472
-3,-28,2,100000,875,0.00875,1739,0.01739
-3,-28,3,100000,944,0.00944,1735,0.01735
-3,-28,4,100000,967,0.00967,1758,0.01758
-3,-28,5,100000,825,0.00825,1517,0.01517
-3,-27,0,100000,748,0.00748,1351,0.01351
-3,-27,1,100000,812,0.00812,1546,0.01546
-3,-27,2,100000,920,0.0092,1720,0.0172
-3,-27,3,100000,1003,0.01003,1818,0.01818
-3,-27,4,100000,870,0.0087,1646,0.01646
-3,-27,5,100000,807,0.00807,1497,0.01497
-3,-26,0,100000,755,0.00755,1309,0.01309
-3,-26,1,100000,756,0.00756,1469,0.01469
-3,-26,2,100000,940,0.0094,1761,0.01761
-3,-26,3,100000,922,0.00922,1828,0.01828
-3,-26,4,100000,868,0.00868,1674,0.01674
-3,-26,5,100000,797,0.00797,1528,0.01528
-3,-25,0,100000,714,0.00714,1359,0.01359
-3,-25,1,100000,789,0.00789,1508,0.01508
-3,-25,2,100000,924,0.00924,1691,0.01691
-3,-25,3,100000,899,0.00899,1788,0.01788
-3,-25,4,100000,869,0.00869,1710,0.0171
-3,-25,5,100000,790,0.0079,1475,0.01475
-3,-24,0,100000,744,0.00744,1441,0.01441
-3,-24,1,100000,746,0.00746,1461,0.01461
-3,-24,2,100000,846,0.00846,1679,0.01679
-3,-24,3,100000,970,0.0097,1834,0.01834
-3,-24,4,100000,946,0.00946,1664,0.01664
-3,-24,5,100000,729,0.00729,1464,0.01464
-3,-23,0,100000,734,0.00734,1417,0.01417
-3,-23,1,100000,785,0.00785,1503,0.01503
-3,-23,2,100000,853,0.00853,1613,0.01613
-3,-23,3,100000,855,0.00855,1759,0.01759
-3,-23,4,100000,898,0.00898,1637,0.01637
-3,-23,5,100000,791,0.00791,1450,0.0145
-3,-22,0,100000,773,0.00773,1417,0.01417
-3,-22,1,100000,845,0.00845,1523,0.01523
-3,-22,2,100000,929,0.00929,1733,0.01733
-3,-22,3,100000,973,0.00973,1866,0.01866
-3,-22,4,100000,873,0.00873,1648,0.01648
-3,-22,5,100000,748,0.00748,1474,0.01474
-3,-21,0,100000,763,0.00763,1392,0.01392
-3,-21,1,100000,788,0.00788,1463,0.01463
-3,-21,2,100000,940,0.0094,1742,0.01742
-3,-21,3,100000,924,0.00924,1866,0.01866
-3,-21,4,100000,882,0.00882,1655,0.01655
-3,-21,5,100000,729,0.00729,1423,0.01423
-3,-20,0,100000,728,0.00728,1393,0.01393
-3,-20,1,100000,764,0.00764,1508,0.01508
-3,-20,2,100000,832,0.00832,1605,0.01605
-3,-20,3,100000,944,0.00944,1816,0.01816
-3,-20,4,100000,903,0.00903,1709,0.01709
-3,-20,5,100000,796,0.00796,1510,0.0151
-3,-19,0,100000,699,0.00699,1372,0.01372
-3,-19,1,100000,782,0.00782,1446,0.01446
-3,-19,2,100000,841,0.00841,1647,0.01647
-3,-19,3,100000,1012,0.01012,1905,0.01905
-3,-19,4,100000,961,0.00961,1730,0.0173
-3,-19,5,100000,782,0.00782,1542,0.01542
-3,-18,0,100000,701,0.00701,1390,0.0139
-3,-18,1,100000,842,0.00842,1498,0.01498
-3,-18,2,100000,871,0.00871,1694,0.01694
-3,-18,3,100000,917,0.00917,1824,0.01824
-3,-18,4,100000,924,0.00924,1753,0.01753
-3,-18,5,100000,745,0.00745,1431,0.01431
-3,-17,0,100000,753,0.00753,1399,0.01399
-3,-17,1,100000,811,0.00811,1491,0.01491
-3,-17,2,100000,900,0.009,1677,0.01677
-3,-17,3,100000,908,0.00908,1775,0.01775
-3,-17,4,100000,843,0.00843,1622,0.01622
-3,-17,5,100000,793,0.00793,1497,0.01497
-3,-16,0,100000,732,0.00732,1373,0.01373
-3,-16,1,100000,789,0.00789,1439,0.01439
-3,-16,2,100000,894,0.00894,1633,0.01633
-3,-16,3,100000,966,0.00966,1846,0.01846
-3,-16,4,100000,924,0.00924,1676,0.01676
-3,-16,5,100000,820,0.0082,1540,0.0154
-3,-15,0,100000,764,0.00764,1426,0.01426
-3,-15,1,100000,685,0.00685,1421,0.01421
-3,-15,2,100000,920,0.0092,1681,0.01681
-3,-15,3,100000,948,0.00948,1792,0.01792
-3,-15,4,100000,810,0.0081,1637,0.01637
-3,-15,5,100000,762,0.00762,1454,0.01454
-3,-14,0,100000,690,0.0069,1413,0.01413
-3,-14,1,100000,773,0.00773,1399,0.01399
-3,-14,2,100000,833,0.00833,1657,0.01657
-3,-14,3,100000,899,0.00899,1784,0.01784
-3,-14,4,100000,857,0.00857,1640,0.0164
-3,-14,5,100000,799,0.00799,1505,0.01505
-3,-13,0,100000,750,0.0075,1367,0.01367
-3,-13,1,100000,748,0.00748,1394,0.01394
-3,-13,2,100000,820,0.0082,1644,0.01644
-3,-13,3,100000,908,0.00908,1791,0.01791
-3,-13,4,100000,909,0.00909,1632,0.01632
-3,-13,5,100000,781,0.00781,1455,0.01455
-3,-12,0,100000,754,0.00754,1417,0.01417
-3,-12,1,100000,771,0.00771,1439,0.01439
-3,-12,2,100000,870,0.0087,1678,0.01678
-3,-12,3,100000,939,0.00939,1835,0.01835
-3,-12,4,100000,850,0.0085,1643,0.01643
-3,-12,5,100000,830,0.0083,1469,0.01469
-3,-11,0,100000,795,0.00795,1425,0.01425
-3,-11,1,100000,774,0.00774,1466,0.01466
-3,-11,2,100000,863,0.00863,1696,0.01696
-3,-11,3,100000,907,0.00907,1830,0.0183
-3,-11,4,100000,843,0.00843,1700,0.017
-3,-11,5,100000,792,0.00792,1513,0.01513
-3,-10,0,100000,745,0.00745,1404,0.01404
-3,-10,1,100000,838,0.00838,1475,0.01475
-3,-10,2,100000,904,0.00904,1735,0.01735
-3,-10,3,100000,992,0.00992,1901,0.01901
-3,-10,4,100000,926,0.00926,1687,0.01687
-3,-10,5,100000,835,0.00835,1519,0.01519
-3,-9,0,100000,747,0.00747,1351,0.01351
-3,-9,1,100000,710,0.0071,1434,0.01434
-3,-9,2,100000,866,0.00866,1639,0.01639
-3,-9,3,100000,922,0.00922,1774,0.01774
-3,-9,4,100000,930,0.0093,1712,0.01712
-3,-9,5,100000,744,0.00744,1487,0.01487
-3,-8,0,100000,813,0.00813,1440,0.0144
-3,-8,1,100000,768,0.00768,1482,0.01482
-3,-8,2,100000,909,0.00909,1726,0.01726
-3,-8,3,100000,868,0.00868,1772,0.01772
-3,-8,4,100000,886,0.00886,1671,0.01671
-3,-8,5,100000,753,0.00753,1453,0.01453
-3,-7,0,100000,713,0.00713,1351,0.01351
-3,-7,1,100000,798,0.00798,1484,0.01484
-3,-7,2,100000,880,0.0088,1660,0.0166
-3,-7,3,100000,957,0.00957,1816,0.01816
-3,-7,4,100000,887,0.00887,1612,0.01612
-3,-7,5,100000,787,0.00787,1452,0.01452
-3,-6,0,100000,720,0.0072,1363,0.01363
-3,-6,1,100000,716,0.00716,1425,0.01425
-3,-6,2,100000,853,0.00853,1730,0.0173
-3,-6,3,100000,927,0.00927,1870,0.0187
-3,-6,4,100000,840,0.0084,1616,0.01616
-3,-6,5,100000,772,0.00772,1436,0.01436
-3,-5,0,100000,668,0.00668,1404,0.01404
-3,-5,1,100000,753,0.00753,1422,0.01422
-3,-5,2,100000,879,0.00879,1729,0.01729
-3,-5,3,100000,961,0.00961,1799,0.01799
-3,-5,4,100000,1009,0.01009,1783,0.01783
-3,-5,5,100000,803,0.00803,1513,0.01513
-3,-4,0,100000,722,0.00722,1383,0.01383
-3,-4,1,100000,740,0.0074,1440,0.0144
-3,-4,2,100000,841,0.00841,1720,0.0172
-3,-4,3,100000,948,0.00948,1774,0.01774
-3,-4,4,100000,891,0.00891,1730,0.0173
-3,-4,5,100000,822,0.00822,1501,0.01501
-3,-3,0,100000,732,0.00732,1359,0.01359
-3,-3,1,100000,781,0.00781,1461,0.01461
-3,-3,2,100000,871,0.00871,1660,0.0166
-3,-3,3,100000,896,0.00896,1765,0.01765
-3,-3,4,100000,875,0.00875,1694,0.01694
-3,-3,5,100000,858,0.00858,1567,0.01567
-3,-2,0,100000,791,0.00791,1450,0.0145
-3,-2,1,100000,735,0.00735,1435,0.01435
-3,-2,2,100000,940,0.0094,1661,0.01661
-3,-2,3,100000,1030,0.0103,1910,0.0191
-3,-2,4,100000,935,0.00935,1738,0.01738
-3,-2,5,100000,689,0.00689,1397,0.01397
-3,-1,0,100000,701,0.00701,1391,0.01391
-3,-1,1,100000,874,0.00874,1492,0.01492
-3,-1,2,100000,846,0.00846,1663,0.01663
-3,-1,3,100000,942,0.00942,1825,0.01825
-3,-1,4,100000,946,0.00946,1634,0.01634
-3,-1,5,100000,787,0.00787,1465,0.01465
-3,0,0,100000,738,0.00738,1432,0.01432
-3,0,1,100000,786,0.00786,1471,0.01471
-3,0,2,100000,931,0.00931,1739,0.01739
-3,0,3,100000,928,0.00928,1809,0.01809
-3,0,4,100000,918,0.00918,1649,0.01649
-3,0,5,100000,793,0.00793,1490,0.0149
-3,1,0,100000,810,0.0081,1465,0.01465
-3,1,1,100000,791,0.00791,1399,0.01399
-3,1,2,100000,942,0.00942,1678,0.01678
-3,1,3,100000,983,0.00983,1829,0.01829
-3,1,4,100000,839,0.00839,1677,0.01677
-3,1,5,100000,793,0.00793,1478,0.01478
-3,2,0,100000,709,0.00709,1418,0.01418
-3,2,1,100000,759,0.00759,1479,0.01479
-3,2,2,100000,923,0.00923,1763,0.01763
-3,2,3,100000,1013,0.01013,1797,0.01797
-3,2,4,100000,953,0.00953,1711,0.01711
-3,2,5,100000,814,0.00814,1435,0.01435
-3,3,0,100000,801,0.00801,1441,0.01441
-3,3,1,100000,793,0.00793,1502,0.01502
-3,3,2,100000,932,0.00932,1695,0.01695
-3,3,3,100000,947,0.00947,1860,0.0186
-3,3,4,100000,878,0.00878,1723,0.01723
-3,3,5,100000,752,0.00752,1435,0.01435
-3,4,0,100000,778,0.00778,1486,0.01486
-3,4,1,100000,735,0.00735,1399,0.01399
-3,4,2,100000,887,0.00887,1723,0.01723
-3,4,3,100000,954,0.00954,1845,0.01845
-3,4,4,100000,938,0.00938,1653,0.01653
-3,4,5,100000,766,0.00766,1492,0.01492
-3,5,0,100000,749,0.00749,1383,0.01383
-3,5,1,100000,774,0.00774,1470,0.0147
-3,5,2,100000,866,0.00866,1640,0.0164
-3,5,3,100000,913,0.00913,1817,0.01817
-3,5,4,100000,910,0.0091,1725,0.01725
-3,5,5,100000,813,0.00813,1473,0.01473
-3,6,0,100000,693,0.00693,1353,0.01353
-3,6,1,100000,808,0.00808,1464,0.01464
-3,6,2,100000,896,0.00896,1672,0.01672
-3,6,3,100000,999,0.00999,1824,0.01824
-3,6,4,100000,902,0.00902,1655,0.01655
-3,6,5,100000,790,0.0079,1472,0.01472
-3,7,0,100000,751,0.00751,1418,0.01418
-3,7,1,100000,792,0.00792,1515,0.01515
-3,7,2,100000,875,0.00875,1662,0.01662
-3,7,3,100000,1009,0.01009,1862,0.01862
-3,7,4,100000,890,0.0089,1690,0.0169
-3,7,5,100000,743,0.00743,1430,0.0143
-3,8,0,100000,723,0.00723,1419,0.01419
-3,8,1,100000,772,0.00772,1420,0.0142
-3,8,2,100000,848,0.00848,1605,0.01605
-3,8,3,100000,965,0.00965,1802,0.01802
-3,8,4,100000,884,0.00884,1672,0.01672
-3,8,5,100000,845,0.00845,1488,0.01488
-3,9,0,100000,710,0.0071,1413,0.01413
-3,9,1,100000,824,0.00824,1504,0.01504
-3,9,2,100000,847,0.00847,1637,0.01637
-3,9,3,100000,902,0.00902,1728,0.01728
-3,9,4,100000,856,0.00856,1650,0.0165
-3,9,5,100000,804,0.00804,1456,0.01456
-3,10,0,100000,710,0.0071,1365,0.01365
-3,10,1,100000,778,0.00778,1435,0.01435
-3,10,2,100000,937,0.00937,1657,0.01657
-3,10,3,100000,913,0.00913,1781,0.01781
-3,10,4,100000,882,0.00882,1637,0.01637
-3,10,5,100000,760,0.0076,1451,0.01451
-3,11,0,100000,740,0.0074,1386,0.01386
-3,11,1,100000,722,0.00722,1467,0.01467
-3,11,2,100000,869,0.00869,1675,0.01675
-3,11,3,100000,1001,0.01001,1844,0.01844
-3,11,4,100000,902,0.00902,1764,0.01764
-3,11,5,100000,792,0.00792,1566,0.01566
-3,12,0,100000,700,0.007,1356,0.01356
-3,12,1,100000,784,0.00784,1390,0.0139
-3,12,2,100000,867,0.00867,1704,0.01704
-3,12,3,100000,962,0.00962,1848,0.01848
-3,12,4,100000,875,0.00875,1664,0.01664
-3,12,5,100000,803,0.00803,1430,0.0143
-3,13,0,100000,750,0.0075,1379,0.01379
-3,13,1,100000,810,0.0081,1459,0.01459
-3,13,2,100000,920,0.0092,1691,0.01691
-3,13,3,100000,1030,0.0103,1848,0.01848
-3,13,4,100000,950,0.0095,1735,0.01735
-3,13,5,100000,769,0.00769,1437,0.01437
-3,14,0,100000,725,0.00725,1353,0.01353
-3,14,1,100000,820,0.0082,1489,0.01489
-3,14,2,100000,926,0.00926,1714,0.01714
-3,14,3,100000,920,0.0092,1774,0.01774
-3,14,4,100000,918,0.00918,1647,0.01647
-3,14,5,100000,790,0.0079,1514,0.01514
-3,15,0,100000,793,0.00793,1440,0.0144
-3,15,1,100000,858,0.00858,1591,0.01591
-3,15,2,100000,864,0.00864,1660,0.0166
-3,15,3,100000,927,0.00927,1815,0.01815
-3,15,4,100000,837,0.00837,1695,0.01695
-3,15,5,100000,808,0.00808,1550,0.0155
-3,16,0,100000,725,0.00725,1348,0.01348
-3,16,1,100000,832,0.00832,1517,0.01517
-3,16,2,100000,916,0.00916,1672,0.01672
-3,16,3,100000,961,0.00961,1831,0.01831
-3,16,4,100000,862,0.00862,1674,0.01674
-3,16,5,100000,710,0.0071,1353,0.01353
-3,17,0,100000,787,0.00787,1426,0.01426
-3,17,1,100000,767,0.00767,1442,0.01442
-3,17,2,100000,835,0.00835,1639,0.01639
-3,17,3,100000,988,0.00988,1840,0.0184
-3,17,4,100000,891,0.00891,1652,0.01652
-3,17,5,100000,822,0.00822,1464,0.01464
-3,18,0,100000,745,0.00745,1344,0.01344
-3,18,1,100000,813,0.00813,1437,0.01437
-3,18,2,100000,871,0.00871,1631,0.01631
-3,18,3,100000,978,0.00978,1805,0.01805
-3,18,4,100000,917,0.00917,1711,0.01711
-3,18,5,100000,797,0.00797,1476,0.01476
-3,19,0,100000,785,0.00785,1467,0.01467
-3,19,1,100000,804,0.00804,1502,0.01502
-3,19,2,100000,857,0.00857,1596,0.01596
-3,19,3,100000,938,0.00938,1813,0.01813
-3,19,4,100000,869,0.00869,1683,0.01683
-3,19,5,100000,776,0.00776,1456,0.01456
-3,20,0,100000,749,0.00749,1385,0.01385
-3,20,1,100000,751,0.00751,1495,0.01495
-3,20,2,100000,875,0.00875,1692,0.01692
-3,20,3,100000,965,0.00965,1868,0.01868
-3,20,4,100000,950,0.0095,1681,0.01681
-3,20,5,100000,791,0.00791,1444,0.01444
-3,21,0,100000,772,0.00772,1450,0.0145
-3,21,1,100000,779,0.00779,1462,0.01462
-3,21,2,100000,892,0.00892,1675,0.01675
-3,21,3,100000,963,0.00963,1873,0.01873
-3,21,4,100000,833,0.00833,1631,0.01631
-3,21,5,100000,750,0.0075,1420,0.0142
-3,22,0,100000,778,0.00778,1378,0.01378
-3,22,1,100000,755,0.00755,1411,0.01411
-3,22,2,100000,908,0.00908,1729,0.01729
-3,22,3,100000,1000,0.01,1867,0.01867
-3,22,4,100000,900,0.009,1715,0.01715
-3,22,5,100000,752,0.00752,1449,0.01449
-3,23,0,100000,733,0.00733,1338,0.01338
-3,23,1,100000,768,0.00768,1451,0.01451
-3,23,2,100000,915,0.00915,1655,0.01655
-3,23,3,100000,956,0.00956,1835,0.01835
-3,23,4,100000,812,0.00812,1584,0.01584
-3,23,5,100000,794,0.00794,1473,0.01473
-3,24,0,100000,744,0.00744,1451,0.01451
-3,24,1,100000,831,0.00831,1475,0.01475
-3,24,2,100000,899,0.00899,1687,0.01687
-3,24,3,100000,969,0.00969,1831,0.01831
-3,24,4,100000,866,0.00866,1682,0.01682
-3,24,5,100000,764,0.00764,1468,0.01468
-3,25,0,100000,790,0.0079,1416,0.01416
-3,25,1,100000,831,0.00831,1559,0.01559
-3,25,2,100000,870,0.0087,1667,0.01667
-3,25,3,100000,976,0.00976,1854,0.01854
-3,25,4,100000,881,0.00881,1619,0.01619
-3,25,5,100000,781,0.00781,1410,0.0141
-3,26,0,100000,689,0.00689,1368,0.01368
-3,26,1,100000,764,0.00764,1435,0.01435
-3,26,2,100000,897,0.00897,1749,0.01749
-3,26,3,100000,863,0.00863,1836,0.01836
-3,26,4,100000,866,0.00866,1690,0.0169
-3,26,5,100000,770,0.0077,1484,0.01484
-3,27,0,100000,736,0.00736,1400,0.014
-3,27,1,100000,800,0.008,1523,0.01523
-3,27,2,100000,986,0.00986,1728,0.01728
-3,27,3,100000,878,0.00878,1760,0.0176
-3,27,4,100000,856,0.00856,1645,0.01645
-3,27,5,100000,799,0.00799,1473,0.01473
-3,28,0,100000,700,0.007,1355,0.01355
-3,28,1,100000,797,0.00797,1554,0.01554
-3,28,2,100000,868,0.00868,1649,0.01649
-3,28,3,100000,1008,0.01008,1883,0.01883
-3,28,4,100000,913,0.00913,1783,0.01783
-3,28,5,100000,748,0.00748,1462,0.01462
-3,29,0,100000,755,0.00755,1425,0.01425
-3,29,1,100000,793,0.00793,1483,0.01483
-3,29,2,100000,878,0.00878,1652,0.01652
-3,29,3,100000,913,0.00913,1738,0.01738
-3,29,4,100000,843,0.00843,1688,0.01688
-3,29,5,100000,766,0.00766,1413,0.01413
-3,30,0,100000,695,0.00695,1340,0.0134
-3,30,1,100000,751,0.00751,1447,0.01447
-3,30,2,100000,819,0.00819,1651,0.01651
-3,30,3,100000,1031,0.01031,1866,0.01866
-3,30,4,100000,905,0.00905,1695,0.01695
-3,30,5,100000,820,0.0082,1466,0.01466
-3,31,0,100000,716,0.00716,1434,0.01434
-3,31,1,100000,783,0.00783,1409,0.01409
-3,31,2,100000,852,0.00852,1670,0.0167
-3,31,3,100000,933,0.00933,1759,0.01759
-3,31,4,100000,851,0.00851,1711,0.01711
-3,31,5,100000,804,0.00804,1430,0.0143
-3,32,0,100000,746,0.00746,1331,0.01331
-3,32,1,100000,811,0.00811,1464,0.01464
-3,32,2,100000,964,0.00964,1708,0.01708
-3,32,3,100000,936,0.00936,1767,0.01767
-3,32,4,100000,878,0.00878,1691,0.01691
-3,32,5,100000,825,0.00825,1519,0.01519
-3,33,0,100000,699,0.00699,1366,0.01366
-3,33,1,100000,847,0.00847,1538,0.01538
-3,33,2,100000,888,0.00888,1716,0.01716
-3,33,3,100000,921,0.00921,1847,0.01847
-3,33,4,100000,827,0.00827,1574,0.01574
-3,33,5,100000,780,0.0078,1491,0.01491
-3,34,0,100000,727,0.00727,1378,0.01378
-3,34,1,100000,730,0.0073,1489,0.01489
-3,34,2,100000,836,0.00836,1619,0.01619
-3,34,3,100000,1013,0.01013,1861,0.01861
-3,34,4,100000,876,0.00876,1647,0.01647
-3,34,5,100000,745,0.00745,1412,0.01412
-3,35,0,100000,709,0.00709,1383,0.01383
-3,35,1,100000,801,0.00801,1486,0.01486
-3,35,2,100000,895,0.00895,1705,0.01705
-3,35,3,100000,964,0.00964,1826,0.01826
-3,35,4,100000,854,0.00854,1677,0.01677
-3,35,5,100000,797,0.00797,1422,0.01422
-3,36,0,100000,740,0.0074,1394,0.01394
-3,36,1,100000,820,0.0082,1395,0.01395
-3,36,2,100000,867,0.00867,1679,0.01679
-3,36,3,100000,973,0.00973,1830,0.0183
-3,36,4,100000,865,0.00865,1697,0.01697
-3,36,5,100000,808,0.00808,1480,0.0148
-3,37,0,100000,734,0.00734,1402,0.01402
-3,37,1,100000,822,0.00822,1435,0.01435
-3,37,2,100000,929,0.00929,1697,0.01697
-3,37,3,100000,889,0.00889,1784,0.01784
-3,37,4,100000,859,0.00859,1624,0.01624
-3,37,5,100000,745,0.00745,1489,0.01489
-3,38,0,100000,709,0.00709,1361,0.01361
-3,38,1,100000,839,0.00839,1594,0.01594
-3,38,2,100000,908,0.00908,1744,0.01744
-3,38,3,100000,1018,0.01018,1881,0.01881
-3,38,4,100000,869,0.00869,1612,0.01612
-3,38,5,100000,782,0.00782,1401,0.01401
-3,39,0,100000,718,0.00718,1255,0.01255
-3,39,1,100000,1009,0.01009,1883,0.01883
-3,39,2,100000,1098,0.01098,1987,0.01987
-3,39,3,100000,937,0.00937,1651,0.01651
-3,39,4,100000,851,0.00851,1523,0.01523
-3,39,5,100000,809,0.00809,1440,0.0144
-3,40,0,100000,406,0.00406,736,0.00736
-3,40,1,100000,601,0.00601,1096,0.01096
-3,40,2,100000,619,0.00619,1109,0.01109
-3,40,3,100000,494,0.00494,866,0.00866
-3,40,4,100000,547,0.00547,945,0.00945
-3,40,5,100000,411,0.00411,816,0.00816
-3,41,0,100000,88,0.00088,200,0.002
-3,41,1,100000,166,0.00166,276,0.00276
-3,41,2,100000,127,0.00127,279,0.00279
-3,41,3,100000,104,0.00104,192,0.00192
-3,41,4,100000,61,0.00061,128,0.00128
-3,41,5,100000,49,0.00049,121,0.00121
-3,42,0,100000,50,0.0005,81,0.00081
-3,42,1,100000,33,0.00033,96,0.00096
-3,42,2,100000,39,0.00039,92,0.00092
-3,42,3,100000,46,0.00046,89,0.00089
-3,42,4,100000,34,0.00034,81,0.00081
-3,42,5,100000,26,0.00026,65,0.00065
-3,43,0,100000,41,0.00041,90,0.0009
-3,43,1,100000,52,0.00052,88,0.00088
-3,43,2,100000,27,0.00027,72,0.00072
-3,43,3,100000,44,0.00044,100,0.001
-3,43,4,100000,31,0.00031,74,0.00074
-3,43,5,100000,21,0.00021,81,0.00081
-3,44,0,100000,25,0.00025,78,0.00078
-3,44,1,100000,32,0.00032,91,0.00091
-3,44,2,100000,19,0.00019,92,0.00092
-3,44,3,100000,39,0.00039,71,0.00071
-3,44,4,100000,32,0.00032,76,0.00076
-3,44,5,100000,16,0.00016,64,0.00064
-3,45,0,100000,35,0.00035,88,0.00088
-3,45,1,100000,28,0.00028,82,0.00082
-3,45,2,100000,24,0.00024,84,0.00084
-3,45,3,100000,19,0.00019,69,0.00069
-3,45,4,100000,21,0.00021,80,0.0008
-3,45,5,100000,66,0.00066,91,0.00091
-3,46,0,100000,33,0.00033,79,0.00079
-3,46,1,100000,34,0.00034,69,0.00069
-3,46,2,100000,16,0.00016,58,0.00058
-3,46,3,100000,34,0.00034,78,0.00078
-3,46,4,100000,35,0.00035,81,0.00081
-3,46,5,100000,24,0.00024,58,0.00058
-3,47,0,100000,37,0.00037,71,0.00071
-3,47,1,100000,26,0.00026,79,0.00079
-3,47,2,100000,28,0.00028,85,0.00085
-3,47,3,100000,45,0.00045,79,0.00079
-3,47,4,100000,23,0.00023,78,0.00078
-3,47,5,100000,39,0.00039,92,0.00092
-3,48,0,100000,29,0.00029,60,0.0006
-3,48,1,100000,31,0.00031,77,0.00077
-3,48,2,100000,24,0.00024,67,0.00067
-3,48,3,100000,26,0.00026,66,0.00066
-3,48,4,100000,37,0.00037,86,0.00086
-3,48,5,100000,30,0.0003,70,0.0007
-3,49,0,100000,41,0.00041,68,0.00068
-3,49,1,100000,39,0.00039,70,0.0007
-3,49,2,100000,50,0.0005,88,0.00088
-3,49,3,100000,25,0.00025,76,0.00076
-3,49,4,100000,24,0.00024,62,0.00062
-3,49,5,100000,41,0.00041,60,0.0006
-3,50,0,100000,29,0.00029,70,0.0007
-3,50,1,100000,36,0.00036,86,0.00086
-3,50,2,100000,48,0.00048,82,0.00082
-3,50,3,100000,53,0.00053,67,0.00067
-3,50,4,100000,37,0.00037,85,0.00085
-3,50,5,100000,34,0.00034,83,0.00083
-2,-50,0,100000,33,0.00033,86,0.00086
-2,-50,1,100000,24,0.00024,80,0.0008
-2,-50,2,100000,14,0.00014,68,0.00068
-2,-50,3,100000,31,0.00031,72,0.00072
-2,-50,4,100000,22,0.00022,69,0.00069
-2,-50,5,100000,35,0.00035,88,0.00088
-2,-49,0,100000,26,0.00026,80,0.0008
-2,-49,1,100000,54,0.00054,77,0.00077
-2,-49,2,100000,17,0.00017,61,0.00061
-2,-49,3,100000,26,0.00026,68,0.00068
-2,-49,4,100000,39,0.00039,89,0.00089
-2,-49,5,100000,34,0.00034,85,0.00085
-2,-48,0,100000,24,0.00024,72,0.00072
-2,-48,1,100000,19,0.00019,70,0.0007
-2,-48,2,100000,28,0.00028,71,0.00071
-2,-48,3,100000,34,0.00034,75,0.00075
-2,-48,4,100000,21,0.00021,78,0.00078
-2,-48,5,100000,22,0.00022,76,0.00076
-2,-47,0,100000,49,0.00049,85,0.00085
-2,-47,1,100000,22,0.00022,87,0.00087
-2,-47,2,100000,20,0.0002,79,0.00079
-2,-47,3,100000,35,0.00035,81,0.00081
-2,-47,4,100000,33,0.00033,66,0.00066
-2,-47,5,100000,33,0.00033,64,0.00064
-2,-46,0,100000,39,0.00039,65,0.00065
-2,-46,1,100000,26,0.00026,72,0.00072
-2,-46,2,100000,44,0.00044,78,0.00078
-2,-46,3,100000,37,0.00037,65,0.00065
-2,-46,4,100000,44,0.00044,69,0.00069
-2,-46,5,100000,19,0.00019,69,0.00069
-2,-45,0,100000,38,0.00038,68,0.00068
-2,-45,1,100000,32,0.00032,78,0.00078
-2,-45,2,100000,41,0.00041,97,0.00097
-2,-45,3,100000,24,0.00024,85,0.00085
-2,-45,4,100000,35,0.00035,77,0.00077
-2,-45,5,100000,36,0.00036,91,0.00091
-2,-44,0,100000,30,0.0003,92,0.00092
-2,-44,1,100000,31,0.00031,61,0.00061
-2,-44,2,100000,25,0.00025,68,0.00068
-2,-44,3,100000,23,0.00023,67,0.00067
-2,-44,4,100000,52,0.00052,84,0.00084
-2,-44,5,100000,38,0.00038,80,0.0008
-2,-43,0,100000,56,0.00056,84,0.00084
-2,-43,1,100000,37,0.00037,76,0.00076
-2,-43,2,100000,49,0.00049,81,0.00081
-2,-43,3,100000,37,0.00037,86,0.00086
-2,-43,4,100000,26,0.00026,92,0.00092
-2,-43,5,100000,36,0.00036,89,0.00089
-2,-42,0,100000,51,0.00051,85,0.00085
-2,-42,1,100000,36,0.00036,85,0.00085
-2,-42,2,100000,63,0.00063,99,0.00099
-2,-42,3,100000,49,0.00049,94,0.00094
-2,-42,4,100000,32,0.00032,80,0.0008
-2,-42,5,100000,36,0.00036,90,0.0009
-2,-41,0,100000,125,0.00125,211,0.00211
-2,-41,1,100000,96,0.00096,146,0.00146
-2,-41,2,100000,48,0.00048,128,0.00128
-2,-41,3,100000,97,0.00097,191,0.00191
-2,-41,4,100000,152,0.00152,299,0.00299
-2,-41,5,100000,148,0.00148,276,0.00276
-2,-40,0,100000,425,0.00425,738,0.00738
-2,-40,1,100000,454,0.00454,837,0.00837
-2,-40,2,100000,487,0.00487,860,0.0086
-2,-40,3,100000,450,0.0045,898,0.00898
-2,-40,4,100000,706,0.00706,1215,0.01215
-2,-40,5,100000,652,0.00652,1111,0.01111
-2,-39,0,100000,775,0.00775,1381,0.01381
-2,-39,1,100000,787,0.00787,1437,0.01437
-2,-39,2,100000,795,0.00795,1577,0.01577
-2,-39,3,100000,805,0.00805,1551,0.01551
-2,-39,4,100000,1060,0.0106,1999,0.01999
-2,-39,5,100000,1020,0.0102,1945,0.01945
-2,-38,0,100000,772,0.00772,1437,0.01437
-2,-38,1,100000,774,0.00774,1474,0.01474
-2,-38,2,100000,889,0.00889,1668,0.01668
-2,-38,3,100000,914,0.00914,1727,0.01727
-2,-38,4,100000,910,0.0091,1744,0.01744
-2,-38,5,100000,819,0.00819,1574,0.01574
-2,-37,0,100000,775,0.00775,1494,0.01494
-2,-37,1,100000,802,0.00802,1478,0.01478
-2,-37,2,100000,909,0.00909,1659,0.01659
-2,-37,3,100000,933,0.00933,1728,0.01728
-2,-37,4,100000,783,0.00783,1612,0.01612
-2,-37,5,100000,841,0.00841,1486,0.01486
-2,-36,0,100000,768,0.00768,1522,0.01522
-2,-36,1,100000,847,0.00847,1509,0.01509
-2,-36,2,100000,867,0.00867,1659,0.01659
-2,-36,3,100000,862,0.00862,1756,0.01756
-2,-36,4,100000,868,0.00868,1681,0.01681
-2,-36,5,100000,838,0.00838,1550,0.0155
-2,-35,0,100000,766,0.00766,1438,0.01438
-2,-35,1,100000,786,0.00786,1507,0.01507
-2,-35,2,100000,811,0.00811,1667,0.01667
-2,-35,3,100000,839,0.00839,1796,0.01796
-2,-35,4,100000,854,0.00854,1543,0.01543
-2,-35,5,100000,800,0.008,1434,0.01434
-2,-34,0,100000,712,0.00712,1446,0.01446
-2,-34,1,100000,854,0.00854,1479,0.01479
-2,-34,2,100000,876,0.00876,1680,0.0168
-2,-34,3,100000,978,0.00978,1831,0.01831
-2,-34,4,100000,918,0.00918,1660,0.0166
-2,-34,5,100000,847,0.00847,1562,0.01562
-2,-33,0,100000,770,0.0077,1505,0.01505
-2,-33,1,100000,782,0.00782,1499,0.01499
-2,-33,2,100000,921,0.00921,1733,0.01733
-2,-33,3,100000,975,0.00975,1819,0.01819
-2,-33,4,100000,891,0.00891,1718,0.01718
-2,-33,5,100000,771,0.00771,1512,0.01512
-2,-32,0,100000,773,0.00773,1502,0.01502
-2,-32,1,100000,754,0.00754,1450,0.0145
-2,-32,2,100000,941,0.00941,1670,0.0167
-2,-32,3,100000,945,0.00945,1822,0.01822
-2,-32,4,100000,830,0.0083,1626,0.01626
-2,-32,5,100000,820,0.0082,1516,0.01516
-2,-31,0,100000,840,0.0084,1500,0.015
-2,-31,1,100000,871,0.00871,1590,0.0159
-2,-31,2,100000,871,0.00871,1682,0.01682
-2,-31,3,100000,917,0.00917,1668,0.01668
-2,-31,4,100000,846,0.00846,1657,0.01657
-2,-31,5,100000,803,0.00803,1516,0.01516
-2,-30,0,100000,842,0.00842,1591,0.01591
-2,-30,1,100000,776,0.00776,1498,0.01498
-2,-30,2,100000,878,0.00878,1692,0.01692
-2,-30,3,100000,912,0.00912,1707,0.01707
-2,-30,4,100000,882,0.00882,1698,0.01698
-2,-30,5,100000,807,0.00807,1535,0.01535
-2,-29,0,100000,772,0.00772,1450,0.0145
-2,-29,1,100000,811,0.00811,1456,0.01456
-2,-29,2,100000,871,0.00871,1588,0.01588
-2,-29,3,100000,972,0.00972,1777,0.01777
-2,-29,4,100000,923,0.00923,1594,0.01594
-2,-29,5,100000,750,0.0075,1477,0.01477
-2,-28,0,100000,778,0.00778,1443,0.01443
-2,-28,1,100000,758,0.00758,1504,0.01504
-2,-28,2,100000,859,0.00859,1672,0.01672
-2,-28,3,100000,939,0.00939,1743,0.01743
-2,-28,4,100000,843,0.00843,1713,0.01713
-2,-28,5,100000,828,0.00828,1570,0.0157
-2,-27,0,100000,709,0.00709,1409,0.01409
-2,-27,1,100000,798,0.00798,1480,0.0148
-2,-27,2,100000,886,0.00886,1682,0.01682
-2,-27,3,100000,936,0.00936,1731,0.01731
-2,-27,4,100000,929,0.00929,1692,0.01692
-2,-27,5,100000,805,0.00805,1470,0.0147
-2,-26,0,100000,781,0.00781,1419,0.01419
-2,-26,1,100000,795,0.00795,1482,0.01482
-2,-26,2,100000,910,0.0091,1683,0.01683
-2,-26,3,100000,920,0.0092,1773,0.01773
-2,-26,4,100000,783,0.00783,1624,0.01624
-2,-26,5,100000,817,0.00817,1537,0.01537
-2,-25,0,100000,812,0.00812,1486,0.01486
-2,-25,1,100000,816,0.00816,1526,0.01526
-2,-25,2,100000,878,0.00878,1576,0.01576
-2,-25,3,100000,1000,0.01,1799,0.01799
-2,-25,4,100000,816,0.00816,1624,0.01624
-2,-25,5,100000,792,0.00792,1498,0.01498
-2,-24,0,100000,830,0.0083,1550,0.0155
-2,-24,1,100000,870,0.0087,1537,0.01537
-2,-24,2,100000,852,0.00852,1651,0.01651
-2,-24,3,100000,873,0.00873,1723,0.01723
-2,-24,4,100000,863,0.00863,1665,0.01665
-2,-24,5,100000,771,0.00771,1490,0.0149
-2,-23,0,100000,753,0.00753,1499,0.01499
-2,-23,1,100000,755,0.00755,1496,0.01496
-2,-23,2,100000,854,0.00854,1652,0.01652
-2,-23,3,100000,939,0.00939,1790,0.0179
-2,-23,4,100000,845,0.00845,1680,0.0168
-2,-23,5,100000,842,0.00842,1529,0.01529
-2,-22,0,100000,797,0.00797,1527,0.01527
-2,-22,1,100000,809,0.00809,1483,0.01483
-2,-22,2,100000,796,0.00796,1622,0.01622
-2,-22,3,100000,896,0.00896,1762,0.01762
-2,-22,4,100000,868,0.00868,1667,0.01667
-2,-22,5,100000,798,0.00798,1473,0.01473
-2,-21,0,100000,770,0.0077,1468,0.01468
-2,-21,1,100000,769,0.00769,1503,0.01503
-2,-21,2,100000,907,0.00907,1662,0.01662
-2,-21,3,100000,893,0.00893,1788,0.01788
-2,-21,4,100000,848,0.00848,1618,0.01618
-2,-21,5,100000,807,0.00807,1504,0.01504
-2,-20,0,100000,803,0.00803,1539,0.01539
-2,-20,1,100000,854,0.00854,1538,0.01538
-2,-20,2,100000,933,0.00933,1719,0.01719
-2,-20,3,100000,939,0.00939,1792,0.01792
-2,-20,4,100000,855,0.00855,1694,0.01694
-2,-20,5,100000,811,0.00811,1486,0.01486
-2,-19,0,100000,748,0.00748,1431,0.01431
-2,-19,1,100000,858,0.00858,1563,0.01563
-2,-19,2,100000,961,0.00961,1799,0.01799
-2,-19,3,100000,990,0.0099,1802,0.01802
-2,-19,4,100000,917,0.00917,1631,0.01631
-2,-19,5,100000,800,0.008,1533,0.01533
-2,-18,0,100000,758,0.00758,1514,0.01514
-2,-18,1,100000,808,0.00808,1528,0.01528
-2,-18,2,100000,802,0.00802,1613,0.01613
-2,-18,3,100000,895,0.00895,1754,0.01754
-2,-18,4,100000,897,0.00897,1681,0.01681
-2,-18,5,100000,833,0.00833,1484,0.01484
-2,-17,0,100000,778,0.00778,1442,0.01442
-2,-17,1,100000,836,0.00836,1589,0.01589
-2,-17,2,100000,829,0.00829,1620,0.0162
-2,-17,3,100000,894,0.00894,1812,0.01812
-2,-17,4,100000,898,0.00898,1730,0.0173
-2,-17,5,100000,771,0.00771,1485,0.01485
-2,-16,0,100000,824,0.00824,1551,0.01551
-2,-16,1,100000,823,0.00823,1503,0.01503
-2,-16,2,100000,827,0.00827,1657,0.01657
-2,-16,3,100000,907,0.00907,1799,0.01799
-2,-16,4,100000,896,0.00896,1662,0.01662
-2,-16,5,100000,763,0.00763,1465,0.01465
-2,-15,0,100000,777,0.00777,1490,0.0149
-2,-15,1,100000,797,0.00797,1460,0.0146
-2,-15,2,100000,900,0.009,1720,0.0172
-2,-15,3,100000,934,0.00934,1790,0.0179
-2,-15,4,100000,928,0.00928,1763,0.01763
-2,-15,5,100000,790,0.0079,1469,0.01469
-2,-14,0,100000,841,0.00841,1519,0.01519
-2,-14,1,100000,805,0.00805,1503,0.01503
-2,-14,2,100000,865,0.00865,1643,0.01643
-2,-14,3,100000,954,0.00954,1852,0.01852
-2,-14,4,100000,964,0.00964,1713,0.01713
-2,-14,5,100000,840,0.0084,1480,0.0148
-2,-13,0,100000,792,0.00792,1533,0.01533
-2,-13,1,100000,842,0.00842,1580,0.0158
-2,-13,2,100000,845,0.00845,1693,0.01693
-2,-13,3,100000,897,0.00897,1734,0.01734
-2,-13,4,100000,849,0.00849,1652,0.01652
-2,-13,5,100000,833,0.00833,1496,0.01496
-2,-12,0,100000,790,0.0079,1518,0.01518
-2,-12,1,100000,832,0.00832,1552,0.01552
-2,-12,2,100000,884,0.00884,1705,0.01705
-2,-12,3,100000,916,0.00916,1681,0.01681
-2,-12,4,100000,869,0.00869,1600,0.016
-2,-12,5,100000,756,0.00756,1485,0.01485
-2,-11,0,100000,818,0.00818,1502,0.01502
-2,-11,1,100000,810,0.0081,1517,0.01517
-2,-11,2,100000,876,0.00876,1682,0.01682
-2,-11,3,100000,935,0.00935,1829,0.01829
-2,-11,4,100000,875,0.00875,1616,0.01616
-2,-11,5,100000,820,0.0082,1484,0.01484
-2,-10,0,100000,831,0.00831,1484,0.01484
-2,-10,1,100000,801,0.00801,1530,0.0153
-2,-10,2,100000,995,0.00995,1700,0.017
-2,-10,3,100000,905,0.00905,1663,0.01663
-2,-10,4,100000,865,0.00865,1618,0.01618
-2,-10,5,100000,836,0.00836,1512,0.01512
-2,-9,0,100000,746,0.00746,1455,0.01455
-2,-9,1,100000,770,0.0077,1495,0.01495
-2,-9,2,100000,871,0.00871,1750,0.0175
-2,-9,3,100000,921,0.00921,1743,0.01743
-2,-9,4,100000,854,0.00854,1616,0.01616
-2,-9,5,100000,805,0.00805,1475,0.01475
-2,-8,0,100000,851,0.00851,1550,0.0155
-2,-8,1,100000,835,0.00835,1503,0.01503
-2,-8,2,100000,885,0.00885,1705,0.01705
-2,-8,3,100000,976,0.00976,1793,0.01793
-2,-8,4,100000,862,0.00862,1672,0.01672
-2,-8,5,100000,803,0.00803,1515,0.01515
-2,-7,0,100000,800,0.008,1498,0.01498
-2,-7,1,100000,800,0.008,1525,0.01525
-2,-7,2,100000,828,0.00828,1625,0.01625
-2,-7,3,100000,891,0.00891,1740,0.0174
-2,-7,4,100000,822,0.00822,1625,0.01625
-2,-7,5,100000,855,0.00855,1560,0.0156
-2,-6,0,100000,818,0.00818,1512,0.01512
-2,-6,1,100000,752,0.00752,1474,0.01474
-2,-6,2,100000,844,0.00844,1699,0.01699
-2,-6,3,100000,898,0.00898,1790,0.0179
-2,-6,4,100000,885,0.00885,1702,0.01702
-2,-6,5,100000,808,0.00808,1492,0.01492
-2,-5,0,100000,768,0.00768,1468,0.01468
-2,-5,1,100000,849,0.00849,1553,0.01553
-2,-5,2,100000,894,0.00894,1625,0.01625
-2,-5,3,100000,939,0.00939,1736,0.01736
-2,-5,4,100000,827,0.00827,1639,0.01639
-2,-5,5,100000,877,0.00877,1538,0.01538
-2,-4,0,100000,738,0.00738,1443,0.01443
-2,-4,1,100000,820,0.0082,1521,0.01521
-2,-4,2,100000,906,0.00906,1655,0.01655
-2,-4,3,100000,902,0.00902,1705,0.01705
-2,-4,4,100000,904,0.00904,1640,0.0164
-2,-4,5,100000,814,0.00814,1537,0.01537
-2,-3,0,100000,810,0.0081,1466,0.01466
-2,-3,1,100000,861,0.00861,1557,0.01557
-2,-3,2,100000,897,0.00897,1683,0.01683
-2,-3,3,100000,902,0.00902,1745,0.01745
-2,-3,4,100000,912,0.00912,1687,0.01687
-2,-3,5,100000,827,0.00827,1538,0.01538
-2,-2,0,100000,772,0.00772,1435,0.01435
-2,-2,1,100000,762,0.00762,1475,0.01475
-2,-2,2,100000,894,0.00894,1657,0.01657
-2,-2,3,100000,941,0.00941,1775,0.01775
-2,-2,4,100000,851,0.00851,1599,0.01599
-2,-2,5,100000,799,0.00799,1506,0.01506
-2,-1,0,100000,759,0.00759,1456,0.01456
-2,-1,1,100000,807,0.00807,1582,0.01582
-2,-1,2,100000,839,0.00839,1599,0.01599
-2,-1,3,100000,897,0.00897,1755,0.01755
-2,-1,4,100000,874,0.00874,1649,0.01649
-2,-1,5,100000,822,0.00822,1498,0.01498
-2,0,0,100000,844,0.00844,1541,0.01541
-2,0,1,100000,797,0.00797,1504,0.01504
-2,0,2,100000,819,0.00819,1623,0.01623
-2,0,3,100000,967,0.00967,1781,0.01781
-2,0,4,100000,837,0.00837,1653,0.01653
-2,0,5,100000,788,0.00788,1510,0.0151
-2,1,0,100000,755,0.00755,1565,0.01565
-2,1,1,100000,812,0.00812,1484,0.01484
-2,1,2,100000,939,0.00939,1716,0.01716
-2,1,3,100000,848,0.00848,1715,0.01715
-2,1,4,100000,902,0.00902,1735,0.01735
-2,1,5,100000,798,0.00798,1521,0.01521
-2,2,0,100000,802,0.00802,1472,0.01472
-2,2,1,100000,813,0.00813,1555,0.01555
-2,2,2,100000,820,0.0082,1597,0.01597
-2,2,3,100000,902,0.00902,1798,0.01798
-2,2,4,100000,856,0.00856,1604,0.01604
-2,2,5,100000,879,0.00879,1594,0.01594
-2,3,0,100000,813,0.00813,1567,0.01567
-2,3,1,100000,875,0.00875,1585,0.01585
-2,3,2,100000,841,0.00841,1644,0.01644
-2,3,3,100000,951,0.00951,1806,0.01806
-2,3,4,100000,889,0.00889,1665,0.01665
-2,3,5,100000,815,0.00815,1503,0.01503
-2,4,0,100000,800,0.008,1523,0.01523
-2,4,1,100000,800,0.008,1520,0.0152
-2,4,2,100000,921,0.00921,1633,0.01633
-2,4,3,100000,959,0.00959,1857,0.01857
-2,4,4,100000,885,0.00885,1650,0.0165
-2,4,5,100000,833,0.00833,1491,0.01491
-2,5,0,100000,779,0.00779,1454,0.01454
-2,5,1,100000,812,0.00812,1552,0.01552
-2,5,2,100000,896,0.00896,1689,0.01689
-2,5,3,100000,893,0.00893,1750,0.0175
-2,5,4,100000,902,0.00902,1697,0.01697
-2,5,5,100000,746,0.00746,1462,0.01462
-2,6,0,100000,853,0.00853,1494,0.01494
-2,6,1,100000,819,0.00819,1503,0.01503
-2,6,2,100000,909,0.00909,1691,0.01691
-2,6,3,100000,898,0.00898,1761,0.01761
-2,6,4,100000,870,0.0087,1639,0.01639
-2,6,5,100000,796,0.00796,1507,0.01507
-2,7,0,100000,777,0.00777,1504,0.01504
-2,7,1,100000,779,0.00779,1522,0.01522
-2,7,2,100000,881,0.00881,1683,0.01683
-2,7,3,100000,936,0.00936,1719,0.01719
-2,7,4,100000,911,0.00911,1673,0.01673
-2,7,5,100000,796,0.00796,1531,0.01531
-2,8,0,100000,787,0.00787,1487,0.01487
-2,8,1,100000,772,0.00772,1488,0.01488
-2,8,2,100000,904,0.00904,1716,0.01716
-2,8,3,100000,902,0.00902,1732,0.01732
-2,8,4,100000,829,0.00829,1690,0.0169
-2,8,5,100000,770,0.0077,1492,0.01492
-2,9,0,100000,738,0.00738,1498,0.01498
-2,9,1,100000,786,0.00786,1472,0.01472
-2,9,2,100000,926,0.00926,1742,0.01742
-2,9,3,100000,946,0.00946,1772,0.01772
-2,9,4,100000,854,0.00854,1647,0.01647
-2,9,5,100000,820,0.0082,1537,0.01537
-2,10,0,100000,893,0.00893,1543,0.01543
-2,10,1,100000,792,0.00792,1499,0.01499
-2,10,2,100000,851,0.00851,1680,0.0168
-2,10,3,100000,990,0.0099,1777,0.01777
-2,10,4,100000,851,0.00851,1616,0.01616
-2,10,5,100000,811,0.00811,1492,0.01492
-2,11,0,100000,724,0.00724,1424,0.01424
-2,11,1,100000,756,0.00756,1526,0.01526
-2,11,2,100000,843,0.00843,1677,0.01677
-2,11,3,100000,911,0.00911,1767,0.01767
-2,11,4,100000,959,0.00959,1718,0.01718
-2,11,5,100000,829,0.00829,1493,0.01493
-2,12,0,100000,771,0.00771,1469,0.01469
-2,12,1,100000,741,0.00741,1549,0.01549
-2,12,2,100000,947,0.00947,1763,0.01763
-2,12,3,100000,900,0.009,1766,0.01766
-2,12,4,100000,917,0.00917,1658,0.01658
-2,12,5,100000,770,0.0077,1524,0.01524
-2,13,0,100000,826,0.00826,1464,0.01464
-2,13,1,100000,799,0.00799,1558,0.01558
-2,13,2,100000,841,0.00841,1666,0.01666
-2,13,3,100000,972,0.00972,1782,0.01782
-2,13,4,100000,876,0.00876,1687,0.01687
-2,13,5,100000,767,0.00767,1441,0.01441
-2,14,0,100000,742,0.00742,1464,0.01464
-2,14,1,100000,735,0.00735,1464,0.01464
-2,14,2,100000,908,0.00908,1777,0.01777
-2,14,3,100000,955,0.00955,1759,0.01759
-2,14,4,100000,838,0.00838,1634,0.01634
-2,14,5,100000,843,0.00843,1529,0.01529
-2,15,0,100000,778,0.00778,1479,0.01479
-2,15,1,100000,787,0.00787,1496,0.01496
-2,15,2,100000,837,0.00837,1602,0.01602
-2,15,3,100000,955,0.00955,1756,0.01756
-2,15,4,100000,888,0.00888,1690,0.0169
-2,15,5,100000,823,0.00823,1520,0.0152
-2,16,0,100000,825,0.00825,1518,0.01518
-2,16,1,100000,755,0.00755,1476,0.01476
-2,16,2,100000,834,0.00834,1643,0.01643
-2,16,3,100000,904,0.00904,1747,0.01747
-2,16,4,100000,902,0.00902,1647,0.01647
-2,16,5,100000,809,0.00809,1475,0.01475
-2,17,0,100000,710,0.0071,1409,0.01409
-2,17,1,100000,845,0.00845,1546,0.01546
-2,17,2,100000,909,0.00909,1717,0.01717
-2,17,3,100000,886,0.00886,1686,0.01686
-2,17,4,100000,838,0.00838,1589,0.01589
-2,17,5,100000,798,0.00798,1589,0.01589
-2,18,0,100000,809,0.00809,1562,0.01562
-2,18,1,100000,840,0.0084,1502,0.01502
-2,18,2,100000,867,0.00867,1697,0.01697
-2,18,3,100000,936,0.00936,1778,0.01778
-2,18,4,100000,902,0.00902,1734,0.01734
-2,18,5,100000,856,0.00856,1545,0.01545
-2,19,0,100000,839,0.00839,1520,0.0152
-2,19,1,100000,757,0.00757,1463,0.01463
-2,19,2,100000,852,0.00852,1660,0.0166
-2,19,3,100000,935,0.00935,1736,0.01736
-2,19,4,100000,865,0.00865,1660,0.0166
-2,19,5,100000,766,0.00766,1531,0.01531
-2,20,0,100000,811,0.00811,1521,0.01521
-2,20,1,100000,839,0.00839,1520,0.0152
-2,20,2,100000,911,0.00911,1633,0.01633
-2,20,3,100000,928,0.00928,1754,0.01754
-2,20,4,100000,873,0.00873,1684,0.01684
-2,20,5,100000,751,0.00751,1481,0.01481
-2,21,0,100000,756,0.00756,1470,0.0147
-2,21,1,100000,836,0.00836,1507,0.01507
-2,21,2,100000,804,0.00804,1633,0.01633
-2,21,3,100000,892,0.00892,1780,0.0178
-2,21,4,100000,897,0.00897,1706,0.01706
-2,21,5,100000,790,0.0079,1501,0.01501
-2,22,0,100000,781,0.00781,1474,0.01474
-2,22,1,100000,820,0.0082,1478,0.01478
-2,22,2,100000,864,0.00864,1655,0.01655
-2,22,3,100000,962,0.00962,1831,0.01831
-2,22,4,100000,814,0.00814,1589,0.01589
-2,22,5,100000,774,0.00774,1477,0.01477
-2,23,0,100000,738,0.00738,1490,0.0149
-2,23,1,100000,747,0.00747,1483,0.01483
-2,23,2,100000,907,0.00907,1714,0.01714
-2,23,3,100000,993,0.00993,1837,0.01837
-2,23,4,100000,878,0.00878,1653,0.01653
-2,23,5,100000,809,0.00809,1508,0.01508
-2,24,0,100000,752,0.00752,1439,0.01439
-2,24,1,100000,798,0.00798,1538,0.01538
-2,24,2,100000,853,0.00853,1621,0.01621
-2,24,3,100000,924,0.00924,1730,0.0173
-2,24,4,100000,871,0.00871,1666,0.01666
-2,24,5,100000,829,0.00829,1551,0.01551
-2,25,0,100000,795,0.00795,1458,0.01458
-2,25,1,100000,834,0.00834,1553,0.01553
-2,25,2,100000,914,0.00914,1679,0.01679
-2,25,3,100000,926,0.00926,1820,0.0182
-2,25,4,100000,863,0.00863,1627,0.01627
-2,25,5,100000,813,0.00813,1544,0.01544
-2,26,0,100000,784,0.00784,1436,0.01436
-2,26,1,100000,815,0.00815,1516,0.01516
-2,26,2,100000,878,0.00878,1675,0.01675
-2,26,3,100000,890,0.0089,1754,0.01754
-2,26,4,100000,853,0.00853,1641,0.01641
-2,26,5,100000,826,0.00826,1555,0.01555
-2,27,0,100000,784,0.00784,1471,0.01471
-2,27,1,100000,785,0.00785,1521,0.01521
-2,27,2,100000,897,0.00897,1677,0.01677
-2,27,3,100000,908,0.00908,1872,0.01872
-2,27,4,100000,895,0.00895,1710,0.0171
-2,27,5,100000,812,0.00812,1513,0.01513
-2,28,0,100000,810,0.0081,1525,0.01525
-2,28,1,100000,775,0.00775,1488,0.01488
-2,28,2,100000,837,0.00837,1663,0.01663
-2,28,3,100000,955,0.00955,1838,0.01838
-2,28,4,100000,850,0.0085,1640,0.0164
-2,28,5,100000,811,0.00811,1492,0.01492
-2,29,0,100000,784,0.00784,1483,0.01483
-2,29,1,100000,814,0.00814,1500,0.015
-2,29,2,100000,824,0.00824,1662,0.01662
-2,29,3,100000,953,0.00953,1854,0.01854
-2,29,4,100000,932,0.00932,1673,0.01673
-2,29,5,100000,779,0.00779,1499,0.01499
-2,30,0,100000,802,0.00802,1474,0.01474
-2,30,1,100000,807,0.00807,1529,0.01529
-2,30,2,100000,831,0.00831,1635,0.01635
-2,30,3,100000,914,0.00914,1768,0.01768
-2,30,4,100000,859,0.00859,1637,0.01637
-2,30,5,100000,779,0.00779,1515,0.01515
-2,31,0,100000,808,0.00808,1535,0.01535
-2,31,1,100000,775,0.00775,1469,0.01469
-2,31,2,100000,791,0.00791,1671,0.01671
-2,31,3,100000,911,0.00911,1731,0.01731
-2,31,4,100000,906,0.00906,1698,0.01698
-2,31,5,100000,768,0.00768,1553,0.01553
-2,32,0,100000,760,0.0076,1481,0.01481
-2,32,1,100000,767,0.00767,1471,0.01471
-2,32,2,100000,860,0.0086,1637,0.01637
-2,32,3,100000,902,0.00902,1710,0.0171
-2,32,4,100000,912,0.00912,1708,0.01708
-2,32,5,100000,824,0.00824,1501,0.01501
-2,33,0,100000,856,0.00856,1547,0.01547
-2,33,1,100000,821,0.00821,1504,0.01504
-2,33,2,100000,893,0.00893,1721,0.01721
-2,33,3,100000,950,0.0095,1821,0.01821
-2,33,4,100000,851,0.00851,1636,0.01636
-2,33,5,100000,826,0.00826,1515,0.01515
-2,34,0,100000,775,0.00775,1467,0.01467
-2,34,1,100000,757,0.00757,1500,0.015
-2,34,2,100000,827,0.00827,1561,0.01561
-2,34,3,100000,929,0.00929,1784,0.01784
-2,34,4,100000,870,0.0087,1670,0.0167
-2,34,5,100000,845,0.00845,1517,0.01517
-2,35,0,100000,708,0.00708,1435,0.01435
-2,35,1,100000,766,0.00766,1504,0.01504
-2,35,2,100000,957,0.00957,1695,0.01695
-2,35,3,100000,930,0.0093,1780,0.0178
-2,35,4,100000,888,0.00888,1680,0.0168
-2,35,5,100000,793,0.00793,1504,0.01504
-2,36,0,100000,778,0.00778,1513,0.01513
-2,36,1,100000,796,0.00796,1519,0.01519
-2,36,2,100000,853,0.00853,1662,0.01662
-2,36,3,100000,925,0.00925,1820,0.0182
-2,36,4,100000,849,0.00849,1639,0.01639
-2,36,5,100000,809,0.00809,1535,0.01535
-2,37,0,100000,764,0.00764,1456,0.01456
-2,37,1,100000,827,0.00827,1533,0.01533
-2,37,2,100000,929,0.00929,1691,0.01691
-2,37,3,100000,976,0.00976,1769,0.01769
-2,37,4,100000,844,0.00844,1641,0.01641
-2,37,5,100000,818,0.00818,1544,0.01544
-2,38,0,100000,781,0.00781,1511,0.01511
-2,38,1,100000,754,0.00754,1581,0.01581
-2,38,2,100000,900,0.009,1762,0.01762
-2,38,3,100000,919,0.00919,1695,0.01695
-2,38,4,100000,874,0.00874,1661,0.01661
-2,38,5,100000,704,0.00704,1424,0.01424
-2,39,0,100000,798,0.00798,1456,0.01456
-2,39,1,100000,1077,0.01077,1964,0.01964
-2,39,2,100000,1022,0.01022,1957,0.01957
-2,39,3,100000,858,0.00858,1601,0.01601
-2,39,4,100000,829,0.00829,1552,0.01552
-2,39,5,100000,783,0.00783,1396,0.01396
-2,40,0,100000,426,0.00426,752,0.00752
-2,40,1,100000,638,0.00638,1140,0.0114
-2,40,2,100000,620,0.0062,1116,0.01116
-2,40,3,100000,493,0.00493,892,0.00892
-2,40,4,100000,493,0.00493,910,0.0091
-2,40,5,100000,454,0.00454,803,0.00803
-2,41,0,100000,108,0.00108,180,0.0018
-2,41,1,100000,153,0.00153,273,0.00273
-2,41,2,100000,136,0.00136,266,0.00266
-2,41,3,100000,122,0.00122,186,0.00186
-2,41,4,100000,75,0.00075,131,0.00131
-2,41,5,100000,62,0.00062,142,0.00142
-2,42,0,100000,32,0.00032,90,0.0009
-2,42,1,100000,26,0.00026,91,0.00091
-2,42,2,100000,59,0.00059,110,0.0011
-2,42,3,100000,32,0.00032,83,0.00083
-2,42,4,100000,11,0.00011,50,0.0005
-2,42,5,100000,49,0.00049,78,0.00078
-2,43,0,100000,52,0.00052,92,0.00092
-2,43,1,100000,60,0.0006,102,0.00102
-2,43,2,100000,36,0.00036,80,0.0008
-2,43,3,100000,44,0.00044,80,0.0008
-2,43,4,100000,56,0.00056,81,0.00081
-2,43,5,100000,44,0.00044,95,0.00095
-2,44,0,100000,43,0.00043,88,0.00088
-2,44,1,100000,28,0.00028,86,0.00086
-2,44,2,100000,38,0.00038,90,0.0009
-2,44,3,100000,42,0.00042,85,0.00085
-2,44,4,100000,30,0.0003,69,0.00069
-2,44,5,100000,32,0.00032,66,0.00066
-2,45,0,100000,34,0.00034,77,0.00077
-2,45,1,100000,26,0.00026,75,0.00075
-2,45,2,100000,26,0.00026,83,0.00083
-2,45,3,100000,41,0.00041,77,0.00077
-2,45,4,100000,48,0.00048,75,0.00075
-2,45,5,100000,19,0.00019,74,0.00074
-2,46,0,100000,24,0.00024,83,0.00083
-2,46,1,100000,20,0.0002,57,0.00057
-2,46,2,100000,32,0.00032,84,0.00084
-2,46,3,100000,31,0.00031,77,0.00077
-2,46,4,100000,26,0.00026,61,0.00061
-2,46,5,100000,28,0.00028,83,0.00083
-2,47,0,100000,34,0.00034,85,0.00085
-2,47,1,100000,13,0.00013,70,0.0007
-2,47,2,100000,33,0.00033,72,0.00072
-2,47,3,100000,28,0.00028,77,0.00077
-2,47,4,100000,32,0.00032,75,0.00075
-2,47,5,100000,29,0.00029,73,0.00073
-2,48,0,100000,23,0.00023,80,0.0008
-2,48,1,100000,34,0.00034,87,0.00087
-2,48,2,100000,17,0.00017,70,0.0007
-2,48,3,100000,43,0.00043,84,0.00084
-2,48,4,100000,32,0.00032,62,0.00062
-2,48,5,100000,30,0.0003,82,0.00082
-2,49,0,100000,20,0.0002,59,0.00059
-2,49,1,100000,44,0.00044,81,0.00081
-2,49,2,100000,46,0.00046,69,0.00069
-2,49,3,100000,41,0.00041,73,0.00073
-2,49,4,100000,20,0.0002,70,0.0007
-2,49,5,100000,36,0.00036,65,0.00065
-2,50,0,100000,30,0.0003,78,0.00078
-2,50,1,100000,57,0.00057,87,0.00087
-2,50,2,100000,37,0.00037,81,0.00081
-2,50,3,100000,23,0.00023,94,0.00094
-2,50,4,100000,32,0.00032,80,0.0008
-2,50,5,100000,29,0.00029,80,0.0008
-1,-50,0,100000,40,0.0004,87,0.00087
-1,-50,1,100000,38,0.00038,83,0.00083
-1,-50,2,100000,26,0.00026,73,0.00073
-1,-50,3,100000,23,0.00023,77,0.00077
-1,-50,4,100000,32,0.00032,79,0.00079
-1,-50,5,100000,35,0.00035,81,0.00081
-1,-49,0,100000,28,0.00028,77,0.00077
-1,-49,1,100000,24,0.00024,72,0.00072
-1,-49,2,100000,45,0.00045,90,0.0009
-1,-49,3,100000,31,0.00031,76,0.00076
-1,-49,4,100000,29,0.00029,71,0.00071
-1,-49,5,100000,30,0.0003,72,0.00072
-1,-48,0,100000,25,0.00025,75,0.00075
-1,-48,1,100000,23,0.00023,69,0.00069
-1,-48,2,100000,19,0.00019,66,0.00066
-1,-48,3,100000,14,0.00014,71,0.00071
-1,-48,4,100000,42,0.00042,99,0.00099
-1,-48,5,100000,63,0.00063,84,0.00084
-1,-47,0,100000,33,0.00033,76,0.00076
-1,-47,1,100000,21,0.00021,77,0.00077
-1,-47,2,100000,29,0.00029,73,0.00073
-1,-47,3,100000,29,0.00029,70,0.0007
-1,-47,4,100000,58,0.00058,82,0.00082
-1,-47,5,100000,23,0.00023,81,0.00081
-1,-46,0,100000,37,0.00037,67,0.00067
-1,-46,1,100000,34,0.00034,83,0.00083
-1,-46,2,100000,24,0.00024,84,0.00084
-1,-46,3,100000,35,0.00035,86,0.00086
-1,-46,4,100000,27,0.00027,90,0.0009
-1,-46,5,100000,38,0.00038,87,0.00087
-1,-45,0,100000,41,0.00041,90,0.0009
-1,-45,1,100000,63,0.00063,71,0.00071
-1,-45,2,100000,37,0.00037,87,0.00087
-1,-45,3,100000,30,0.0003,75,0.00075
-1,-45,4,100000,20,0.0002,69,0.00069
-1,-45,5,100000,28,0.00028,90,0.0009
-1,-44,0,100000,46,0.00046,90,0.0009
-1,-44,1,100000,25,0.00025,66,0.00066
-1,-44,2,100000,39,0.00039,72,0.00072
-1,-44,3,100000,31,0.00031,88,0.00088
-1,-44,4,100000,28,0.00028,82,0.00082
-1,-44,5,100000,51,0.00051,98,0.00098
-1,-43,0,100000,41,0.00041,84,0.00084
-1,-43,1,100000,49,0.00049,93,0.00093
-1,-43,2,100000,40,0.0004,90,0.0009
-1,-43,3,100000,29,0.00029,86,0.00086
-1,-43,4,100000,30,0.0003,87,0.00087
-1,-43,5,100000,27,0.00027,80,0.0008
-1,-42,0,100000,41,0.00041,82,0.00082
-1,-42,1,100000,29,0.00029,84,0.00084
-1,-42,2,100000,45,0.00045,109,0.00109
-1,-42,3,100000,57,0.00057,98,0.00098
-1,-42,4,100000,41,0.00041,83,0.00083
-1,-42,5,100000,42,0.00042,88,0.00088
-1,-41,0,100000,82,0.00082,181,0.00181
-1,-41,1,100000,59,0.00059,136,0.00136
-1,-41,2,100000,48,0.00048,114,0.00114
-1,-41,3,100000,88,0.00088,188,0.00188
-1,-41,4,100000,138,0.00138,285,0.00285
-1,-41,5,100000,155,0.00155,280,0.0028
-1,-40,0,100000,394,0.00394,782,0.00782
-1,-40,1,100000,502,0.00502,903,0.00903
-1,-40,2,100000,450,0.0045,871,0.00871
-1,-40,3,100000,440,0.0044,842,0.00842
-1,-40,4,100000,595,0.00595,1113,0.01113
-1,-40,5,100000,674,0.00674,1167,0.01167
-1,-39,0,100000,773,0.00773,1442,0.01442
-1,-39,1,100000,771,0.00771,1498,0.01498
-1,-39,2,100000,837,0.00837,1545,0.01545
-1,-39,3,100000,844,0.00844,1541,0.01541
-1,-39,4,100000,1103,0.01103,1973,0.01973
-1,-39,5,100000,1025,0.01025,1919,0.01919
-1,-38,0,100000,795,0.00795,1577,0.01577
-1,-38,1,100000,756,0.00756,1527,0.01527
-1,-38,2,100000,884,0.00884,1582,0.01582
-1,-38,3,100000,893,0.00893,1702,0.01702
-1,-38,4,100000,904,0.00904,1731,0.01731
-1,-38,5,100000,828,0.00828,1643,0.01643
-1,-37,0,100000,812,0.00812,1596,0.01596
-1,-37,1,100000,795,0.00795,1532,0.01532
-1,-37,2,100000,855,0.00855,1699,0.01699
-1,-37,3,100000,917,0.00917,1660,0.0166
-1,-37,4,100000,812,0.00812,1654,0.01654
-1,-37,5,100000,900,0.009,1668,0.01668
-1,-36,0,100000,883,0.00883,1579,0.01579
-1,-36,1,100000,784,0.00784,1554,0.01554
-1,-36,2,100000,820,0.0082,1587,0.01587
-1,-36,3,100000,905,0.00905,1654,0.01654
-1,-36,4,100000,846,0.00846,1623,0.01623
-1,-36,5,100000,846,0.00846,1556,0.01556
-1,-35,0,100000,820,0.0082,1613,0.01613
-1,-35,1,100000,730,0.0073,1533,0.01533
-1,-35,2,100000,825,0.00825,1544,0.01544
-1,-35,3,100000,912,0.00912,1730,0.0173
-1,-35,4,100000,859,0.00859,1682,0.01682
-1,-35,5,100000,824,0.00824,1549,0.01549
-1,-34,0,100000,776,0.00776,1558,0.01558
-1,-34,1,100000,862,0.00862,1575,0.01575
-1,-34,2,100000,907,0.00907,1654,0.01654
-1,-34,3,100000,907,0.00907,1712,0.01712
-1,-34,4,100000,897,0.00897,1655,0.01655
-1,-34,5,100000,801,0.00801,1539,0.01539
-1,-33,0,100000,811,0.00811,1577,0.01577
-1,-33,1,100000,839,0.00839,1597,0.01597
-1,-33,2,100000,838,0.00838,1667,0.01667
-1,-33,3,100000,893,0.00893,1721,0.01721
-1,-33,4,100000,874,0.00874,1605,0.01605
-1,-33,5,100000,795,0.00795,1568,0.01568
-1,-32,0,100000,852,0.00852,1548,0.01548
-1,-32,1,100000,808,0.00808,1500,0.015
-1,-32,2,100000,847,0.00847,1612,0.01612
-1,-32,3,100000,871,0.00871,1642,0.01642
-1,-32,4,100000,886,0.00886,1648,0.01648
-1,-32,5,100000,916,0.00916,1593,0.01593
-1,-31,0,100000,871,0.00871,1608,0.01608
-1,-31,1,100000,898,0.00898,1586,0.01586
-1,-31,2,100000,916,0.00916,1722,0.01722
-1,-31,3,100000,917,0.00917,1706,0.01706
-1,-31,4,100000,800,0.008,1589,0.01589
-1,-31,5,100000,779,0.00779,1521,0.01521
-1,-30,0,100000,798,0.00798,1554,0.01554
-1,-30,1,100000,801,0.00801,1515,0.01515
-1,-30,2,100000,852,0.00852,1635,0.01635
-1,-30,3,100000,833,0.00833,1682,0.01682
-1,-30,4,100000,825,0.00825,1634,0.01634
-1,-30,5,100000,798,0.00798,1483,0.01483
-1,-29,0,100000,869,0.00869,1561,0.01561
-1,-29,1,100000,855,0.00855,1493,0.01493
-1,-29,2,100000,857,0.00857,1637,0.01637
-1,-29,3,100000,833,0.00833,1684,0.01684
-1,-29,4,100000,853,0.00853,1573,0.01573
-1,-29,5,100000,854,0.00854,1621,0.01621
-1,-28,0,100000,810,0.0081,1550,0.0155
-1,-28,1,100000,766,0.00766,1521,0.01521
-1,-28,2,100000,854,0.00854,1613,0.01613
-1,-28,3,100000,920,0.0092,1707,0.01707
-1,-28,4,100000,867,0.00867,1652,0.01652
-1,-28,5,100000,768,0.00768,1511,0.01511
-1,-27,0,100000,765,0.00765,1547,0.01547
-1,-27,1,100000,798,0.00798,1665,0.01665
-1,-27,2,100000,848,0.00848,1630,0.0163
-1,-27,3,100000,870,0.0087,1746,0.01746
-1,-27,4,100000,853,0.00853,1665,0.01665
-1,-27,5,100000,816,0.00816,1497,0.01497
-1,-26,0,100000,819,0.00819,1553,0.01553
-1,-26,1,100000,860,0.0086,1589,0.01589
-1,-26,2,100000,851,0.00851,1669,0.01669
-1,-26,3,100000,918,0.00918,1762,0.01762
-1,-26,4,100000,818,0.00818,1638,0.01638
-1,-26,5,100000,827,0.00827,1514,0.01514
-1,-25,0,100000,751,0.00751,1575,0.01575
-1,-25,1,100000,758,0.00758,1534,0.01534
-1,-25,2,100000,840,0.0084,1579,0.01579
-1,-25,3,100000,887,0.00887,1745,0.01745
-1,-25,4,100000,831,0.00831,1626,0.01626
-1,-25,5,100000,816,0.00816,1569,0.01569
-1,-24,0,100000,797,0.00797,1527,0.01527
-1,-24,1,100000,843,0.00843,1527,0.01527
-1,-24,2,100000,886,0.00886,1648,0.01648
-1,-24,3,100000,885,0.00885,1755,0.01755
-1,-24,4,100000,944,0.00944,1665,0.01665
-1,-24,5,100000,832,0.00832,1584,0.01584
-1,-23,0,100000,822,0.00822,1541,0.01541
-1,-23,1,100000,814,0.00814,1509,0.01509
-1,-23,2,100000,836,0.00836,1632,0.01632
-1,-23,3,100000,989,0.00989,1741,0.01741
-1,-23,4,100000,880,0.0088,1636,0.01636
-1,-23,5,100000,746,0.00746,1529,0.01529
-1,-22,0,100000,867,0.00867,1619,0.01619
-1,-22,1,100000,817,0.00817,1525,0.01525
-1,-22,2,100000,897,0.00897,1655,0.01655
-1,-22,3,100000,862,0.00862,1696,0.01696
-1,-22,4,100000,858,0.00858,1654,0.01654
-1,-22,5,100000,884,0.00884,1545,0.01545
-1,-21,0,100000,786,0.00786,1537,0.01537
-1,-21,1,100000,899,0.00899,1618,0.01618
-1,-21,2,100000,833,0.00833,1642,0.01642
-1,-21,3,100000,886,0.00886,1733,0.01733
-1,-21,4,100000,862,0.00862,1646,0.01646
-1,-21,5,100000,757,0.00757,1538,0.01538
-1,-20,0,100000,817,0.00817,1528,0.01528
-1,-20,1,100000,888,0.00888,1628,0.01628
-1,-20,2,100000,921,0.00921,1668,0.01668
-1,-20,3,100000,962,0.00962,1794,0.01794
-1,-20,4,100000,842,0.00842,1597,0.01597
-1,-20,5,100000,813,0.00813,1547,0.01547
-1,-19,0,100000,812,0.00812,1549,0.01549
-1,-19,1,100000,854,0.00854,1596,0.01596
-1,-19,2,100000,889,0.00889,1714,0.01714
-1,-19,3,100000,911,0.00911,1729,0.01729
-1,-19,4,100000,916,0.00916,1697,0.01697
-1,-19,5,100000,840,0.0084,1574,0.01574
-1,-18,0,100000,845,0.00845,1599,0.01599
-1,-18,1,100000,770,0.0077,1536,0.01536
-1,-18,2,100000,874,0.00874,1627,0.01627
-1,-18,3,100000,917,0.00917,1700,0.017
-1,-18,4,100000,850,0.0085,1643,0.01643
-1,-18,5,100000,886,0.00886,1602,0.01602
-1,-17,0,100000,845,0.00845,1525,0.01525
-1,-17,1,100000,815,0.00815,1555,0.01555
-1,-17,2,100000,884,0.00884,1680,0.0168
-1,-17,3,100000,883,0.00883,1706,0.01706
-1,-17,4,100000,846,0.00846,1647,0.01647
-1,-17,5,100000,772,0.00772,1489,0.01489
-1,-16,0,100000,823,0.00823,1576,0.01576
-1,-16,1,100000,867,0.00867,1558,0.01558
-1,-16,2,100000,790,0.0079,1557,0.01557
-1,-16,3,100000,872,0.00872,1641,0.01641
-1,-16,4,100000,831,0.00831,1647,0.01647
-1,-16,5,100000,790,0.0079,1506,0.01506
-1,-15,0,100000,786,0.00786,1564,0.01564
-1,-15,1,100000,811,0.00811,1538,0.01538
-1,-15,2,100000,820,0.0082,1603,0.01603
-1,-15,3,100000,842,0.00842,1667,0.01667
-1,-15,4,100000,823,0.00823,1568,0.01568
-1,-15,5,100000,801,0.00801,1530,0.0153
-1,-14,0,100000,825,0.00825,1523,0.01523
-1,-14,1,100000,831,0.00831,1532,0.01532
-1,-14,2,100000,875,0.00875,1753,0.01753
-1,-14,3,100000,961,0.00961,1739,0.01739
-1,-14,4,100000,870,0.0087,1648,0.01648
-1,-14,5,100000,835,0.00835,1504,0.01504
-1,-13,0,100000,822,0.00822,1583,0.01583
-1,-13,1,100000,837,0.00837,1620,0.0162
-1,-13,2,100000,901,0.00901,1708,0.01708
-1,-13,3,100000,905,0.00905,1762,0.01762
-1,-13,4,100000,895,0.00895,1615,0.01615
-1,-13,5,100000,798,0.00798,1541,0.01541
-1,-12,0,100000,817,0.00817,1576,0.01576
-1,-12,1,100000,853,0.00853,1593,0.01593
-1,-12,2,100000,846,0.00846,1684,0.01684
-1,-12,3,100000,917,0.00917,1759,0.01759
-1,-12,4,100000,841,0.00841,1580,0.0158
-1,-12,5,100000,864,0.00864,1592,0.01592
-1,-11,0,100000,809,0.00809,1543,0.01543
-1,-11,1,100000,807,0.00807,1613,0.01613
-1,-11,2,100000,889,0.00889,1601,0.01601
-1,-11,3,100000,825,0.00825,1695,0.01695
-1,-11,4,100000,924,0.00924,1661,0.01661
-1,-11,5,100000,927,0.00927,1596,0.01596
-1,-10,0,100000,765,0.00765,1536,0.01536
-1,-10,1,100000,764,0.00764,1527,0.01527
-1,-10,2,100000,879,0.00879,1569,0.01569
-1,-10,3,100000,910,0.0091,1752,0.01752
-1,-10,4,100000,882,0.00882,1606,0.01606
-1,-10,5,100000,869,0.00869,1600,0.016
-1,-9,0,100000,806,0.00806,1506,0.01506
-1,-9,1,100000,858,0.00858,1548,0.01548
-1,-9,2,100000,848,0.00848,1642,0.01642
-1,-9,3,100000,863,0.00863,1718,0.01718
-1,-9,4,100000,879,0.00879,1696,0.01696
-1,-9,5,100000,840,0.0084,1561,0.01561
-1,-8,0,100000,855,0.00855,1638,0.01638
-1,-8,1,100000,855,0.00855,1616,0.01616
-1,-8,2,100000,824,0.00824,1575,0.01575
-1,-8,3,100000,876,0.00876,1635,0.01635
-1,-8,4,100000,818,0.00818,1612,0.01612
-1,-8,5,100000,772,0.00772,1498,0.01498
-1,-7,0,100000,828,0.00828,1575,0.01575
-1,-7,1,100000,921,0.00921,1645,0.01645
-1,-7,2,100000,800,0.008,1558,0.01558
-1,-7,3,100000,884,0.00884,1737,0.01737
-1,-7,4,100000,805,0.00805,1599,0.01599
-1,-7,5,100000,796,0.00796,1489,0.01489
-1,-6,0,100000,794,0.00794,1550,0.0155
-1,-6,1,100000,869,0.00869,1572,0.01572
-1,-6,2,100000,889,0.00889,1621,0.01621
-1,-6,3,100000,877,0.00877,1703,0.01703
-1,-6,4,100000,808,0.00808,1612,0.01612
-1,-6,5,100000,813,0.00813,1542,0.01542
-1,-5,0,100000,780,0.0078,1553,0.01553
-1,-5,1,100000,787,0.00787,1578,0.01578
-1,-5,2,100000,887,0.00887,1622,0.01622
-1,-5,3,100000,887,0.00887,1709,0.01709
-1,-5,4,100000,876,0.00876,1646,0.01646
-1,-5,5,100000,819,0.00819,1598,0.01598
-1,-4,0,100000,760,0.0076,1541,0.01541
-1,-4,1,100000,779,0.00779,1540,0.0154
-1,-4,2,100000,892,0.00892,1678,0.01678
-1,-4,3,100000,850,0.0085,1667,0.01667
-1,-4,4,100000,822,0.00822,1604,0.01604
-1,-4,5,100000,827,0.00827,1620,0.0162
-1,-3,0,100000,867,0.00867,1608,0.01608
-1,-3,1,100000,788,0.00788,1546,0.01546
-1,-3,2,100000,921,0.00921,1706,0.01706
-1,-3,3,100000,899,0.00899,1717,0.01717
-1,-3,4,100000,893,0.00893,1625,0.01625
-1,-3,5,100000,793,0.00793,1575,0.01575
-1,-2,0,100000,846,0.00846,1552,0.01552
-1,-2,1,100000,827,0.00827,1585,0.01585
-1,-2,2,100000,848,0.00848,1613,0.01613
-1,-2,3,100000,897,0.00897,1773,0.01773
-1,-2,4,100000,838,0.00838,1628,0.01628
-1,-2,5,100000,788,0.00788,1548,0.01548
-1,-1,0,100000,798,0.00798,1563,0.01563
-1,-1,1,100000,813,0.00813,1550,0.0155
-1,-1,2,100000,859,0.00859,1565,0.01565
-1,-1,3,100000,930,0.0093,1657,0.01657
-1,-1,4,100000,827,0.00827,1600,0.016
-1,-1,5,100000,887,0.00887,1579,0.01579
-1,0,0,100000,761,0.00761,1511,0.01511
-1,0,1,100000,796,0.00796,1545,0.01545
-1,0,2,100000,834,0.00834,1546,0.01546
-1,0,3,100000,831,0.00831,1590,0.0159
-1,0,4,100000,856,0.00856,1560,0.0156
-1,0,5,100000,752,0.00752,1451,0.01451
-1,1,0,100000,823,0.00823,1624,0.01624
-1,1,1,100000,788,0.00788,1458,0.01458
-1,1,2,100000,872,0.00872,1597,0.01597
-1,1,3,100000,907,0.00907,1718,0.01718
-1,1,4,100000,877,0.00877,1631,0.01631
-1,1,5,100000,864,0.00864,1569,0.01569
-1,2,0,100000,873,0.00873,1577,0.01577
-1,2,1,100000,804,0.00804,1573,0.01573
-1,2,2,100000,839,0.00839,1630,0.0163
-1,2,3,100000,914,0.00914,1751,0.01751
-1,2,4,100000,826,0.00826,1617,0.01617
-1,2,5,100000,825,0.00825,1585,0.01585
-1,3,0,100000,885,0.00885,1618,0.01618
-1,3,1,100000,854,0.00854,1587,0.01587
-1,3,2,100000,793,0.00793,1542,0.01542
-1,3,3,100000,887,0.00887,1703,0.01703
-1,3,4,100000,843,0.00843,1678,0.01678
-1,3,5,100000,834,0.00834,1579,0.01579
-1,4,0,100000,863,0.00863,1633,0.01633
-1,4,1,100000,851,0.00851,1597,0.01597
-1,4,2,100000,803,0.00803,1594,0.01594
-1,4,3,100000,880,0.0088,1736,0.01736
-1,4,4,100000,886,0.00886,1601,0.01601
-1,4,5,100000,817,0.00817,1521,0.01521
-1,5,0,100000,799,0.00799,1599,0.01599
-1,5,1,100000,835,0.00835,1506,0.01506
-1,5,2,100000,841,0.00841,1615,0.01615
-1,5,3,100000,969,0.00969,1783,0.01783
-1,5,4,100000,951,0.00951,1687,0.01687
-1,5,5,100000,832,0.00832,1601,0.01601
-1,6,0,100000,826,0.00826,1542,0.01542
-1,6,1,100000,819,0.00819,1563,0.01563
-1,6,2,100000,861,0.00861,1636,0.01636
-1,6,3,100000,896,0.00896,1702,0.01702
-1,6,4,100000,852,0.00852,1692,0.01692
-1,6,5,100000,879,0.00879,1601,0.01601
-1,7,0,100000,798,0.00798,1584,0.01584
-1,7,1,100000,757,0.00757,1544,0.01544
-1,7,2,100000,897,0.00897,1632,0.01632
-1,7,3,100000,874,0.00874,1666,0.01666
-1,7,4,100000,933,0.00933,1638,0.01638
-1,7,5,100000,822,0.00822,1568,0.01568
-1,8,0,100000,818,0.00818,1534,0.01534
-1,8,1,100000,826,0.00826,1609,0.01609
-1,8,2,100000,829,0.00829,1652,0.01652
-1,8,3,100000,894,0.00894,1689,0.01689
-1,8,4,100000,851,0.00851,1665,0.01665
-1,8,5,100000,793,0.00793,1512,0.01512
-1,9,0,100000,854,0.00854,1558,0.01558
-1,9,1,100000,821,0.00821,1515,0.01515
-1,9,2,100000,865,0.00865,1619,0.01619
-1,9,3,100000,871,0.00871,1654,0.01654
-1,9,4,100000,840,0.0084,1647,0.01647
-1,9,5,100000,818,0.00818,1534,0.01534
-1,10,0,100000,832,0.00832,1622,0.01622
-1,10,1,100000,821,0.00821,1546,0.01546
-1,10,2,100000,876,0.00876,1623,0.01623
-1,10,3,100000,912,0.00912,1691,0.01691
-1,10,4,100000,850,0.0085,1595,0.01595
-1,10,5,100000,813,0.00813,1519,0.01519
-1,11,0,100000,878,0.00878,1653,0.01653
-1,11,1,100000,844,0.00844,1587,0.01587
-1,11,2,100000,832,0.00832,1665,0.01665
-1,11,3,100000,872,0.00872,1734,0.01734
-1,11,4,100000,949,0.00949,1700,0.017
-1,11,5,100000,826,0.00826,1578,0.01578
-1,12,0,100000,876,0.00876,1676,0.01676
-1,12,1,100000,823,0.00823,1598,0.01598
-1,12,2,100000,883,0.00883,1697,0.01697
-1,12,3,100000,876,0.00876,1799,0.01799
-1,12,4,100000,932,0.00932,1660,0.0166
-1,12,5,100000,827,0.00827,1514,0.01514
-1,13,0,100000,823,0.00823,1566,0.01566
-1,13,1,100000,836,0.00836,1560,0.0156
-1,13,2,100000,855,0.00855,1625,0.01625
-1,13,3,100000,933,0.00933,1741,0.01741
-1,13,4,100000,898,0.00898,1667,0.01667
-1,13,5,100000,868,0.00868,1541,0.01541
-1,14,0,100000,868,0.00868,1555,0.01555
-1,14,1,100000,852,0.00852,1589,0.01589
-1,14,2,100000,859,0.00859,1653,0.01653
-1,14,3,100000,990,0.0099,1824,0.01824
-1,14,4,100000,826,0.00826,1663,0.01663
-1,14,5,100000,753,0.00753,1540,0.0154
-1,15,0,100000,782,0.00782,1488,0.01488
-1,15,1,100000,772,0.00772,1533,0.01533
-1,15,2,100000,845,0.00845,1593,0.01593
-1,15,3,100000,857,0.00857,1702,0.01702
-1,15,4,100000,890,0.0089,1648,0.01648
-1,15,5,100000,789,0.00789,1508,0.01508
-1,16,0,100000,825,0.00825,1565,0.01565
-1,16,1,100000,831,0.00831,1571,0.01571
-1,16,2,100000,923,0.00923,1613,0.01613
-1,16,3,100000,859,0.00859,1614,0.01614
-1,16,4,100000,913,0.00913,1598,0.01598
-1,16,5,100000,741,0.00741,1508,0.01508
-1,17,0,100000,834,0.00834,1535,0.01535
-1,17,1,100000,896,0.00896,1556,0.01556
-1,17,2,100000,870,0.0087,1646,0.01646
-1,17,3,100000,889,0.00889,1743,0.01743
-1,17,4,100000,868,0.00868,1697,0.01697
-1,17,5,100000,817,0.00817,1573,0.01573
-1,18,0,100000,793,0.00793,1546,0.01546
-1,18,1,100000,800,0.008,1514,0.01514
-1,18,2,100000,872,0.00872,1677,0.01677
-1,18,3,100000,909,0.00909,1753,0.01753
-1,18,4,100000,810,0.0081,1662,0.01662
-1,18,5,100000,825,0.00825,1536,0.01536
-1,19,0,100000,770,0.0077,1495,0.01495
-1,19,1,100000,811,0.00811,1539,0.01539
-1,19,2,100000,827,0.00827,1615,0.01615
-1,19,3,100000,879,0.00879,1674,0.01674
-1,19,4,100000,867,0.00867,1593,0.01593
-1,19,5,100000,867,0.00867,1579,0.01579
-1,20,0,100000,761,0.00761,1496,0.01496
-1,20,1,100000,848,0.00848,1570,0.0157
-1,20,2,100000,856,0.00856,1677,0.01677
-1,20,3,100000,889,0.00889,1664,0.01664
-1,20,4,100000,872,0.00872,1630,0.0163
-1,20,5,100000,820,0.0082,1567,0.01567
-1,21,0,100000,814,0.00814,1570,0.0157
-1,21,1,100000,817,0.00817,1587,0.01587
-1,21,2,100000,874,0.00874,1643,0.01643
-1,21,3,100000,876,0.00876,1627,0.01627
-1,21,4,100000,890,0.0089,1693,0.01693
-1,21,5,100000,785,0.00785,1533,0.01533
-1,22,0,100000,736,0.00736,1509,0.01509
-1,22,1,100000,817,0.00817,1564,0.01564
-1,22,2,100000,871,0.00871,1644,0.01644
-1,22,3,100000,966,0.00966,1793,0.01793
-1,22,4,100000,881,0.00881,1658,0.01658
-1,22,5,100000,862,0.00862,1641,0.01641
-1,23,0,100000,837,0.00837,1626,0.01626
-1,23,1,100000,827,0.00827,1576,0.01576
-1,23,2,100000,888,0.00888,1679,0.01679
-1,23,3,100000,910,0.0091,1752,0.01752
-1,23,4,100000,835,0.00835,1626,0.01626
-1,23,5,100000,819,0.00819,1563,0.01563
-1,24,0,100000,845,0.00845,1569,0.01569
-1,24,1,100000,727,0.00727,1478,0.01478
-1,24,2,100000,887,0.00887,1643,0.01643
-1,24,3,100000,956,0.00956,1762,0.01762
-1,24,4,100000,772,0.00772,1558,0.01558
-1,24,5,100000,797,0.00797,1546,0.01546
-1,25,0,100000,777,0.00777,1537,0.01537
-1,25,1,100000,814,0.00814,1543,0.01543
-1,25,2,100000,836,0.00836,1594,0.01594
-1,25,3,100000,871,0.00871,1761,0.01761
-1,25,4,100000,812,0.00812,1593,0.01593
-1,25,5,100000,819,0.00819,1621,0.01621
-1,26,0,100000,847,0.00847,1579,0.01579
-1,26,1,100000,743,0.00743,1505,0.01505
-1,26,2,100000,890,0.0089,1655,0.01655
-1,26,3,100000,913,0.00913,1713,0.01713
-1,26,4,100000,858,0.00858,1611,0.01611
-1,26,5,100000,797,0.00797,1565,0.01565
-1,27,0,100000,850,0.0085,1578,0.01578
-1,27,1,100000,900,0.009,1642,0.01642
-1,27,2,100000,858,0.00858,1652,0.01652
-1,27,3,100000,898,0.00898,1725,0.01725
-1,27,4,100000,924,0.00924,1700,0.017
-1,27,5,100000,865,0.00865,1611,0.01611
-1,28,0,100000,846,0.00846,1572,0.01572
-1,28,1,100000,819,0.00819,1535,0.01535
-1,28,2,100000,816,0.00816,1558,0.01558
-1,28,3,100000,914,0.00914,1673,0.01673
-1,28,4,100000,869,0.00869,1652,0.01652
-1,28,5,100000,779,0.00779,1522,0.01522
-1,29,0,100000,778,0.00778,1580,0.0158
-1,29,1,100000,892,0.00892,1633,0.01633
-1,29,2,100000,838,0.00838,1565,0.01565
-1,29,3,100000,859,0.00859,1671,0.01671
-1,29,4,100000,922,0.00922,1669,0.01669
-1,29,5,100000,875,0.00875,1533,0.01533
-1,30,0,100000,900,0.009,1609,0.01609
-1,30,1,100000,764,0.00764,1536,0.01536
-1,30,2,100000,866,0.00866,1579,0.01579
-1,30,3,100000,822,0.00822,1684,0.01684
-1,30,4,100000,851,0.00851,1640,0.0164
-1,30,5,100000,728,0.00728,1498,0.01498
-1,31,0,100000,854,0.00854,1640,0.0164
-1,31,1,100000,816,0.00816,1536,0.01536
-1,31,2,100000,803,0.00803,1638,0.01638
-1,31,3,100000,923,0.00923,1723,0.01723
-1,31,4,100000,800,0.008,1633,0.01633
-1,31,5,100000,826,0.00826,1488,0.01488
-1,32,0,100000,824,0.00824,1546,0.01546
-1,32,1,100000,788,0.00788,1500,0.015
-1,32,2,100000,901,0.00901,1634,0.01634
-1,32,3,100000,904,0.00904,1741,0.01741
-1,32,4,100000,903,0.00903,1647,0.01647
-1,32,5,100000,836,0.00836,1538,0.01538
-1,33,0,100000,855,0.00855,1596,0.01596
-1,33,1,100000,818,0.00818,1559,0.01559
-1,33,2,100000,835,0.00835,1571,0.01571
-1,33,3,100000,866,0.00866,1723,0.01723
-1,33,4,100000,866,0.00866,1595,0.01595
-1,33,5,100000,807,0.00807,1573,0.01573
-1,34,0,100000,841,0.00841,1605,0.01605
-1,34,1,100000,796,0.00796,1550,0.0155
-1,34,2,100000,816,0.00816,1639,0.01639
-1,34,3,100000,969,0.00969,1800,0.018
-1,34,4,100000,800,0.008,1664,0.01664
-1,34,5,100000,825,0.00825,1591,0.01591
-1,35,0,100000,833,0.00833,1570,0.0157
-1,35,1,100000,872,0.00872,1603,0.01603
-1,35,2,100000,888,0.00888,1662,0.01662
-1,35,3,100000,841,0.00841,1679,0.01679
-1,35,4,100000,860,0.0086,1681,0.01681
-1,35,5,100000,807,0.00807,1588,0.01588
-1,36,0,100000,815,0.00815,1525,0.01525
-1,36,1,100000,802,0.00802,1543,0.01543
-1,36,2,100000,879,0.00879,1634,0.01634
-1,36,3,100000,867,0.00867,1698,0.01698
-1,36,4,100000,865,0.00865,1699,0.01699
-1,36,5,100000,794,0.00794,1478,0.01478
-1,37,0,100000,772,0.00772,1521,0.01521
-1,37,1,100000,774,0.00774,1522,0.01522
-1,37,2,100000,851,0.00851,1620,0.0162
-1,37,3,100000,916,0.00916,1680,0.0168
-1,37,4,100000,876,0.00876,1659,0.01659
-1,37,5,100000,761,0.00761,1498,0.01498
-1,38,0,100000,781,0.00781,1525,0.01525
-1,38,1,100000,875,0.00875,1646,0.01646
-1,38,2,100000,837,0.00837,1708,0.01708
-1,38,3,100000,787,0.00787,1641,0.01641
-1,38,4,100000,890,0.0089,1666,0.01666
-1,38,5,100000,774,0.00774,1527,0.01527
-1,39,0,100000,828,0.00828,1433,0.01433
-1,39,1,100000,1102,0.01102,1983,0.01983
-1,39,2,100000,1198,0.01198,2141,0.02141
-1,39,3,100000,879,0.00879,1578,0.01578
-1,39,4,100000,878,0.00878,1579,0.01579
-1,39,5,100000,855,0.00855,1562,0.01562
-1,40,0,100000,471,0.00471,839,0.00839
-1,40,1,100000,672,0.00672,1176,0.01176
-1,40,2,100000,627,0.00627,1162,0.01162
-1,40,3,100000,490,0.0049,882,0.00882
-1,40,4,100000,506,0.00506,908,0.00908
-1,40,5,100000,451,0.00451,837,0.00837
-1,41,0,100000,102,0.00102,209,0.00209
-1,41,1,100000,144,0.00144,272,0.00272
-1,41,2,100000,143,0.00143,263,0.00263
-1,41,3,100000,97,0.00097,185,0.00185
-1,41,4,100000,39,0.00039,132,0.00132
-1,41,5,100000,51,0.00051,134,0.00134
-1,42,0,100000,53,0.00053,81,0.00081
-1,42,1,100000,38,0.00038,96,0.00096
-1,42,2,100000,39,0.00039,92,0.00092
-1,42,3,100000,67,0.00067,97,0.00097
-1,42,4,100000,27,0.00027,86,0.00086
-1,42,5,100000,43,0.00043,82,0.00082
-1,43,0,100000,30,0.0003,79,0.00079
-1,43,1,100000,28,0.00028,82,0.00082
-1,43,2,100000,25,0.00025,87,0.00087
-1,43,3,100000,41,0.00041,89,0.00089
-1,43,4,100000,18,0.00018,61,0.00061
-1,43,5,100000,34,0.00034,75,0.00075
-1,44,0,100000,48,0.00048,87,0.00087
-1,44,1,100000,42,0.00042,75,0.00075
-1,44,2,100000,45,0.00045,101,0.00101
-1,44,3,100000,18,0.00018,82,0.00082
-1,44,4,100000,45,0.00045,80,0.0008
-1,44,5,100000,38,0.00038,83,0.00083
-1,45,0,100000,49,0.00049,86,0.00086
-1,45,1,100000,26,0.00026,71,0.00071
-1,45,2,100000,26,0.00026,82,0.00082
-1,45,3,100000,16,0.00016,68,0.00068
-1,45,4,100000,42,0.00042,73,0.00073
-1,45,5,100000,40,0.0004,74,0.00074
-1,46,0,100000,29,0.00029,78,0.00078
-1,46,1,100000,46,0.00046,89,0.00089
-1,46,2,100000,15,0.00015,74,0.00074
-1,46,3,100000,50,0.0005,79,0.00079
-1,46,4,100000,32,0.00032,82,0.00082
-1,46,5,100000,40,0.0004,87,0.00087
-1,47,0,100000,38,0.00038,70,0.0007
-1,47,1,100000,18,0.00018,74,0.00074
-1,47,2,100000,28,0.00028,63,0.00063
-1,47,3,100000,33,0.00033,66,0.00066
-1,47,4,100000,47,0.00047,80,0.0008
-1,47,5,100000,32,0.00032,78,0.00078
-1,48,0,100000,26,0.00026,73,0.00073
-1,48,1,100000,32,0.00032,82,0.00082
-1,48,2,100000,39,0.00039,86,0.00086
-1,48,3,100000,27,0.00027,69,0.00069
-1,48,4,100000,48,0.00048,79,0.00079
-1,48,5,100000,42,0.00042,91,0.00091
-1,49,0,100000,25,0.00025,54,0.00054
-1,49,1,100000,34,0.00034,71,0.00071
-1,49,2,100000,28,0.00028,78,0.00078
-1,49,3,100000,22,0.00022,84,0.00084
-1,49,4,100000,30,0.0003,83,0.00083
-1,49,5,100000,25,0.00025,72,0.00072
-1,50,0,100000,27,0.00027,72,0.00072
-1,50,1,100000,21,0.00021,58,0.00058
-1,50,2,100000,42,0.00042,71,0.00071
-1,50,3,100000,21,0.00021,74,0.00074
-1,50,4,100000,19,0.00019,62,0.00062
-1,50,5,100000,27,0.00027,68,0.00068
0,-50,0,100000,33,0.00033,78,0.00078
0,-50,1,100000,24,0.00024,64,0.00064
0,-50,2,100000,32,0.00032,85,0.00085
0,-50,3,100000,28,0.00028,72,0.00072
0,-50,4,100000,29,0.00029,73,0.00073
0,-50,5,100000,36,0.00036,65,0.00065
0,-49,0,100000,25,0.00025,85,0.00085
0,-49,1,100000,31,0.00031,69,0.00069
0,-49,2,100000,43,0.00043,92,0.00092
0,-49,3,100000,44,0.00044,69,0.00069
0,-49,4,100000,56,0.00056,77,0.00077
0,-49,5,100000,28,0.00028,82,0.00082
0,-48,0,100000,32,0.00032,76,0.00076
0,-48,1,100000,20,0.0002,60,0.0006
0,-48,2,100000,35,0.00035,75,0.00075
0,-48,3,100000,40,0.0004,73,0.00073
0,-48,4,100000,34,0.00034,76,0.00076
0,-48,5,100000,26,0.00026,82,0.00082
0,-47,0,100000,24,0.00024,89,0.00089
0,-47,1,100000,14,0.00014,67,0.00067
0,-47,2,100000,26,0.00026,72,0.00072
0,-47,3,100000,24,0.00024,89,0.00089
0,-47,4,100000,40,0.0004,78,0.00078
0,-47,5,100000,36,0.00036,91,0.00091
0,-46,0,100000,37,0.00037,67,0.00067
0,-46,1,100000,37,0.00037,78,0.00078
0,-46,2,100000,43,0.00043,85,0.00085
0,-46,3,100000,42,0.00042,89,0.00089
0,-46,4,100000,35,0.00035,87,0.00087
0,-46,5,100000,34,0.00034,75,0.00075
0,-45,0,100000,59,0.00059,76,0.00076
0,-45,1,100000,42,0.00042,89,0.00089
0,-45,2,100000,41,0.00041,102,0.00102
0,-45,3,100000,17,0.00017,65,0.00065
0,-45,4,100000,35,0.00035,84,0.00084
0,-45,5,100000,22,0.00022,75,0.00075
0,-44,0,100000,51,0.00051,88,0.00088
0,-44,1,100000,32,0.00032,95,0.00095
0,-44,2,100000,28,0.00028,94,0.00094
0,-44,3,100000,53,0.00053,87,0.00087
0,-44,4,100000,21,0.00021,69,0.00069
0,-44,5,100000,26,0.00026,77,0.00077
0,-43,0,100000,46,0.00046,88,0.00088
0,-43,1,100000,32,0.00032,94,0.00094
0,-43,2,100000,45,0.00045,91,0.00091
0,-43,3,100000,34,0.00034,94,0.00094
0,-43,4,100000,39,0.00039,84,0.00084
0,-43,5,100000,36,0.00036,96,0.00096
0,-42,0,100000,29,0.00029,75,0.00075
0,-42,1,100000,33,0.00033,84,0.00084
0,-42,2,100000,38,0.00038,98,0.00098
0,-42,3,100000,25,0.00025,87,0.00087
0,-42,4,100000,24,0.00024,83,0.00083
0,-42,5,100000,27,0.00027,67,0.00067
0,-41,0,100000,106,0.00106,208,0.00208
0,-41,1,100000,65,0.00065,127,0.00127
0,-41,2,100000,76,0.00076,125,0.00125
0,-41,3,100000,105,0.00105,198,0.00198
0,-41,4,100000,140,0.0014,271,0.00271
0,-41,5,100000,163,0.00163,312,0.00312
0,-40,0,100000,449,0.00449,823,0.00823
0,-40,1,100000,466,0.00466,866,0.00866
0,-40,2,100000,501,0.00501,883,0.00883
0,-40,3,100000,465,0.00465,852,0.00852
0,-40,4,100000,662,0.00662,1212,0.01212
0,-40,5,100000,664,0.00664,1170,0.0117
0,-39,0,100000,770,0.0077,1516,0.01516
0,-39,1,100000,843,0.00843,1574,0.01574
0,-39,2,100000,847,0.00847,1548,0.01548
0,-39,3,100000,843,0.00843,1529,0.01529
0,-39,4,100000,1000,0.01,1915,0.01915
0,-39,5,100000,1010,0.0101,1911,0.01911
0,-38,0,100000,917,0.00917,1644,0.01644
0,-38,1,100000,831,0.00831,1537,0.01537
0,-38,2,100000,855,0.00855,1624,0.01624
0,-38,3,100000,841,0.00841,1649,0.01649
0,-38,4,100000,851,0.00851,1666,0.01666
0,-38,5,100000,950,0.0095,1757,0.01757
0,-37,0,100000,829,0.00829,1578,0.01578
0,-37,1,100000,837,0.00837,1598,0.01598
0,-37,2,100000,829,0.00829,1591,0.01591
0,-37,3,100000,895,0.00895,1660,0.0166
0,-37,4,100000,831,0.00831,1611,0.01611
0,-37,5,100000,832,0.00832,1568,0.01568
0,-36,0,100000,887,0.00887,1689,0.01689
0,-36,1,100000,798,0.00798,1541,0.01541
0,-36,2,100000,849,0.00849,1580,0.0158
0,-36,3,100000,861,0.00861,1662,0.01662
0,-36,4,100000,812,0.00812,1613,0.01613
0,-36,5,100000,805,0.00805,1566,0.01566
0,-35,0,100000,895,0.00895,1611,0.01611
0,-35,1,100000,843,0.00843,1636,0.01636
0,-35,2,100000,819,0.00819,1620,0.0162
0,-35,3,100000,873,0.00873,1693,0.01693
0,-35,4,100000,835,0.00835,1601,0.01601
0,-35,5,100000,856,0.00856,1584,0.01584
0,-34,0,100000,862,0.00862,1652,0.01652
0,-34,1,100000,799,0.00799,1629,0.01629
0,-34,2,100000,833,0.00833,1601,0.01601
0,-34,3,100000,885,0.00885,1688,0.01688
0,-34,4,100000,877,0.00877,1638,0.01638
0,-34,5,100000,847,0.00847,1598,0.01598
0,-33,0,100000,881,0.00881,1665,0.01665
0,-33,1,100000,788,0.00788,1587,0.01587
0,-33,2,100000,805,0.00805,1499,0.01499
0,-33,3,100000,876,0.00876,1679,0.01679
0,-33,4,100000,897,0.00897,1613,0.01613
0,-33,5,100000,760,0.0076,1536,0.01536
0,-32,0,100000,786,0.00786,1632,0.01632
0,-32,1,100000,783,0.00783,1532,0.01532
0,-32,2,100000,788,0.00788,1554,0.01554
0,-32,3,100000,849,0.00849,1662,0.01662
0,-32,4,100000,818,0.00818,1604,0.01604
0,-32,5,100000,829,0.00829,1664,0.01664
0,-31,0,100000,801,0.00801,1535,0.01535
0,-31,1,100000,775,0.00775,1500,0.015
0,-31,2,100000,857,0.00857,1556,0.01556
0,-31,3,100000,889,0.00889,1638,0.01638
0,-31,4,100000,763,0.00763,1493,0.01493
0,-31,5,100000,816,0.00816,1604,0.01604
0,-30,0,100000,874,0.00874,1632,0.01632
0,-30,1,100000,824,0.00824,1571,0.01571
0,-30,2,100000,816,0.00816,1518,0.01518
0,-30,3,100000,845,0.00845,1666,0.01666
0,-30,4,100000,832,0.00832,1651,0.01651
0,-30,5,100000,816,0.00816,1667,0.01667
0,-29,0,100000,861,0.00861,1636,0.01636
0,-29,1,100000,859,0.00859,1645,0.01645
0,-29,2,100000,833,0.00833,1556,0.01556
0,-29,3,100000,801,0.00801,1605,0.01605
0,-29,4,100000,832,0.00832,1589,0.01589
0,-29,5,100000,865,0.00865,1622,0.01622
0,-28,0,100000,902,0.00902,1654,0.01654
0,-28,1,100000,842,0.00842,1581,0.01581
0,-28,2,100000,824,0.00824,1610,0.0161
0,-28,3,100000,843,0.00843,1621,0.01621
0,-28,4,100000,879,0.00879,1589,0.01589
0,-28,5,100000,875,0.00875,1645,0.01645
0,-27,0,100000,907,0.00907,1673,0.01673
0,-27,1,100000,839,0.00839,1626,0.01626
0,-27,2,100000,854,0.00854,1634,0.01634
0,-27,3,100000,891,0.00891,1640,0.0164
0,-27,4,100000,805,0.00805,1593,0.01593
0,-27,5,100000,845,0.00845,1670,0.0167
0,-26,0,100000,923,0.00923,1723,0.01723
0,-26,1,100000,832,0.00832,1591,0.01591
0,-26,2,100000,883,0.00883,1609,0.01609
0,-26,3,100000,891,0.00891,1672,0.01672
0,-26,4,100000,839,0.00839,1560,0.0156
0,-26,5,100000,818,0.00818,1605,0.01605
0,-25,0,100000,914,0.00914,1682,0.01682
0,-25,1,100000,787,0.00787,1629,0.01629
0,-25,2,100000,747,0.00747,1604,0.01604
0,-25,3,100000,894,0.00894,1664,0.01664
0,-25,4,100000,830,0.0083,1540,0.0154
0,-25,5,100000,823,0.00823,1571,0.01571
0,-24,0,100000,848,0.00848,1639,0.01639
0,-24,1,100000,844,0.00844,1563,0.01563
0,-24,2,100000,919,0.00919,1626,0.01626
0,-24,3,100000,842,0.00842,1598,0.01598
0,-24,4,100000,901,0.00901,1627,0.01627
0,-24,5,100000,848,0.00848,1618,0.01618
0,-23,0,100000,909,0.00909,1686,0.01686
0,-23,1,100000,873,0.00873,1605,0.01605
0,-23,2,100000,885,0.00885,1599,0.01599
0,-23,3,100000,860,0.0086,1679,0.01679
0,-23,4,100000,826,0.00826,1487,0.01487
0,-23,5,100000,904,0.00904,1636,0.01636
0,-22,0,100000,833,0.00833,1653,0.01653
0,-22,1,100000,820,0.0082,1558,0.01558
0,-22,2,100000,875,0.00875,1606,0.01606
0,-22,3,100000,909,0.00909,1714,0.01714
0,-22,4,100000,836,0.00836,1524,0.01524
0,-22,5,100000,875,0.00875,1599,0.01599
0,-21,0,100000,881,0.00881,1662,0.01662
0,-21,1,100000,798,0.00798,1585,0.01585
0,-21,2,100000,819,0.00819,1599,0.01599
0,-21,3,100000,857,0.00857,1586,0.01586
0,-21,4,100000,894,0.00894,1626,0.01626
0,-21,5,100000,779,0.00779,1546,0.01546
0,-20,0,100000,835,0.00835,1716,0.01716
0,-20,1,100000,829,0.00829,1607,0.01607
0,-20,2,100000,802,0.00802,1533,0.01533
0,-20,3,100000,811,0.00811,1605,0.01605
0,-20,4,100000,838,0.00838,1593,0.01593
0,-20,5,100000,812,0.00812,1580,0.0158
0,-19,0,100000,854,0.00854,1628,0.01628
0,-19,1,100000,847,0.00847,1635,0.01635
0,-19,2,100000,819,0.00819,1561,0.01561
0,-19,3,100000,829,0.00829,1567,0.01567
0,-19,4,100000,805,0.00805,1606,0.01606
0,-19,5,100000,794,0.00794,1515,0.01515
0,-18,0,100000,941,0.00941,1731,0.01731
0,-18,1,100000,861,0.00861,1603,0.01603
0,-18,2,100000,873,0.00873,1622,0.01622
0,-18,3,100000,867,0.00867,1632,0.01632
0,-18,4,100000,826,0.00826,1533,0.01533
0,-18,5,100000,790,0.0079,1571,0.01571
0,-17,0,100000,814,0.00814,1705,0.01705
0,-17,1,100000,821,0.00821,1549,0.01549
0,-17,2,100000,861,0.00861,1609,0.01609
0,-17,3,100000,883,0.00883,1699,0.01699
0,-17,4,100000,898,0.00898,1624,0.01624
0,-17,5,100000,875,0.00875,1628,0.01628
0,-16,0,100000,877,0.00877,1719,0.01719
0,-16,1,100000,871,0.00871,1629,0.01629
0,-16,2,100000,815,0.00815,1608,0.01608
0,-16,3,100000,873,0.00873,1639,0.01639
0,-16,4,100000,815,0.00815,1578,0.01578
0,-16,5,100000,801,0.00801,1613,0.01613
0,-15,0,100000,866,0.00866,1608,0.01608
0,-15,1,100000,817,0.00817,1591,0.01591
0,-15,2,100000,826,0.00826,1607,0.01607
0,-15,3,100000,826,0.00826,1634,0.01634
0,-15,4,100000,795,0.00795,1617,0.01617
0,-15,5,100000,858,0.00858,1570,0.0157
0,-14,0,100000,839,0.00839,1614,0.01614
0,-14,1,100000,823,0.00823,1587,0.01587
0,-14,2,100000,830,0.0083,1633,0.01633
0,-14,3,100000,815,0.00815,1675,0.01675
0,-14,4,100000,859,0.00859,1599,0.01599
0,-14,5,100000,850,0.0085,1644,0.01644
0,-13,0,100000,895,0.00895,1716,0.01716
0,-13,1,100000,777,0.00777,1575,0.01575
0,-13,2,100000,838,0.00838,1572,0.01572
0,-13,3,100000,862,0.00862,1653,0.01653
0,-13,4,100000,811,0.00811,1555,0.01555
0,-13,5,100000,785,0.00785,1603,0.01603
0,-12,0,100000,814,0.00814,1608,0.01608
0,-12,1,100000,890,0.0089,1631,0.01631
0,-12,2,100000,808,0.00808,1522,0.01522
0,-12,3,100000,846,0.00846,1651,0.01651
0,-12,4,100000,858,0.00858,1617,0.01617
0,-12,5,100000,784,0.00784,1554,0.01554
0,-11,0,100000,905,0.00905,1626,0.01626
0,-11,1,100000,852,0.00852,1572,0.01572
0,-11,2,100000,816,0.00816,1579,0.01579
0,-11,3,100000,829,0.00829,1670,0.0167
0,-11,4,100000,809,0.00809,1609,0.01609
0,-11,5,100000,854,0.00854,1623,0.01623
0,-10,0,100000,831,0.00831,1569,0.01569
0,-10,1,100000,876,0.00876,1580,0.0158
0,-10,2,100000,878,0.00878,1644,0.01644
0,-10,3,100000,916,0.00916,1721,0.01721
0,-10,4,100000,820,0.0082,1619,0.01619
0,-10,5,100000,889,0.00889,1659,0.01659
0,-9,0,100000,826,0.00826,1664,0.01664
0,-9,1,100000,812,0.00812,1615,0.01615
0,-9,2,100000,850,0.0085,1597,0.01597
0,-9,3,100000,858,0.00858,1657,0.01657
0,-9,4,100000,820,0.0082,1590,0.0159
0,-9,5,100000,861,0.00861,1659,0.01659
0,-8,0,100000,868,0.00868,1682,0.01682
0,-8,1,100000,873,0.00873,1608,0.01608
0,-8,2,100000,802,0.00802,1565,0.01565
0,-8,3,100000,849,0.00849,1608,0.01608
0,-8,4,100000,850,0.0085,1628,0.01628
0,-8,5,100000,903,0.00903,1645,0.01645
0,-7,0,100000,819,0.00819,1594,0.01594
0,-7,1,100000,865,0.00865,1574,0.01574
0,-7,2,100000,855,0.00855,1602,0.01602
0,-7,3,100000,846,0.00846,1638,0.01638
0,-7,4,100000,845,0.00845,1512,0.01512
0,-7,5,100000,880,0.0088,1624,0.01624
0,-6,0,100000,805,0.00805,1553,0.01553
0,-6,1,100000,868,0.00868,1585,0.01585
0,-6,2,100000,900,0.009,1632,0.01632
0,-6,3,100000,896,0.00896,1693,0.01693
0,-6,4,100000,879,0.00879,1587,0.01587
0,-6,5,100000,839,0.00839,1598,0.01598
0,-5,0,100000,849,0.00849,1629,0.01629
0,-5,1,100000,913,0.00913,1651,0.01651
0,-5,2,100000,873,0.00873,1643,0.01643
0,-5,3,100000,865,0.00865,1642,0.01642
0,-5,4,100000,815,0.00815,1572,0.01572
0,-5,5,100000,825,0.00825,1603,0.01603
0,-4,0,100000,844,0.00844,1595,0.01595
0,-4,1,100000,849,0.00849,1610,0.0161
0,-4,2,100000,880,0.0088,1642,0.01642
0,-4,3,100000,859,0.00859,1695,0.01695
0,-4,4,100000,906,0.00906,1621,0.01621
0,-4,5,100000,934,0.00934,1633,0.01633
0,-3,0,100000,860,0.0086,1660,0.0166
0,-3,1,100000,806,0.00806,1608,0.01608
0,-3,2,100000,799,0.00799,1586,0.01586
0,-3,3,100000,779,0.00779,1598,0.01598
0,-3,4,100000,809,0.00809,1626,0.01626
0,-3,5,100000,807,0.00807,1613,0.01613
0,-2,0,100000,796,0.00796,1650,0.0165
0,-2,1,100000,811,0.00811,1603,0.01603
0,-2,2,100000,858,0.00858,1638,0.01638
0,-2,3,100000,844,0.00844,1623,0.01623
0,-2,4,100000,825,0.00825,1605,0.01605
0,-2,5,100000,836,0.00836,1629,0.01629
0,-1,0,100000,905,0.00905,1622,0.01622
0,-1,1,100000,797,0.00797,1508,0.01508
0,-1,2,100000,765,0.00765,1496,0.01496
0,-1,3,100000,845,0.00845,1602,0.01602
0,-1,4,100000,774,0.00774,1475,0.01475
0,-1,5,100000,852,0.00852,1510,0.0151
0,0,0,100000,740,0.0074,1469,0.01469
0,0,1,100000,773,0.00773,1507,0.01507
0,0,2,100000,778,0.00778,1417,0.01417
0,0,3,100000,788,0.00788,1503,0.01503
0,0,4,100000,727,0.00727,1426,0.01426
0,0,5,100000,783,0.00783,1479,0.01479
0,1,0,100000,819,0.00819,1566,0.01566
0,1,1,100000,802,0.00802,1485,0.01485
0,1,2,100000,933,0.00933,1571,0.01571
0,1,3,100000,797,0.00797,1551,0.01551
0,1,4,100000,778,0.00778,1585,0.01585
0,1,5,100000,817,0.00817,1556,0.01556
0,2,0,100000,857,0.00857,1596,0.01596
0,2,1,100000,759,0.00759,1485,0.01485
0,2,2,100000,839,0.00839,1604,0.01604
0,2,3,100000,863,0.00863,1606,0.01606
0,2,4,100000,910,0.0091,1618,0.01618
0,2,5,100000,853,0.00853,1638,0.01638
0,3,0,100000,861,0.00861,1660,0.0166
0,3,1,100000,838,0.00838,1572,0.01572
0,3,2,100000,774,0.00774,1519,0.01519
0,3,3,100000,815,0.00815,1652,0.01652
0,3,4,100000,888,0.00888,1593,0.01593
0,3,5,100000,833,0.00833,1531,0.01531
0,4,0,100000,852,0.00852,1674,0.01674
0,4,1,100000,795,0.00795,1602,0.01602
0,4,2,100000,834,0.00834,1604,0.01604
0,4,3,100000,881,0.00881,1638,0.01638
0,4,4,100000,916,0.00916,1672,0.01672
0,4,5,100000,839,0.00839,1604,0.01604
0,5,0,100000,889,0.00889,1690,0.0169
0,5,1,100000,811,0.00811,1590,0.0159
0,5,2,100000,867,0.00867,1578,0.01578
0,5,3,100000,829,0.00829,1636,0.01636
0,5,4,100000,853,0.00853,1600,0.016
0,5,5,100000,847,0.00847,1598,0.01598
0,6,0,100000,824,0.00824,1630,0.0163
0,6,1,100000,844,0.00844,1610,0.0161
0,6,2,100000,825,0.00825,1567,0.01567
0,6,3,100000,829,0.00829,1649,0.01649
0,6,4,100000,756,0.00756,1526,0.01526
0,6,5,100000,826,0.00826,1586,0.01586
0,7,0,100000,851,0.00851,1620,0.0162
0,7,1,100000,805,0.00805,1549,0.01549
0,7,2,100000,842,0.00842,1627,0.01627
0,7,3,100000,907,0.00907,1661,0.01661
0,7,4,100000,790,0.0079,1530,0.0153
0,7,5,100000,827,0.00827,1566,0.01566
0,8,0,100000,869,0.00869,1661,0.01661
0,8,1,100000,849,0.00849,1614,0.01614
0,8,2,100000,913,0.00913,1752,0.01752
0,8,3,100000,816,0.00816,1639,0.01639
0,8,4,100000,852,0.00852,1588,0.01588
0,8,5,100000,826,0.00826,1606,0.01606
0,9,0,100000,860,0.0086,1589,0.01589
0,9,1,100000,808,0.00808,1593,0.01593
0,9,2,100000,802,0.00802,1599,0.01599
0,9,3,100000,860,0.0086,1648,0.01648
0,9,4,100000,843,0.00843,1590,0.0159
0,9,5,100000,894,0.00894,1623,0.01623
0,10,0,100000,836,0.00836,1632,0.01632
0,10,1,100000,899,0.00899,1593,0.01593
0,10,2,100000,816,0.00816,1621,0.01621
0,10,3,100000,807,0.00807,1588,0.01588
0,10,4,100000,837,0.00837,1603,0.01603
0,10,5,100000,820,0.0082,1551,0.01551
0,11,0,100000,873,0.00873,1609,0.01609
0,11,1,100000,887,0.00887,1673,0.01673
0,11,2,100000,847,0.00847,1568,0.01568
0,11,3,100000,961,0.00961,1709,0.01709
0,11,4,100000,811,0.00811,1597,0.01597
0,11,5,100000,846,0.00846,1630,0.0163
0,12,0,100000,841,0.00841,1686,0.01686
0,12,1,100000,831,0.00831,1590,0.0159
0,12,2,100000,851,0.00851,1626,0.01626
0,12,3,100000,823,0.00823,1678,0.01678
0,12,4,100000,842,0.00842,1597,0.01597
0,12,5,100000,878,0.00878,1624,0.01624
0,13,0,100000,797,0.00797,1578,0.01578
0,13,1,100000,878,0.00878,1687,0.01687
0,13,2,100000,879,0.00879,1615,0.01615
0,13,3,100000,828,0.00828,1638,0.01638
0,13,4,100000,922,0.00922,1674,0.01674
0,13,5,100000,848,0.00848,1570,0.0157
0,14,0,100000,884,0.00884,1659,0.01659
0,14,1,100000,807,0.00807,1542,0.01542
0,14,2,100000,788,0.00788,1560,0.0156
0,14,3,100000,892,0.00892,1664,0.01664
0,14,4,100000,853,0.00853,1624,0.01624
0,14,5,100000,893,0.00893,1702,0.01702
0,15,0,100000,875,0.00875,1668,0.01668
0,15,1,100000,812,0.00812,1562,0.01562
0,15,2,100000,921,0.00921,1638,0.01638
0,15,3,100000,847,0.00847,1638,0.01638
0,15,4,100000,834,0.00834,1565,0.01565
0,15,5,100000,786,0.00786,1593,0.01593
0,16,0,100000,910,0.0091,1667,0.01667
0,16,1,100000,770,0.0077,1556,0.01556
0,16,2,100000,855,0.00855,1598,0.01598
0,16,3,100000,790,0.0079,1621,0.01621
0,16,4,100000,844,0.00844,1578,0.01578
0,16,5,100000,868,0.00868,1606,0.01606
0,17,0,100000,942,0.00942,1710,0.0171
0,17,1,100000,883,0.00883,1620,0.0162
0,17,2,100000,788,0.00788,1563,0.01563
0,17,3,100000,884,0.00884,1634,0.01634
0,17,4,100000,859,0.00859,1633,0.01633
0,17,5,100000,893,0.00893,1676,0.01676
0,18,0,100000,828,0.00828,1621,0.01621
0,18,1,100000,800,0.008,1593,0.01593
0,18,2,100000,839,0.00839,1608,0.01608
0,18,3,100000,928,0.00928,1736,0.01736
0,18,4,100000,885,0.00885,1578,0.01578
0,18,5,100000,916,0.00916,1606,0.01606
0,19,0,100000,905,0.00905,1691,0.01691
0,19,1,100000,861,0.00861,1639,0.01639
0,19,2,100000,831,0.00831,1641,0.01641
0,19,3,100000,828,0.00828,1585,0.01585
0,19,4,100000,808,0.00808,1594,0.01594
0,19,5,100000,832,0.00832,1570,0.0157
0,20,0,100000,805,0.00805,1627,0.01627
0,20,1,100000,805,0.00805,1604,0.01604
0,20,2,100000,874,0.00874,1640,0.0164
0,20,3,100000,893,0.00893,1693,0.01693
0,20,4,100000,887,0.00887,1643,0.01643
0,20,5,100000,881,0.00881,1661,0.01661
0,21,0,100000,906,0.00906,1693,0.01693
0,21,1,100000,835,0.00835,1626,0.01626
0,21,2,100000,904,0.00904,1611,0.01611
0,21,3,100000,875,0.00875,1668,0.01668
0,21,4,100000,838,0.00838,1590,0.0159
0,21,5,100000,892,0.00892,1611,0.01611
0,22,0,100000,825,0.00825,1673,0.01673
0,22,1,100000,901,0.00901,1631,0.01631
0,22,2,100000,741,0.00741,1516,0.01516
0,22,3,100000,810,0.0081,1607,0.01607
0,22,4,100000,851,0.00851,1583,0.01583
0,22,5,100000,840,0.0084,1599,0.01599
0,23,0,100000,840,0.0084,1670,0.0167
0,23,1,100000,866,0.00866,1592,0.01592
0,23,2,100000,830,0.0083,1573,0.01573
0,23,3,100000,857,0.00857,1639,0.01639
0,23,4,100000,831,0.00831,1612,0.01612
0,23,5,100000,832,0.00832,1635,0.01635
0,24,0,100000,835,0.00835,1619,0.01619
0,24,1,100000,824,0.00824,1620,0.0162
0,24,2,100000,845,0.00845,1612,0.01612
0,24,3,100000,776,0.00776,1585,0.01585
0,24,4,100000,834,0.00834,1570,0.0157
0,24,5,100000,890,0.0089,1702,0.01702
0,25,0,100000,884,0.00884,1661,0.01661
0,25,1,100000,830,0.0083,1612,0.01612
0,25,2,100000,817,0.00817,1611,0.01611
0,25,3,100000,844,0.00844,1624,0.01624
0,25,4,100000,782,0.00782,1581,0.01581
0,25,5,100000,819,0.00819,1657,0.01657
0,26,0,100000,845,0.00845,1577,0.01577
0,26,1,100000,793,0.00793,1485,0.01485
0,26,2,100000,871,0.00871,1642,0.01642
0,26,3,100000,795,0.00795,1632,0.01632
0,26,4,100000,821,0.00821,1550,0.0155
0,26,5,100000,842,0.00842,1623,0.01623
0,27,0,100000,907,0.00907,1632,0.01632
0,27,1,100000,806,0.00806,1563,0.01563
0,27,2,100000,896,0.00896,1657,0.01657
0,27,3,100000,884,0.00884,1624,0.01624
0,27,4,100000,849,0.00849,1609,0.01609
0,27,5,100000,822,0.00822,1608,0.01608
0,28,0,100000,852,0.00852,1647,0.01647
0,28,1,100000,808,0.00808,1537,0.01537
0,28,2,100000,837,0.00837,1567,0.01567
0,28,3,100000,898,0.00898,1640,0.0164
0,28,4,100000,812,0.00812,1608,0.01608
0,28,5,100000,833,0.00833,1512,0.01512
0,29,0,100000,857,0.00857,1703,0.01703
0,29,1,100000,918,0.00918,1695,0.01695
0,29,2,100000,844,0.00844,1609,0.01609
0,29,3,100000,848,0.00848,1605,0.01605
0,29,4,100000,827,0.00827,1681,0.01681
0,29,5,100000,882,0.00882,1614,0.01614
0,30,0,100000,834,0.00834,1601,0.01601
0,30,1,100000,860,0.0086,1558,0.01558
0,30,2,100000,875,0.00875,1633,0.01633
0,30,3,100000,923,0.00923,1686,0.01686
0,30,4,100000,859,0.00859,1569,0.01569
0,30,5,100000,877,0.00877,1642,0.01642
0,31,0,100000,900,0.009,1711,0.01711
0,31,1,100000,850,0.0085,1640,0.0164
0,31,2,100000,903,0.00903,1685,0.01685
0,31,3,100000,828,0.00828,1628,0.01628
0,31,4,100000,815,0.00815,1598,0.01598
0,31,5,100000,830,0.0083,1637,0.01637
0,32,0,100000,828,0.00828,1653,0.01653
0,32,1,100000,896,0.00896,1609,0.01609
0,32,2,100000,778,0.00778,1572,0.01572
0,32,3,100000,837,0.00837,1628,0.01628
0,32,4,100000,846,0.00846,1577,0.01577
0,32,5,100000,802,0.00802,1589,0.01589
0,33,0,100000,863,0.00863,1634,0.01634
0,33,1,100000,727,0.00727,1537,0.01537
0,33,2,100000,831,0.00831,1554,0.01554
0,33,3,100000,897,0.00897,1614,0.01614
0,33,4,100000,902,0.00902,1611,0.01611
0,33,5,100000,851,0.00851,1568,0.01568
0,34,0,100000,865,0.00865,1637,0.01637
0,34,1,100000,807,0.00807,1567,0.01567
0,34,2,100000,826,0.00826,1607,0.01607
0,34,3,100000,812,0.00812,1584,0.01584
0,34,4,100000,843,0.00843,1582,0.01582
0,34,5,100000,872,0.00872,1594,0.01594
0,35,0,100000,875,0.00875,1673,0.01673
0,35,1,100000,824,0.00824,1634,0.01634
0,35,2,100000,837,0.00837,1554,0.01554
0,35,3,100000,868,0.00868,1638,0.01638
0,35,4,100000,809,0.00809,1573,0.01573
0,35,5,100000,805,0.00805,1589,0.01589
0,36,0,100000,920,0.0092,1686,0.01686
0,36,1,100000,868,0.00868,1583,0.01583
0,36,2,100000,844,0.00844,1579,0.01579
0,36,3,100000,909,0.00909,1663,0.01663
0,36,4,100000,761,0.00761,1536,0.01536
0,36,5,100000,823,0.00823,1562,0.01562
0,37,0,100000,768,0.00768,1595,0.01595
0,37,1,100000,847,0.00847,1549,0.01549
0,37,2,100000,856,0.00856,1592,0.01592
0,37,3,100000,923,0.00923,1690,0.0169
0,37,4,100000,833,0.00833,1639,0.01639
0,37,5,100000,832,0.00832,1609,0.01609
0,38,0,100000,810,0.0081,1578,0.01578
0,38,1,100000,916,0.00916,1677,0.01677
0,38,2,100000,890,0.0089,1666,0.01666
0,38,3,100000,874,0.00874,1654,0.01654
0,38,4,100000,915,0.00915,1690,0.0169
0,38,5,100000,880,0.0088,1601,0.01601
0,39,0,100000,862,0.00862,1508,0.01508
0,39,1,100000,1144,0.01144,2049,0.02049
0,39,2,100000,1112,0.01112,2079,0.02079
0,39,3,100000,854,0.00854,1600,0.016
0,39,4,100000,865,0.00865,1531,0.01531
0,39,5,100000,803,0.00803,1546,0.01546
0,40,0,100000,443,0.00443,800,0.008
0,40,1,100000,648,0.00648,1185,0.01185
0,40,2,100000,632,0.00632,1188,0.01188
0,40,3,100000,440,0.0044,826,0.00826
0,40,4,100000,580,0.0058,958,0.00958
0,40,5,100000,484,0.00484,889,0.00889
0,41,0,100000,100,0.001,192,0.00192
0,41,1,100000,151,0.00151,279,0.00279
0,41,2,100000,129,0.00129,275,0.00275
0,41,3,100000,108,0.00108,224,0.00224
0,41,4,100000,55,0.00055,115,0.00115
0,41,5,100000,40,0.0004,116,0.00116
0,42,0,100000,18,0.00018,71,0.00071
0,42,1,100000,34,0.00034,85,0.00085
0,42,2,100000,54,0.00054,97,0.00097
0,42,3,100000,48,0.00048,94,0.00094
0,42,4,100000,45,0.00045,70,0.0007
0,42,5,100000,29,0.00029,74,0.00074
0,43,0,100000,34,0.00034,87,0.00087
0,43,1,100000,36,0.00036,81,0.00081
0,43,2,100000,39,0.00039,85,0.00085
0,43,3,100000,31,0.00031,85,0.00085
0,43,4,100000,42,0.00042,88,0.00088
0,43,5,100000,30,0.0003,90,0.0009
0,44,0,100000,40,0.0004,94,0.00094
0,44,1,100000,47,0.00047,81,0.00081
0,44,2,100000,40,0.0004,79,0.00079
0,44,3,100000,37,0.00037,74,0.00074
0,44,4,100000,51,0.00051,102,0.00102
0,44,5,100000,40,0.0004,89,0.00089
0,45,0,100000,31,0.00031,81,0.00081
0,45,1,100000,15,0.00015,58,0.00058
0,45,2,100000,46,0.00046,80,0.0008
0,45,3,100000,21,0.00021,68,0.00068
0,45,4,100000,30,0.0003,85,0.00085
0,45,5,100000,37,0.00037,74,0.00074
0,46,0,100000,40,0.0004,93,0.00093
0,46,1,100000,22,0.00022,72,0.00072
0,46,2,100000,22,0.00022,66,0.00066
0,46,3,100000,22,0.00022,62,0.00062
0,46,4,100000,34,0.00034,78,0.00078
0,46,5,100000,54,0.00054,98,0.00098
0,47,0,100000,48,0.00048,85,0.00085
0,47,1,100000,25,0.00025,68,0.00068
0,47,2,100000,64,0.00064,88,0.00088
0,47,3,100000,28,0.00028,87,0.00087
0,47,4,100000,20,0.0002,70,0.0007
0,47,5,100000,36,0.00036,74,0.00074
0,48,0,100000,47,0.00047,81,0.00081
0,48,1,100000,29,0.00029,85,0.00085
0,48,2,100000,48,0.00048,90,0.0009
0,48,3,100000,35,0.00035,71,0.00071
0,48,4,100000,13,0.00013,57,0.00057
0,48,5,100000,25,0.00025,78,0.00078
0,49,0,100000,28,0.00028,93,0.00093
0,49,1,100000,26,0.00026,69,0.00069
0,49,2,100000,9,9e-05,65,0.00065
0,49,3,100000,30,0.0003,83,0.00083
0,49,4,100000,23,0.00023,67,0.00067
0,49,5,100000,30,0.0003,73,0.00073
0,50,0,100000,22,0.00022,78,0.00078
0,50,1,100000,21,0.00021,65,0.00065
0,50,2,100000,23,0.00023,70,0.0007
0,50,3,100000,37,0.00037,75,0.00075
0,50,4,100000,70,0.0007,90,0.0009
0,50,5,100000,24,0.00024,65,0.00065
1,-50,0,100000,32,0.00032,82,0.00082
1,-50,1,100000,32,0.00032,69,0.00069
1,-50,2,100000,27,0.00027,97,0.00097
1,-50,3,100000,19,0.00019,75,0.00075
1,-50,4,100000,40,0.0004,70,0.0007
1,-50,5,100000,27,0.00027,80,0.0008
1,-49,0,100000,30,0.0003,58,0.00058
1,-49,1,100000,48,0.00048,87,0.00087
1,-49,2,100000,28,0.00028,79,0.00079
1,-49,3,100000,25,0.00025,57,0.00057
1,-49,4,100000,21,0.00021,65,0.00065
1,-49,5,100000,10,0.0001,67,0.00067
1,-48,0,100000,40,0.0004,106,0.00106
1,-48,1,100000,27,0.00027,84,0.00084
1,-48,2,100000,28,0.00028,76,0.00076
1,-48,3,100000,34,0.00034,60,0.0006
1,-48,4,100000,27,0.00027,68,0.00068
1,-48,5,100000,39,0.00039,87,0.00087
1,-47,0,100000,40,0.0004,83,0.00083
1,-47,1,100000,17,0.00017,67,0.00067
1,-47,2,100000,37,0.00037,78,0.00078
1,-47,3,100000,46,0.00046,77,0.00077
1,-47,4,100000,34,0.00034,68,0.00068
1,-47,5,100000,30,0.0003,63,0.00063
1,-46,0,100000,23,0.00023,73,0.00073
1,-46,1,100000,32,0.00032,79,0.00079
1,-46,2,100000,45,0.00045,82,0.00082
1,-46,3,100000,28,0.00028,87,0.00087
1,-46,4,100000,21,0.00021,90,0.0009
1,-46,5,100000,40,0.0004,93,0.00093
1,-45,0,100000,29,0.00029,92,0.00092
1,-45,1,100000,38,0.00038,73,0.00073
1,-45,2,100000,45,0.00045,69,0.00069
1,-45,3,100000,24,0.00024,80,0.0008
1,-45,4,100000,26,0.00026,81,0.00081
1,-45,5,100000,47,0.00047,85,0.00085
1,-44,0,100000,40,0.0004,78,0.00078
1,-44,1,100000,31,0.00031,81,0.00081
1,-44,2,100000,40,0.0004,99,0.00099
1,-44,3,100000,42,0.00042,100,0.001
1,-44,4,100000,44,0.00044,103,0.00103
1,-44,5,100000,20,0.0002,69,0.00069
1,-43,0,100000,33,0.00033,91,0.00091
1,-43,1,100000,48,0.00048,61,0.00061
1,-43,2,100000,46,0.00046,84,0.00084
1,-43,3,100000,37,0.00037,87,0.00087
1,-43,4,100000,29,0.00029,86,0.00086
1,-43,5,100000,38,0.00038,75,0.00075
1,-42,0,100000,47,0.00047,97,0.00097
1,-42,1,100000,31,0.00031,77,0.00077
1,-42,2,100000,34,0.00034,86,0.00086
1,-42,3,100000,46,0.00046,95,0.00095
1,-42,4,100000,32,0.00032,82,0.00082
1,-42,5,100000,32,0.00032,97,0.00097
1,-41,0,100000,91,0.00091,173,0.00173
1,-41,1,100000,79,0.00079,140,0.0014
1,-41,2,100000,54,0.00054,127,0.00127
1,-41,3,100000,121,0.00121,188,0.00188
1,-41,4,100000,139,0.00139,301,0.00301
1,-41,5,100000,136,0.00136,242,0.00242
1,-40,0,100000,524,0.00524,879,0.00879
1,-40,1,100000,495,0.00495,887,0.00887
1,-40,2,100000,496,0.00496,896,0.00896
1,-40,3,100000,483,0.00483,862,0.00862
1,-40,4,100000,639,0.00639,1158,0.01158
1,-40,5,100000,630,0.0063,1147,0.01147
1,-39,0,100000,897,0.00897,1566,0.01566
1,-39,1,100000,814,0.00814,1574,0.01574
1,-39,2,100000,803,0.00803,1434,0.01434
1,-39,3,100000,758,0.00758,1422,0.01422
1,-39,4,100000,1041,0.01041,1902,0.01902
1,-39,5,100000,1068,0.01068,2079,0.02079
1,-38,0,100000,921,0.00921,1704,0.01704
1,-38,1,100000,920,0.0092,1642,0.01642
1,-38,2,100000,766,0.00766,1457,0.01457
1,-38,3,100000,837,0.00837,1554,0.01554
1,-38,4,100000,775,0.00775,1627,0.01627
1,-38,5,100000,858,0.00858,1670,0.0167
1,-37,0,100000,915,0.00915,1736,0.01736
1,-37,1,100000,917,0.00917,1657,0.01657
1,-37,2,100000,824,0.00824,1596,0.01596
1,-37,3,100000,835,0.00835,1593,0.01593
1,-37,4,100000,825,0.00825,1528,0.01528
1,-37,5,100000,844,0.00844,1589,0.01589
1,-36,0,100000,918,0.00918,1720,0.0172
1,-36,1,100000,761,0.00761,1561,0.01561
1,-36,2,100000,758,0.00758,1494,0.01494
1,-36,3,100000,823,0.00823,1583,0.01583
1,-36,4,100000,826,0.00826,1548,0.01548
1,-36,5,100000,847,0.00847,1596,0.01596
1,-35,0,100000,819,0.00819,1646,0.01646
1,-35,1,100000,812,0.00812,1640,0.0164
1,-35,2,100000,770,0.0077,1452,0.01452
1,-35,3,100000,810,0.0081,1545,0.01545
1,-35,4,100000,854,0.00854,1596,0.01596
1,-35,5,100000,868,0.00868,1644,0.01644
1,-34,0,100000,924,0.00924,1746,0.01746
1,-34,1,100000,916,0.00916,1703,0.01703
1,-34,2,100000,739,0.00739,1479,0.01479
1,-34,3,100000,809,0.00809,1535,0.01535
1,-34,4,100000,863,0.00863,1618,0.01618
1,-34,5,100000,869,0.00869,1710,0.0171
1,-33,0,100000,900,0.009,1700,0.017
1,-33,1,100000,799,0.00799,1578,0.01578
1,-33,2,100000,848,0.00848,1561,0.01561
1,-33,3,100000,818,0.00818,1576,0.01576
1,-33,4,100000,794,0.00794,1480,0.0148
1,-33,5,100000,870,0.0087,1660,0.0166
1,-32,0,100000,899,0.00899,1733,0.01733
1,-32,1,100000,880,0.0088,1697,0.01697
1,-32,2,100000,771,0.00771,1531,0.01531
1,-32,3,100000,837,0.00837,1551,0.01551
1,-32,4,100000,838,0.00838,1588,0.01588
1,-32,5,100000,869,0.00869,1633,0.01633
1,-31,0,100000,925,0.00925,1760,0.0176
1,-31,1,100000,866,0.00866,1597,0.01597
1,-31,2,100000,789,0.00789,1541,0.01541
1,-31,3,100000,769,0.00769,1500,0.015
1,-31,4,100000,745,0.00745,1473,0.01473
1,-31,5,100000,932,0.00932,1660,0.0166
1,-30,0,100000,902,0.00902,1769,0.01769
1,-30,1,100000,844,0.00844,1668,0.01668
1,-30,2,100000,780,0.0078,1539,0.01539
1,-30,3,100000,851,0.00851,1562,0.01562
1,-30,4,100000,817,0.00817,1550,0.0155
1,-30,5,100000,910,0.0091,1645,0.01645
1,-29,0,100000,913,0.00913,1684,0.01684
1,-29,1,100000,881,0.00881,1607,0.01607
1,-29,2,100000,818,0.00818,1582,0.01582
1,-29,3,100000,860,0.0086,1590,0.0159
1,-29,4,100000,849,0.00849,1593,0.01593
1,-29,5,100000,842,0.00842,1614,0.01614
1,-28,0,100000,928,0.00928,1720,0.0172
1,-28,1,100000,852,0.00852,1610,0.0161
1,-28,2,100000,843,0.00843,1586,0.01586
1,-28,3,100000,803,0.00803,1517,0.01517
1,-28,4,100000,833,0.00833,1550,0.0155
1,-28,5,100000,831,0.00831,1661,0.01661
1,-27,0,100000,940,0.0094,1726,0.01726
1,-27,1,100000,885,0.00885,1668,0.01668
1,-27,2,100000,851,0.00851,1527,0.01527
1,-27,3,100000,877,0.00877,1562,0.01562
1,-27,4,100000,814,0.00814,1524,0.01524
1,-27,5,100000,828,0.00828,1592,0.01592
1,-26,0,100000,934,0.00934,1807,0.01807
1,-26,1,100000,893,0.00893,1629,0.01629
1,-26,2,100000,746,0.00746,1566,0.01566
1,-26,3,100000,828,0.00828,1631,0.01631
1,-26,4,100000,807,0.00807,1532,0.01532
1,-26,5,100000,819,0.00819,1609,0.01609
1,-25,0,100000,846,0.00846,1686,0.01686
1,-25,1,100000,881,0.00881,1638,0.01638
1,-25,2,100000,798,0.00798,1544,0.01544
1,-25,3,100000,820,0.0082,1578,0.01578
1,-25,4,100000,807,0.00807,1594,0.01594
1,-25,5,100000,853,0.00853,1620,0.0162
1,-24,0,100000,881,0.00881,1704,0.01704
1,-24,1,100000,871,0.00871,1607,0.01607
1,-24,2,100000,847,0.00847,1555,0.01555
1,-24,3,100000,862,0.00862,1562,0.01562
1,-24,4,100000,818,0.00818,1588,0.01588
1,-24,5,100000,868,0.00868,1630,0.0163
1,-23,0,100000,892,0.00892,1734,0.01734
1,-23,1,100000,849,0.00849,1610,0.0161
1,-23,2,100000,842,0.00842,1535,0.01535
1,-23,3,100000,841,0.00841,1551,0.01551
1,-23,4,100000,832,0.00832,1543,0.01543
1,-23,5,100000,841,0.00841,1684,0.01684
1,-22,0,100000,913,0.00913,1681,0.01681
1,-22,1,100000,870,0.0087,1599,0.01599
1,-22,2,100000,809,0.00809,1587,0.01587
1,-22,3,100000,823,0.00823,1579,0.01579
1,-22,4,100000,784,0.00784,1480,0.0148
1,-22,5,100000,937,0.00937,1631,0.01631
1,-21,0,100000,909,0.00909,1740,0.0174
1,-21,1,100000,866,0.00866,1611,0.01611
1,-21,2,100000,782,0.00782,1557,0.01557
1,-21,3,100000,807,0.00807,1573,0.01573
1,-21,4,100000,773,0.00773,1565,0.01565
1,-21,5,100000,876,0.00876,1625,0.01625
1,-20,0,100000,980,0.0098,1744,0.01744
1,-20,1,100000,850,0.0085,1597,0.01597
1,-20,2,100000,772,0.00772,1560,0.0156
1,-20,3,100000,807,0.00807,1608,0.01608
1,-20,4,100000,860,0.0086,1552,0.01552
1,-20,5,100000,874,0.00874,1579,0.01579
1,-19,0,100000,964,0.00964,1737,0.01737
1,-19,1,100000,874,0.00874,1634,0.01634
1,-19,2,100000,859,0.00859,1594,0.01594
1,-19,3,100000,834,0.00834,1526,0.01526
1,-19,4,100000,804,0.00804,1568,0.01568
1,-19,5,100000,842,0.00842,1605,0.01605
1,-18,0,100000,982,0.00982,1762,0.01762
1,-18,1,100000,799,0.00799,1622,0.01622
1,-18,2,100000,817,0.00817,1586,0.01586
1,-18,3,100000,880,0.0088,1582,0.01582
1,-18,4,100000,829,0.00829,1606,0.01606
1,-18,5,100000,882,0.00882,1652,0.01652
1,-17,0,100000,895,0.00895,1700,0.017
1,-17,1,100000,903,0.00903,1641,0.01641
1,-17,2,100000,778,0.00778,1514,0.01514
1,-17,3,100000,782,0.00782,1534,0.01534
1,-17,4,100000,832,0.00832,1562,0.01562
1,-17,5,100000,853,0.00853,1681,0.01681
1,-16,0,100000,839,0.00839,1611,0.01611
1,-16,1,100000,897,0.00897,1653,0.01653
1,-16,2,100000,843,0.00843,1589,0.01589
1,-16,3,100000,812,0.00812,1563,0.01563
1,-16,4,100000,840,0.0084,1608,0.01608
1,-16,5,100000,805,0.00805,1589,0.01589
1,-15,0,100000,892,0.00892,1754,0.01754
1,-15,1,100000,846,0.00846,1580,0.0158
1,-15,2,100000,829,0.00829,1542,0.01542
1,-15,3,100000,813,0.00813,1544,0.01544
1,-15,4,100000,826,0.00826,1542,0.01542
1,-15,5,100000,847,0.00847,1618,0.01618
1,-14,0,100000,843,0.00843,1647,0.01647
1,-14,1,100000,859,0.00859,1617,0.01617
1,-14,2,100000,864,0.00864,1544,0.01544
1,-14,3,100000,742,0.00742,1519,0.01519
1,-14,4,100000,894,0.00894,1593,0.01593
1,-14,5,100000,832,0.00832,1629,0.01629
1,-13,0,100000,872,0.00872,1702,0.01702
1,-13,1,100000,857,0.00857,1655,0.01655
1,-13,2,100000,794,0.00794,1596,0.01596
1,-13,3,100000,806,0.00806,1525,0.01525
1,-13,4,100000,834,0.00834,1591,0.01591
1,-13,5,100000,842,0.00842,1610,0.0161
1,-12,0,100000,931,0.00931,1760,0.0176
1,-12,1,100000,912,0.00912,1666,0.01666
1,-12,2,100000,810,0.0081,1571,0.01571
1,-12,3,100000,782,0.00782,1558,0.01558
1,-12,4,100000,868,0.00868,1620,0.0162
1,-12,5,100000,855,0.00855,1642,0.01642
1,-11,0,100000,860,0.0086,1682,0.01682
1,-11,1,100000,853,0.00853,1604,0.01604
1,-11,2,100000,853,0.00853,1561,0.01561
1,-11,3,100000,797,0.00797,1585,0.01585
1,-11,4,100000,827,0.00827,1641,0.01641
1,-11,5,100000,863,0.00863,1630,0.0163
1,-10,0,100000,926,0.00926,1716,0.01716
1,-10,1,100000,854,0.00854,1608,0.01608
1,-10,2,100000,830,0.0083,1607,0.01607
1,-10,3,100000,875,0.00875,1593,0.01593
1,-10,4,100000,852,0.00852,1622,0.01622
1,-10,5,100000,822,0.00822,1613,0.01613
1,-9,0,100000,912,0.00912,1717,0.01717
1,-9,1,100000,804,0.00804,1625,0.01625
1,-9,2,100000,792,0.00792,1538,0.01538
1,-9,3,100000,805,0.00805,1537,0.01537
1,-9,4,100000,817,0.00817,1515,0.01515
1,-9,5,100000,851,0.00851,1633,0.01633
1,-8,0,100000,920,0.0092,1772,0.01772
1,-8,1,100000,844,0.00844,1576,0.01576
1,-8,2,100000,811,0.00811,1566,0.01566
1,-8,3,100000,846,0.00846,1575,0.01575
1,-8,4,100000,797,0.00797,1616,0.01616
1,-8,5,100000,863,0.00863,1645,0.01645
1,-7,0,100000,884,0.00884,1699,0.01699
1,-7,1,100000,812,0.00812,1587,0.01587
1,-7,2,100000,781,0.00781,1461,0.01461
1,-7,3,100000,884,0.00884,1605,0.01605
1,-7,4,100000,815,0.00815,1521,0.01521
1,-7,5,100000,828,0.00828,1587,0.01587
1,-6,0,100000,913,0.00913,1695,0.01695
1,-6,1,100000,863,0.00863,1611,0.01611
1,-6,2,100000,814,0.00814,1541,0.01541
1,-6,3,100000,768,0.00768,1540,0.0154
1,-6,4,100000,778,0.00778,1537,0.01537
1,-6,5,100000,820,0.0082,1603,0.01603
1,-5,0,100000,912,0.00912,1698,0.01698
1,-5,1,100000,856,0.00856,1621,0.01621
1,-5,2,100000,825,0.00825,1526,0.01526
1,-5,3,100000,827,0.00827,1555,0.01555
1,-5,4,100000,810,0.0081,1565,0.01565
1,-5,5,100000,859,0.00859,1628,0.01628
1,-4,0,100000,850,0.0085,1753,0.01753
1,-4,1,100000,790,0.0079,1607,0.01607
1,-4,2,100000,859,0.00859,1586,0.01586
1,-4,3,100000,873,0.00873,1637,0.01637
1,-4,4,100000,869,0.00869,1620,0.0162
1,-4,5,100000,799,0.00799,1585,0.01585
1,-3,0,100000,879,0.00879,1718,0.01718
1,-3,1,100000,865,0.00865,1717,0.01717
1,-3,2,100000,845,0.00845,1603,0.01603
1,-3,3,100000,857,0.00857,1618,0.01618
1,-3,4,100000,841,0.00841,1589,0.01589
1,-3,5,100000,844,0.00844,1648,0.01648
1,-2,0,100000,837,0.00837,1662,0.01662
1,-2,1,100000,807,0.00807,1606,0.01606
1,-2,2,100000,841,0.00841,1621,0.01621
1,-2,3,100000,852,0.00852,1631,0.01631
1,-2,4,100000,858,0.00858,1605,0.01605
1,-2,5,100000,838,0.00838,1574,0.01574
1,-1,0,100000,928,0.00928,1727,0.01727
1,-1,1,100000,773,0.00773,1532,0.01532
1,-1,2,100000,878,0.00878,1582,0.01582
1,-1,3,100000,820,0.0082,1541,0.01541
1,-1,4,100000,797,0.00797,1545,0.01545
1,-1,5,100000,857,0.00857,1643,0.01643
1,0,0,100000,865,0.00865,1559,0.01559
1,0,1,100000,866,0.00866,1569,0.01569
1,0,2,100000,819,0.00819,1543,0.01543
1,0,3,100000,816,0.00816,1482,0.01482
1,0,4,100000,830,0.0083,1511,0.01511
1,0,5,100000,774,0.00774,1498,0.01498
1,1,0,100000,948,0.00948,1741,0.01741
1,1,1,100000,827,0.00827,1556,0.01556
1,1,2,100000,753,0.00753,1485,0.01485
1,1,3,100000,843,0.00843,1557,0.01557
1,1,4,100000,771,0.00771,1564,0.01564
1,1,5,100000,825,0.00825,1594,0.01594
1,2,0,100000,844,0.00844,1656,0.01656
1,2,1,100000,862,0.00862,1588,0.01588
1,2,2,100000,858,0.00858,1587,0.01587
1,2,3,100000,784,0.00784,1533,0.01533
1,2,4,100000,863,0.00863,1593,0.01593
1,2,5,100000,848,0.00848,1590,0.0159
1,3,0,100000,868,0.00868,1666,0.01666
1,3,1,100000,884,0.00884,1663,0.01663
1,3,2,100000,799,0.00799,1522,0.01522
1,3,3,100000,791,0.00791,1569,0.01569
1,3,4,100000,786,0.00786,1495,0.01495
1,3,5,100000,901,0.00901,1701,0.01701
1,4,0,100000,905,0.00905,1727,0.01727
1,4,1,100000,901,0.00901,1643,0.01643
1,4,2,100000,765,0.00765,1490,0.0149
1,4,3,100000,784,0.00784,1577,0.01577
1,4,4,100000,783,0.00783,1557,0.01557
1,4,5,100000,888,0.00888,1714,0.01714
1,5,0,100000,881,0.00881,1683,0.01683
1,5,1,100000,823,0.00823,1640,0.0164
1,5,2,100000,856,0.00856,1529,0.01529
1,5,3,100000,828,0.00828,1548,0.01548
1,5,4,100000,850,0.0085,1629,0.01629
1,5,5,100000,794,0.00794,1590,0.0159
1,6,0,100000,889,0.00889,1693,0.01693
1,6,1,100000,842,0.00842,1681,0.01681
1,6,2,100000,820,0.0082,1532,0.01532
1,6,3,100000,779,0.00779,1507,0.01507
1,6,4,100000,771,0.00771,1571,0.01571
1,6,5,100000,829,0.00829,1596,0.01596
1,7,0,100000,941,0.00941,1689,0.01689
1,7,1,100000,836,0.00836,1608,0.01608
1,7,2,100000,826,0.00826,1532,0.01532
1,7,3,100000,755,0.00755,1561,0.01561
1,7,4,100000,858,0.00858,1597,0.01597
1,7,5,100000,845,0.00845,1615,0.01615
1,8,0,100000,861,0.00861,1678,0.01678
1,8,1,100000,854,0.00854,1595,0.01595
1,8,2,100000,923,0.00923,1632,0.01632
1,8,3,100000,924,0.00924,1582,0.01582
1,8,4,100000,811,0.00811,1552,0.01552
1,8,5,100000,855,0.00855,1637,0.01637
1,9,0,100000,870,0.0087,1672,0.01672
1,9,1,100000,778,0.00778,1573,0.01573
1,9,2,100000,781,0.00781,1477,0.01477
1,9,3,100000,823,0.00823,1562,0.01562
1,9,4,100000,792,0.00792,1568,0.01568
1,9,5,100000,836,0.00836,1659,0.01659
1,10,0,100000,909,0.00909,1738,0.01738
1,10,1,100000,879,0.00879,1600,0.016
1,10,2,100000,791,0.00791,1551,0.01551
1,10,3,100000,807,0.00807,1542,0.01542
1,10,4,100000,788,0.00788,1548,0.01548
1,10,5,100000,943,0.00943,1665,0.01665
1,11,0,100000,892,0.00892,1707,0.01707
1,11,1,100000,909,0.00909,1669,0.01669
1,11,2,100000,841,0.00841,1550,0.0155
1,11,3,100000,842,0.00842,1537,0.01537
1,11,4,100000,845,0.00845,1571,0.01571
1,11,5,100000,881,0.00881,1632,0.01632
1,12,0,100000,850,0.0085,1721,0.01721
1,12,1,100000,832,0.00832,1621,0.01621
1,12,2,100000,843,0.00843,1601,0.01601
1,12,3,100000,797,0.00797,1525,0.01525
1,12,4,100000,800,0.008,1565,0.01565
1,12,5,100000,828,0.00828,1593,0.01593
1,13,0,100000,870,0.0087,1712,0.01712
1,13,1,100000,843,0.00843,1613,0.01613
1,13,2,100000,805,0.00805,1484,0.01484
1,13,3,100000,795,0.00795,1544,0.01544
1,13,4,100000,775,0.00775,1479,0.01479
1,13,5,100000,859,0.00859,1676,0.01676
1,14,0,100000,951,0.00951,1779,0.01779
1,14,1,100000,834,0.00834,1551,0.01551
1,14,2,100000,838,0.00838,1557,0.01557
1,14,3,100000,761,0.00761,1511,0.01511
1,14,4,100000,798,0.00798,1593,0.01593
1,14,5,100000,941,0.00941,1646,0.01646
1,15,0,100000,907,0.00907,1686,0.01686
1,15,1,100000,884,0.00884,1652,0.01652
1,15,2,100000,739,0.00739,1461,0.01461
1,15,3,100000,799,0.00799,1559,0.01559
1,15,4,100000,758,0.00758,1503,0.01503
1,15,5,100000,902,0.00902,1637,0.01637
1,16,0,100000,834,0.00834,1694,0.01694
1,16,1,100000,872,0.00872,1664,0.01664
1,16,2,100000,789,0.00789,1571,0.01571
1,16,3,100000,874,0.00874,1594,0.01594
1,16,4,100000,809,0.00809,1509,0.01509
1,16,5,100000,835,0.00835,1623,0.01623
1,17,0,100000,897,0.00897,1728,0.01728
1,17,1,100000,852,0.00852,1661,0.01661
1,17,2,100000,799,0.00799,1546,0.01546
1,17,3,100000,880,0.0088,1565,0.01565
1,17,4,100000,844,0.00844,1631,0.01631
1,17,5,100000,876,0.00876,1663,0.01663
1,18,0,100000,848,0.00848,1651,0.01651
1,18,1,100000,833,0.00833,1581,0.01581
1,18,2,100000,851,0.00851,1601,0.01601
1,18,3,100000,817,0.00817,1577,0.01577
1,18,4,100000,835,0.00835,1528,0.01528
1,18,5,100000,947,0.00947,1658,0.01658
1,19,0,100000,900,0.009,1672,0.01672
1,19,1,100000,862,0.00862,1586,0.01586
1,19,2,100000,826,0.00826,1582,0.01582
1,19,3,100000,855,0.00855,1614,0.01614
1,19,4,100000,851,0.00851,1580,0.0158
1,19,5,100000,893,0.00893,1674,0.01674
1,20,0,100000,929,0.00929,1714,0.01714
1,20,1,100000,883,0.00883,1703,0.01703
1,20,2,100000,814,0.00814,1506,0.01506
1,20,3,100000,800,0.008,1518,0.01518
1,20,4,100000,791,0.00791,1492,0.01492
1,20,5,100000,852,0.00852,1593,0.01593
1,21,0,100000,813,0.00813,1692,0.01692
1,21,1,100000,833,0.00833,1657,0.01657
1,21,2,100000,821,0.00821,1558,0.01558
1,21,3,100000,877,0.00877,1657,0.01657
1,21,4,100000,825,0.00825,1563,0.01563
1,21,5,100000,875,0.00875,1674,0.01674
1,22,0,100000,927,0.00927,1672,0.01672
1,22,1,100000,920,0.0092,1683,0.01683
1,22,2,100000,804,0.00804,1587,0.01587
1,22,3,100000,842,0.00842,1528,0.01528
1,22,4,100000,828,0.00828,1535,0.01535
1,22,5,100000,892,0.00892,1692,0.01692
1,23,0,100000,873,0.00873,1734,0.01734
1,23,1,100000,853,0.00853,1689,0.01689
1,23,2,100000,835,0.00835,1564,0.01564
1,23,3,100000,802,0.00802,1543,0.01543
1,23,4,100000,858,0.00858,1592,0.01592
1,23,5,100000,843,0.00843,1652,0.01652
1,24,0,100000,953,0.00953,1747,0.01747
1,24,1,100000,882,0.00882,1713,0.01713
1,24,2,100000,744,0.00744,1472,0.01472
1,24,3,100000,772,0.00772,1527,0.01527
1,24,4,100000,835,0.00835,1561,0.01561
1,24,5,100000,821,0.00821,1612,0.01612
1,25,0,100000,978,0.00978,1707,0.01707
1,25,1,100000,897,0.00897,1657,0.01657
1,25,2,100000,845,0.00845,1573,0.01573
1,25,3,100000,783,0.00783,1459,0.01459
1,25,4,100000,823,0.00823,1568,0.01568
1,25,5,100000,851,0.00851,1627,0.01627
1,26,0,100000,837,0.00837,1659,0.01659
1,26,1,100000,801,0.00801,1514,0.01514
1,26,2,100000,747,0.00747,1512,0.01512
1,26,3,100000,823,0.00823,1567,0.01567
1,26,4,100000,788,0.00788,1563,0.01563
1,26,5,100000,838,0.00838,1679,0.01679
1,27,0,100000,926,0.00926,1758,0.01758
1,27,1,100000,879,0.00879,1684,0.01684
1,27,2,100000,827,0.00827,1573,0.01573
1,27,3,100000,835,0.00835,1570,0.0157
1,27,4,100000,884,0.00884,1529,0.01529
1,27,5,100000,934,0.00934,1678,0.01678
1,28,0,100000,908,0.00908,1765,0.01765
1,28,1,100000,854,0.00854,1691,0.01691
1,28,2,100000,830,0.0083,1543,0.01543
1,28,3,100000,831,0.00831,1575,0.01575
1,28,4,100000,829,0.00829,1568,0.01568
1,28,5,100000,873,0.00873,1673,0.01673
1,29,0,100000,888,0.00888,1679,0.01679
1,29,1,100000,877,0.00877,1645,0.01645
1,29,2,100000,834,0.00834,1551,0.01551
1,29,3,100000,840,0.0084,1562,0.01562
1,29,4,100000,819,0.00819,1557,0.01557
1,29,5,100000,857,0.00857,1639,0.01639
1,30,0,100000,889,0.00889,1720,0.0172
1,30,1,100000,934,0.00934,1661,0.01661
1,30,2,100000,810,0.0081,1502,0.01502
1,30,3,100000,878,0.00878,1541,0.01541
1,30,4,100000,874,0.00874,1533,0.01533
1,30,5,100000,823,0.00823,1639,0.01639
1,31,0,100000,851,0.00851,1640,0.0164
1,31,1,100000,813,0.00813,1624,0.01624
1,31,2,100000,819,0.00819,1615,0.01615
1,31,3,100000,849,0.00849,1570,0.0157
1,31,4,100000,813,0.00813,1496,0.01496
1,31,5,100000,861,0.00861,1589,0.01589
1,32,0,100000,966,0.00966,1754,0.01754
1,32,1,100000,838,0.00838,1605,0.01605
1,32,2,100000,825,0.00825,1534,0.01534
1,32,3,100000,809,0.00809,1598,0.01598
1,32,4,100000,854,0.00854,1597,0.01597
1,32,5,100000,807,0.00807,1615,0.01615
1,33,0,100000,879,0.00879,1716,0.01716
1,33,1,100000,870,0.0087,1675,0.01675
1,33,2,100000,814,0.00814,1533,0.01533
1,33,3,100000,847,0.00847,1573,0.01573
1,33,4,100000,787,0.00787,1560,0.0156
1,33,5,100000,886,0.00886,1719,0.01719
1,34,0,100000,940,0.0094,1785,0.01785
1,34,1,100000,931,0.00931,1688,0.01688
1,34,2,100000,855,0.00855,1631,0.01631
1,34,3,100000,864,0.00864,1598,0.01598
1,34,4,100000,898,0.00898,1565,0.01565
1,34,5,100000,843,0.00843,1722,0.01722
1,35,0,100000,900,0.009,1685,0.01685
1,35,1,100000,900,0.009,1669,0.01669
1,35,2,100000,785,0.00785,1520,0.0152
1,35,3,100000,822,0.00822,1585,0.01585
1,35,4,100000,846,0.00846,1619,0.01619
1,35,5,100000,820,0.0082,1626,0.01626
1,36,0,100000,877,0.00877,1729,0.01729
1,36,1,100000,779,0.00779,1580,0.0158
1,36,2,100000,828,0.00828,1582,0.01582
1,36,3,100000,866,0.00866,1655,0.01655
1,36,4,100000,832,0.00832,1584,0.01584
1,36,5,100000,842,0.00842,1616,0.01616
1,37,0,100000,891,0.00891,1730,0.0173
1,37,1,100000,837,0.00837,1584,0.01584
1,37,2,100000,828,0.00828,1546,0.01546
1,37,3,100000,829,0.00829,1552,0.01552
1,37,4,100000,831,0.00831,1549,0.01549
1,37,5,100000,900,0.009,1665,0.01665
1,38,0,100000,889,0.00889,1662,0.01662
1,38,1,100000,847,0.00847,1653,0.01653
1,38,2,100000,913,0.00913,1702,0.01702
1,38,3,100000,805,0.00805,1531,0.01531
1,38,4,100000,878,0.00878,1531,0.01531
1,38,5,100000,879,0.00879,1664,0.01664
1,39,0,100000,827,0.00827,1523,0.01523
1,39,1,100000,1107,0.01107,1996,0.01996
1,39,2,100000,987,0.00987,1975,0.01975
1,39,3,100000,764,0.00764,1473,0.01473
1,39,4,100000,809,0.00809,1528,0.01528
1,39,5,100000,803,0.00803,1542,0.01542
1,40,0,100000,504,0.00504,883,0.00883
1,40,1,100000,665,0.00665,1193,0.01193
1,40,2,100000,599,0.00599,1115,0.01115
1,40,3,100000,431,0.00431,795,0.00795
1,40,4,100000,411,0.00411,797,0.00797
1,40,5,100000,491,0.00491,877,0.00877
1,41,0,100000,106,0.00106,208,0.00208
1,41,1,100000,140,0.0014,270,0.0027
1,41,2,100000,129,0.00129,257,0.00257
1,41,3,100000,92,0.00092,171,0.00171
1,41,4,100000,76,0.00076,132,0.00132
1,41,5,100000,52,0.00052,108,0.00108
1,42,0,100000,25,0.00025,84,0.00084
1,42,1,100000,43,0.00043,92,0.00092
1,42,2,100000,35,0.00035,97,0.00097
1,42,3,100000,41,0.00041,97,0.00097
1,42,4,100000,46,0.00046,81,0.00081
1,42,5,100000,22,0.00022,76,0.00076
1,43,0,100000,58,0.00058,105,0.00105
1,43,1,100000,44,0.00044,82,0.00082
1,43,2,100000,33,0.00033,83,0.00083
1,43,3,100000,41,0.00041,96,0.00096
1,43,4,100000,35,0.00035,74,0.00074
1,43,5,100000,41,0.00041,74,0.00074
1,44,0,100000,49,0.00049,86,0.00086
1,44,1,100000,39,0.00039,80,0.0008
1,44,2,100000,24,0.00024,67,0.00067
1,44,3,100000,34,0.00034,81,0.00081
1,44,4,100000,38,0.00038,73,0.00073
1,44,5,100000,32,0.00032,89,0.00089
1,45,0,100000,47,0.00047,77,0.00077
1,45,1,100000,28,0.00028,82,0.00082
1,45,2,100000,29,0.00029,71,0.00071
1,45,3,100000,25,0.00025,64,0.00064
1,45,4,100000,21,0.00021,76,0.00076
1,45,5,100000,23,0.00023,78,0.00078
1,46,0,100000,28,0.00028,74,0.00074
1,46,1,100000,21,0.00021,75,0.00075
1,46,2,100000,37,0.00037,89,0.00089
1,46,3,100000,41,0.00041,93,0.00093
1,46,4,100000,36,0.00036,73,0.00073
1,46,5,100000,28,0.00028,89,0.00089
1,47,0,100000,31,0.00031,83,0.00083
1,47,1,100000,40,0.0004,72,0.00072
1,47,2,100000,31,0.00031,75,0.00075
1,47,3,100000,26,0.00026,81,0.00081
1,47,4,100000,39,0.00039,70,0.0007
1,47,5,100000,33,0.00033,73,0.00073
1,48,0,100000,34,0.00034,81,0.00081
1,48,1,100000,28,0.00028,64,0.00064
1,48,2,100000,32,0.00032,71,0.00071
1,48,3,100000,33,0.00033,76,0.00076
1,48,4,100000,29,0.00029,68,0.00068
1,48,5,100000,31,0.00031,73,0.00073
1,49,0,100000,33,0.00033,74,0.00074
1,49,1,100000,31,0.00031,88,0.00088
1,49,2,100000,21,0.00021,74,0.00074
1,49,3,100000,25,0.00025,78,0.00078
1,49,4,100000,39,0.00039,73,0.00073
1,49,5,100000,25,0.00025,70,0.0007
1,50,0,100000,39,0.00039,96,0.00096
1,50,1,100000,25,0.00025,73,0.00073
1,50,2,100000,27,0.00027,81,0.00081
1,50,3,100000,28,0.00028,76,0.00076
1,50,4,100000,36,0.00036,88,0.00088
1,50,5,100000,29,0.00029,67,0.00067
2,-50,0,100000,37,0.00037,78,0.00078
2,-50,1,100000,37,0.00037,75,0.00075
2,-50,2,100000,23,0.00023,69,0.00069
2,-50,3,100000,44,0.00044,80,0.0008
2,-50,4,100000,22,0.00022,83,0.00083
2,-50,5,100000,36,0.00036,92,0.00092
2,-49,0,100000,34,0.00034,76,0.00076
2,-49,1,100000,37,0.00037,82,0.00082
2,-49,2,100000,39,0.00039,93,0.00093
2,-49,3,100000,36,0.00036,80,0.0008
2,-49,4,100000,31,0.00031,78,0.00078
2,-49,5,100000,24,0.00024,57,0.00057
2,-48,0,100000,36,0.00036,73,0.00073
2,-48,1,100000,29,0.00029,97,0.00097
2,-48,2,100000,29,0.00029,77,0.00077
2,-48,3,100000,28,0.00028,88,0.00088
2,-48,4,100000,25,0.00025,81,0.00081
2,-48,5,100000,51,0.00051,86,0.00086
2,-47,0,100000,40,0.0004,84,0.00084
2,-47,1,100000,36,0.00036,87,0.00087
2,-47,2,100000,21,0.00021,77,0.00077
2,-47,3,100000,39,0.00039,74,0.00074
2,-47,4,100000,20,0.0002,71,0.00071
2,-47,5,100000,39,0.00039,84,0.00084
2,-46,0,100000,36,0.00036,78,0.00078
2,-46,1,100000,30,0.0003,89,0.00089
2,-46,2,100000,14,0.00014,56,0.00056
2,-46,3,100000,37,0.00037,77,0.00077
2,-46,4,100000,29,0.00029,83,0.00083
2,-46,5,100000,43,0.00043,89,0.00089
2,-45,0,100000,39,0.00039,93,0.00093
2,-45,1,100000,25,0.00025,85,0.00085
2,-45,2,100000,41,0.00041,104,0.00104
2,-45,3,100000,51,0.00051,86,0.00086
2,-45,4,100000,23,0.00023,75,0.00075
2,-45,5,100000,56,0.00056,84,0.00084
2,-44,0,100000,47,0.00047,89,0.00089
2,-44,1,100000,48,0.00048,72,0.00072
2,-44,2,100000,34,0.00034,94,0.00094
2,-44,3,100000,38,0.00038,85,0.00085
2,-44,4,100000,22,0.00022,75,0.00075
2,-44,5,100000,35,0.00035,68,0.00068
2,-43,0,100000,62,0.00062,96,0.00096
2,-43,1,100000,43,0.00043,92,0.00092
2,-43,2,100000,16,0.00016,67,0.00067
2,-43,3,100000,24,0.00024,85,0.00085
2,-43,4,100000,50,0.0005,91,0.00091
2,-43,5,100000,66,0.00066,91,0.00091
2,-42,0,100000,33,0.00033,80,0.0008
2,-42,1,100000,26,0.00026,63,0.00063
2,-42,2,100000,23,0.00023,62,0.00062
2,-42,3,100000,36,0.00036,87,0.00087
2,-42,4,100000,39,0.00039,94,0.00094
2,-42,5,100000,33,0.00033,72,0.00072
2,-41,0,100000,94,0.00094,185,0.00185
2,-41,1,100000,42,0.00042,114,0.00114
2,-41,2,100000,66,0.00066,121,0.00121
2,-41,3,100000,107,0.00107,196,0.00196
2,-41,4,100000,139,0.00139,261,0.00261
2,-41,5,100000,118,0.00118,253,0.00253
2,-40,0,100000,497,0.00497,860,0.0086
2,-40,1,100000,508,0.00508,922,0.00922
2,-40,2,100000,466,0.00466,853,0.00853
2,-40,3,100000,435,0.00435,808,0.00808
2,-40,4,100000,681,0.00681,1124,0.01124
2,-40,5,100000,660,0.0066,1154,0.01154
2,-39,0,100000,857,0.00857,1613,0.01613
2,-39,1,100000,935,0.00935,1580,0.0158
2,-39,2,100000,788,0.00788,1456,0.01456
2,-39,3,100000,713,0.00713,1379,0.01379
2,-39,4,100000,1038,0.01038,1968,0.01968
2,-39,5,100000,1025,0.01025,1878,0.01878
2,-38,0,100000,985,0.00985,1737,0.01737
2,-38,1,100000,885,0.00885,1662,0.01662
2,-38,2,100000,795,0.00795,1506,0.01506
2,-38,3,100000,724,0.00724,1401,0.01401
2,-38,4,100000,856,0.00856,1628,0.01628
2,-38,5,100000,893,0.00893,1769,0.01769
2,-37,0,100000,921,0.00921,1733,0.01733
2,-37,1,100000,773,0.00773,1554,0.01554
2,-37,2,100000,832,0.00832,1534,0.01534
2,-37,3,100000,788,0.00788,1523,0.01523
2,-37,4,100000,785,0.00785,1504,0.01504
2,-37,5,100000,837,0.00837,1632,0.01632
2,-36,0,100000,978,0.00978,1804,0.01804
2,-36,1,100000,881,0.00881,1668,0.01668
2,-36,2,100000,755,0.00755,1442,0.01442
2,-36,3,100000,771,0.00771,1416,0.01416
2,-36,4,100000,828,0.00828,1497,0.01497
2,-36,5,100000,882,0.00882,1617,0.01617
2,-35,0,100000,883,0.00883,1780,0.0178
2,-35,1,100000,859,0.00859,1623,0.01623
2,-35,2,100000,820,0.0082,1526,0.01526
2,-35,3,100000,769,0.00769,1530,0.0153
2,-35,4,100000,818,0.00818,1582,0.01582
2,-35,5,100000,846,0.00846,1627,0.01627
2,-34,0,100000,891,0.00891,1812,0.01812
2,-34,1,100000,870,0.0087,1659,0.01659
2,-34,2,100000,795,0.00795,1484,0.01484
2,-34,3,100000,780,0.0078,1513,0.01513
2,-34,4,100000,776,0.00776,1508,0.01508
2,-34,5,100000,864,0.00864,1636,0.01636
2,-33,0,100000,949,0.00949,1840,0.0184
2,-33,1,100000,922,0.00922,1663,0.01663
2,-33,2,100000,783,0.00783,1489,0.01489
2,-33,3,100000,755,0.00755,1444,0.01444
2,-33,4,100000,722,0.00722,1439,0.01439
2,-33,5,100000,838,0.00838,1581,0.01581
2,-32,0,100000,903,0.00903,1751,0.01751
2,-32,1,100000,957,0.00957,1729,0.01729
2,-32,2,100000,823,0.00823,1502,0.01502
2,-32,3,100000,877,0.00877,1565,0.01565
2,-32,4,100000,824,0.00824,1516,0.01516
2,-32,5,100000,858,0.00858,1691,0.01691
2,-31,0,100000,846,0.00846,1761,0.01761
2,-31,1,100000,880,0.0088,1601,0.01601
2,-31,2,100000,816,0.00816,1552,0.01552
2,-31,3,100000,774,0.00774,1485,0.01485
2,-31,4,100000,824,0.00824,1528,0.01528
2,-31,5,100000,945,0.00945,1780,0.0178
2,-30,0,100000,914,0.00914,1757,0.01757
2,-30,1,100000,883,0.00883,1671,0.01671
2,-30,2,100000,783,0.00783,1535,0.01535
2,-30,3,100000,773,0.00773,1460,0.0146
2,-30,4,100000,811,0.00811,1532,0.01532
2,-30,5,100000,816,0.00816,1623,0.01623
2,-29,0,100000,939,0.00939,1732,0.01732
2,-29,1,100000,899,0.00899,1648,0.01648
2,-29,2,100000,758,0.00758,1491,0.01491
2,-29,3,100000,775,0.00775,1530,0.0153
2,-29,4,100000,786,0.00786,1525,0.01525
2,-29,5,100000,889,0.00889,1617,0.01617
2,-28,0,100000,920,0.0092,1788,0.01788
2,-28,1,100000,953,0.00953,1716,0.01716
2,-28,2,100000,832,0.00832,1503,0.01503
2,-28,3,100000,785,0.00785,1497,0.01497
2,-28,4,100000,770,0.0077,1455,0.01455
2,-28,5,100000,866,0.00866,1629,0.01629
2,-27,0,100000,933,0.00933,1763,0.01763
2,-27,1,100000,892,0.00892,1713,0.01713
2,-27,2,100000,820,0.0082,1503,0.01503
2,-27,3,100000,759,0.00759,1426,0.01426
2,-27,4,100000,827,0.00827,1528,0.01528
2,-27,5,100000,828,0.00828,1671,0.01671
2,-26,0,100000,943,0.00943,1821,0.01821
2,-26,1,100000,847,0.00847,1719,0.01719
2,-26,2,100000,782,0.00782,1512,0.01512
2,-26,3,100000,727,0.00727,1447,0.01447
2,-26,4,100000,769,0.00769,1477,0.01477
2,-26,5,100000,812,0.00812,1614,0.01614
2,-25,0,100000,874,0.00874,1710,0.0171
2,-25,1,100000,864,0.00864,1646,0.01646
2,-25,2,100000,800,0.008,1514,0.01514
2,-25,3,100000,794,0.00794,1507,0.01507
2,-25,4,100000,768,0.00768,1477,0.01477
2,-25,5,100000,816,0.00816,1568,0.01568
2,-24,0,100000,881,0.00881,1731,0.01731
2,-24,1,100000,926,0.00926,1651,0.01651
2,-24,2,100000,808,0.00808,1543,0.01543
2,-24,3,100000,767,0.00767,1521,0.01521
2,-24,4,100000,794,0.00794,1485,0.01485
2,-24,5,100000,832,0.00832,1650,0.0165
2,-23,0,100000,969,0.00969,1817,0.01817
2,-23,1,100000,870,0.0087,1628,0.01628
2,-23,2,100000,839,0.00839,1472,0.01472
2,-23,3,100000,841,0.00841,1471,0.01471
2,-23,4,100000,817,0.00817,1537,0.01537
2,-23,5,100000,868,0.00868,1687,0.01687
2,-22,0,100000,906,0.00906,1734,0.01734
2,-22,1,100000,928,0.00928,1674,0.01674
2,-22,2,100000,795,0.00795,1470,0.0147
2,-22,3,100000,779,0.00779,1461,0.01461
2,-22,4,100000,802,0.00802,1527,0.01527
2,-22,5,100000,896,0.00896,1710,0.0171
2,-21,0,100000,918,0.00918,1803,0.01803
2,-21,1,100000,860,0.0086,1727,0.01727
2,-21,2,100000,830,0.0083,1514,0.01514
2,-21,3,100000,729,0.00729,1498,0.01498
2,-21,4,100000,787,0.00787,1506,0.01506
2,-21,5,100000,938,0.00938,1778,0.01778
2,-20,0,100000,916,0.00916,1806,0.01806
2,-20,1,100000,929,0.00929,1707,0.01707
2,-20,2,100000,772,0.00772,1500,0.015
2,-20,3,100000,751,0.00751,1477,0.01477
2,-20,4,100000,803,0.00803,1486,0.01486
2,-20,5,100000,891,0.00891,1701,0.01701
2,-19,0,100000,957,0.00957,1733,0.01733
2,-19,1,100000,858,0.00858,1661,0.01661
2,-19,2,100000,798,0.00798,1505,0.01505
2,-19,3,100000,817,0.00817,1535,0.01535
2,-19,4,100000,740,0.0074,1480,0.0148
2,-19,5,100000,932,0.00932,1679,0.01679
2,-18,0,100000,962,0.00962,1821,0.01821
2,-18,1,100000,800,0.008,1659,0.01659
2,-18,2,100000,811,0.00811,1486,0.01486
2,-18,3,100000,751,0.00751,1551,0.01551
2,-18,4,100000,876,0.00876,1575,0.01575
2,-18,5,100000,928,0.00928,1666,0.01666
2,-17,0,100000,933,0.00933,1762,0.01762
2,-17,1,100000,862,0.00862,1589,0.01589
2,-17,2,100000,783,0.00783,1475,0.01475
2,-17,3,100000,763,0.00763,1492,0.01492
2,-17,4,100000,777,0.00777,1468,0.01468
2,-17,5,100000,910,0.0091,1679,0.01679
2,-16,0,100000,905,0.00905,1697,0.01697
2,-16,1,100000,932,0.00932,1674,0.01674
2,-16,2,100000,812,0.00812,1551,0.01551
2,-16,3,100000,742,0.00742,1468,0.01468
2,-16,4,100000,730,0.0073,1508,0.01508
2,-16,5,100000,940,0.0094,1680,0.0168
2,-15,0,100000,962,0.00962,1771,0.01771
2,-15,1,100000,852,0.00852,1612,0.01612
2,-15,2,100000,744,0.00744,1493,0.01493
2,-15,3,100000,738,0.00738,1475,0.01475
2,-15,4,100000,788,0.00788,1450,0.0145
2,-15,5,100000,898,0.00898,1628,0.01628
2,-14,0,100000,953,0.00953,1762,0.01762
2,-14,1,100000,842,0.00842,1618,0.01618
2,-14,2,100000,745,0.00745,1510,0.0151
2,-14,3,100000,757,0.00757,1447,0.01447
2,-14,4,100000,769,0.00769,1471,0.01471
2,-14,5,100000,869,0.00869,1656,0.01656
2,-13,0,100000,932,0.00932,1783,0.01783
2,-13,1,100000,843,0.00843,1612,0.01612
2,-13,2,100000,814,0.00814,1574,0.01574
2,-13,3,100000,787,0.00787,1495,0.01495
2,-13,4,100000,852,0.00852,1528,0.01528
2,-13,5,100000,854,0.00854,1645,0.01645
2,-12,0,100000,908,0.00908,1785,0.01785
2,-12,1,100000,895,0.00895,1635,0.01635
2,-12,2,100000,848,0.00848,1525,0.01525
2,-12,3,100000,804,0.00804,1481,0.01481
2,-12,4,100000,839,0.00839,1503,0.01503
2,-12,5,100000,808,0.00808,1658,0.01658
2,-11,0,100000,886,0.00886,1757,0.01757
2,-11,1,100000,832,0.00832,1716,0.01716
2,-11,2,100000,791,0.00791,1518,0.01518
2,-11,3,100000,745,0.00745,1473,0.01473
2,-11,4,100000,734,0.00734,1449,0.01449
2,-11,5,100000,872,0.00872,1636,0.01636
2,-10,0,100000,845,0.00845,1734,0.01734
2,-10,1,100000,871,0.00871,1636,0.01636
2,-10,2,100000,783,0.00783,1465,0.01465
2,-10,3,100000,780,0.0078,1462,0.01462
2,-10,4,100000,800,0.008,1548,0.01548
2,-10,5,100000,893,0.00893,1703,0.01703
2,-9,0,100000,911,0.00911,1729,0.01729
2,-9,1,100000,880,0.0088,1695,0.01695
2,-9,2,100000,787,0.00787,1433,0.01433
2,-9,3,100000,799,0.00799,1413,0.01413
2,-9,4,100000,762,0.00762,1488,0.01488
2,-9,5,100000,873,0.00873,1680,0.0168
2,-8,0,100000,922,0.00922,1783,0.01783
2,-8,1,100000,889,0.00889,1666,0.01666
2,-8,2,100000,913,0.00913,1593,0.01593
2,-8,3,100000,743,0.00743,1468,0.01468
2,-8,4,100000,838,0.00838,1532,0.01532
2,-8,5,100000,849,0.00849,1721,0.01721
2,-7,0,100000,944,0.00944,1751,0.01751
2,-7,1,100000,855,0.00855,1639,0.01639
2,-7,2,100000,803,0.00803,1490,0.0149
2,-7,3,100000,794,0.00794,1470,0.0147
2,-7,4,100000,809,0.00809,1466,0.01466
2,-7,5,100000,860,0.0086,1643,0.01643
2,-6,0,100000,967,0.00967,1735,0.01735
2,-6,1,100000,885,0.00885,1695,0.01695
2,-6,2,100000,796,0.00796,1490,0.0149
2,-6,3,100000,755,0.00755,1415,0.01415
2,-6,4,100000,823,0.00823,1571,0.01571
2,-6,5,100000,892,0.00892,1674,0.01674
2,-5,0,100000,978,0.00978,1824,0.01824
2,-5,1,100000,858,0.00858,1619,0.01619
2,-5,2,100000,766,0.00766,1468,0.01468
2,-5,3,100000,789,0.00789,1500,0.015
2,-5,4,100000,772,0.00772,1493,0.01493
2,-5,5,100000,894,0.00894,1665,0.01665
2,-4,0,100000,912,0.00912,1704,0.01704
2,-4,1,100000,859,0.00859,1646,0.01646
2,-4,2,100000,753,0.00753,1509,0.01509
2,-4,3,100000,758,0.00758,1441,0.01441
2,-4,4,100000,844,0.00844,1554,0.01554
2,-4,5,100000,837,0.00837,1675,0.01675
2,-3,0,100000,954,0.00954,1783,0.01783
2,-3,1,100000,875,0.00875,1683,0.01683
2,-3,2,100000,804,0.00804,1533,0.01533
2,-3,3,100000,740,0.0074,1417,0.01417
2,-3,4,100000,850,0.0085,1539,0.01539
2,-3,5,100000,911,0.00911,1631,0.01631
2,-2,0,100000,954,0.00954,1856,0.01856
2,-2,1,100000,873,0.00873,1695,0.01695
2,-2,2,100000,804,0.00804,1574,0.01574
2,-2,3,100000,763,0.00763,1492,0.01492
2,-2,4,100000,780,0.0078,1481,0.01481
2,-2,5,100000,876,0.00876,1726,0.01726
2,-1,0,100000,887,0.00887,1733,0.01733
2,-1,1,100000,943,0.00943,1725,0.01725
2,-1,2,100000,760,0.0076,1535,0.01535
2,-1,3,100000,758,0.00758,1508,0.01508
2,-1,4,100000,822,0.00822,1489,0.01489
2,-1,5,100000,789,0.00789,1640,0.0164
2,0,0,100000,953,0.00953,1783,0.01783
2,0,1,100000,889,0.00889,1704,0.01704
2,0,2,100000,739,0.00739,1429,0.01429
2,0,3,100000,803,0.00803,1493,0.01493
2,0,4,100000,790,0.0079,1511,0.01511
2,0,5,100000,826,0.00826,1658,0.01658
2,1,0,100000,905,0.00905,1753,0.01753
2,1,1,100000,855,0.00855,1648,0.01648
2,1,2,100000,832,0.00832,1486,0.01486
2,1,3,100000,755,0.00755,1490,0.0149
2,1,4,100000,832,0.00832,1570,0.0157
2,1,5,100000,844,0.00844,1654,0.01654
2,2,0,100000,861,0.00861,1662,0.01662
2,2,1,100000,864,0.00864,1690,0.0169
2,2,2,100000,791,0.00791,1472,0.01472
2,2,3,100000,690,0.0069,1455,0.01455
2,2,4,100000,788,0.00788,1460,0.0146
2,2,5,100000,917,0.00917,1720,0.0172
2,3,0,100000,902,0.00902,1807,0.01807
2,3,1,100000,831,0.00831,1652,0.01652
2,3,2,100000,751,0.00751,1500,0.015
2,3,3,100000,766,0.00766,1449,0.01449
2,3,4,100000,731,0.00731,1437,0.01437
2,3,5,100000,862,0.00862,1641,0.01641
2,4,0,100000,918,0.00918,1732,0.01732
2,4,1,100000,851,0.00851,1641,0.01641
2,4,2,100000,789,0.00789,1475,0.01475
2,4,3,100000,791,0.00791,1438,0.01438
2,4,4,100000,831,0.00831,1508,0.01508
2,4,5,100000,823,0.00823,1643,0.01643
2,5,0,100000,894,0.00894,1764,0.01764
2,5,1,100000,849,0.00849,1654,0.01654
2,5,2,100000,832,0.00832,1566,0.01566
2,5,3,100000,764,0.00764,1462,0.01462
2,5,4,100000,802,0.00802,1551,0.01551
2,5,5,100000,933,0.00933,1678,0.01678
2,6,0,100000,890,0.0089,1736,0.01736
2,6,1,100000,902,0.00902,1679,0.01679
2,6,2,100000,890,0.0089,1579,0.01579
2,6,3,100000,822,0.00822,1566,0.01566
2,6,4,100000,754,0.00754,1457,0.01457
2,6,5,100000,860,0.0086,1675,0.01675
2,7,0,100000,930,0.0093,1743,0.01743
2,7,1,100000,815,0.00815,1667,0.01667
2,7,2,100000,817,0.00817,1524,0.01524
2,7,3,100000,825,0.00825,1522,0.01522
2,7,4,100000,788,0.00788,1485,0.01485
2,7,5,100000,847,0.00847,1653,0.01653
2,8,0,100000,929,0.00929,1769,0.01769
2,8,1,100000,917,0.00917,1679,0.01679
2,8,2,100000,862,0.00862,1500,0.015
2,8,3,100000,751,0.00751,1426,0.01426
2,8,4,100000,796,0.00796,1507,0.01507
2,8,5,100000,960,0.0096,1672,0.01672
2,9,0,100000,942,0.00942,1778,0.01778
2,9,1,100000,808,0.00808,1567,0.01567
2,9,2,100000,868,0.00868,1513,0.01513
2,9,3,100000,728,0.00728,1498,0.01498
2,9,4,100000,794,0.00794,1445,0.01445
2,9,5,100000,943,0.00943,1744,0.01744
2,10,0,100000,1001,0.01001,1776,0.01776
2,10,1,100000,816,0.00816,1589,0.01589
2,10,2,100000,770,0.0077,1496,0.01496
2,10,3,100000,708,0.00708,1456,0.01456
2,10,4,100000,790,0.0079,1489,0.01489
2,10,5,100000,884,0.00884,1698,0.01698
2,11,0,100000,904,0.00904,1770,0.0177
2,11,1,100000,874,0.00874,1658,0.01658
2,11,2,100000,821,0.00821,1522,0.01522
2,11,3,100000,782,0.00782,1484,0.01484
2,11,4,100000,821,0.00821,1559,0.01559
2,11,5,100000,909,0.00909,1648,0.01648
2,12,0,100000,894,0.00894,1790,0.0179
2,12,1,100000,887,0.00887,1671,0.01671
2,12,2,100000,771,0.00771,1493,0.01493
2,12,3,100000,743,0.00743,1510,0.0151
2,12,4,100000,782,0.00782,1496,0.01496
2,12,5,100000,805,0.00805,1634,0.01634
2,13,0,100000,986,0.00986,1834,0.01834
2,13,1,100000,898,0.00898,1702,0.01702
2,13,2,100000,809,0.00809,1541,0.01541
2,13,3,100000,747,0.00747,1497,0.01497
2,13,4,100000,826,0.00826,1517,0.01517
2,13,5,100000,898,0.00898,1627,0.01627
2,14,0,100000,849,0.00849,1762,0.01762
2,14,1,100000,896,0.00896,1682,0.01682
2,14,2,100000,825,0.00825,1533,0.01533
2,14,3,100000,782,0.00782,1536,0.01536
2,14,4,100000,742,0.00742,1466,0.01466
2,14,5,100000,985,0.00985,1757,0.01757
2,15,0,100000,883,0.00883,1734,0.01734
2,15,1,100000,877,0.00877,1646,0.01646
2,15,2,100000,836,0.00836,1535,0.01535
2,15,3,100000,750,0.0075,1454,0.01454
2,15,4,100000,791,0.00791,1473,0.01473
2,15,5,100000,813,0.00813,1669,0.01669
2,16,0,100000,998,0.00998,1813,0.01813
2,16,1,100000,816,0.00816,1576,0.01576
2,16,2,100000,788,0.00788,1526,0.01526
2,16,3,100000,772,0.00772,1543,0.01543
2,16,4,100000,824,0.00824,1511,0.01511
2,16,5,100000,820,0.0082,1638,0.01638
2,17,0,100000,870,0.0087,1705,0.01705
2,17,1,100000,830,0.0083,1667,0.01667
2,17,2,100000,786,0.00786,1493,0.01493
2,17,3,100000,755,0.00755,1473,0.01473
2,17,4,100000,799,0.00799,1533,0.01533
2,17,5,100000,924,0.00924,1625,0.01625
2,18,0,100000,935,0.00935,1727,0.01727
2,18,1,100000,868,0.00868,1644,0.01644
2,18,2,100000,772,0.00772,1541,0.01541
2,18,3,100000,771,0.00771,1532,0.01532
2,18,4,100000,793,0.00793,1536,0.01536
2,18,5,100000,838,0.00838,1700,0.017
2,19,0,100000,937,0.00937,1793,0.01793
2,19,1,100000,910,0.0091,1606,0.01606
2,19,2,100000,805,0.00805,1544,0.01544
2,19,3,100000,817,0.00817,1514,0.01514
2,19,4,100000,818,0.00818,1550,0.0155
2,19,5,100000,886,0.00886,1616,0.01616
2,20,0,100000,904,0.00904,1717,0.01717
2,20,1,100000,852,0.00852,1653,0.01653
2,20,2,100000,881,0.00881,1554,0.01554
2,20,3,100000,809,0.00809,1566,0.01566
2,20,4,100000,804,0.00804,1487,0.01487
2,20,5,100000,944,0.00944,1748,0.01748
2,21,0,100000,900,0.009,1767,0.01767
2,21,1,100000,875,0.00875,1675,0.01675
2,21,2,100000,849,0.00849,1613,0.01613
2,21,3,100000,825,0.00825,1528,0.01528
2,21,4,100000,708,0.00708,1412,0.01412
2,21,5,100000,813,0.00813,1610,0.0161
2,22,0,100000,954,0.00954,1787,0.01787
2,22,1,100000,827,0.00827,1629,0.01629
2,22,2,100000,822,0.00822,1554,0.01554
2,22,3,100000,804,0.00804,1529,0.01529
2,22,4,100000,755,0.00755,1548,0.01548
2,22,5,100000,863,0.00863,1660,0.0166
2,23,0,100000,976,0.00976,1806,0.01806
2,23,1,100000,819,0.00819,1649,0.01649
2,23,2,100000,754,0.00754,1498,0.01498
2,23,3,100000,820,0.0082,1526,0.01526
2,23,4,100000,796,0.00796,1536,0.01536
2,23,5,100000,964,0.00964,1695,0.01695
2,24,0,100000,970,0.0097,1797,0.01797
2,24,1,100000,776,0.00776,1633,0.01633
2,24,2,100000,825,0.00825,1533,0.01533
2,24,3,100000,727,0.00727,1439,0.01439
2,24,4,100000,740,0.0074,1523,0.01523
2,24,5,100000,879,0.00879,1666,0.01666
2,25,0,100000,969,0.00969,1808,0.01808
2,25,1,100000,852,0.00852,1666,0.01666
2,25,2,100000,832,0.00832,1527,0.01527
2,25,3,100000,731,0.00731,1460,0.0146
2,25,4,100000,785,0.00785,1469,0.01469
2,25,5,100000,919,0.00919,1652,0.01652
2,26,0,100000,938,0.00938,1738,0.01738
2,26,1,100000,835,0.00835,1621,0.01621
2,26,2,100000,810,0.0081,1523,0.01523
2,26,3,100000,729,0.00729,1465,0.01465
2,26,4,100000,854,0.00854,1541,0.01541
2,26,5,100000,842,0.00842,1639,0.01639
2,27,0,100000,882,0.00882,1738,0.01738
2,27,1,100000,951,0.00951,1701,0.01701
2,27,2,100000,749,0.00749,1457,0.01457
2,27,3,100000,797,0.00797,1470,0.0147
2,27,4,100000,826,0.00826,1543,0.01543
2,27,5,100000,857,0.00857,1605,0.01605
2,28,0,100000,875,0.00875,1715,0.01715
2,28,1,100000,880,0.0088,1687,0.01687
2,28,2,100000,843,0.00843,1549,0.01549
2,28,3,100000,788,0.00788,1477,0.01477
2,28,4,100000,846,0.00846,1565,0.01565
2,28,5,100000,900,0.009,1724,0.01724
2,29,0,100000,917,0.00917,1720,0.0172
2,29,1,100000,828,0.00828,1646,0.01646
2,29,2,100000,789,0.00789,1516,0.01516
2,29,3,100000,756,0.00756,1441,0.01441
2,29,4,100000,853,0.00853,1514,0.01514
2,29,5,100000,859,0.00859,1648,0.01648
2,30,0,100000,913,0.00913,1783,0.01783
2,30,1,100000,890,0.0089,1645,0.01645
2,30,2,100000,802,0.00802,1506,0.01506
2,30,3,100000,729,0.00729,1463,0.01463
2,30,4,100000,795,0.00795,1540,0.0154
2,30,5,100000,829,0.00829,1633,0.01633
2,31,0,100000,942,0.00942,1887,0.01887
2,31,1,100000,789,0.00789,1709,0.01709
2,31,2,100000,782,0.00782,1469,0.01469
2,31,3,100000,779,0.00779,1437,0.01437
2,31,4,100000,833,0.00833,1545,0.01545
2,31,5,100000,869,0.00869,1644,0.01644
2,32,0,100000,956,0.00956,1789,0.01789
2,32,1,100000,821,0.00821,1623,0.01623
2,32,2,100000,784,0.00784,1498,0.01498
2,32,3,100000,719,0.00719,1441,0.01441
2,32,4,100000,871,0.00871,1489,0.01489
2,32,5,100000,808,0.00808,1615,0.01615
2,33,0,100000,1057,0.01057,1833,0.01833
2,33,1,100000,900,0.009,1660,0.0166
2,33,2,100000,820,0.0082,1530,0.0153
2,33,3,100000,830,0.0083,1514,0.01514
2,33,4,100000,770,0.0077,1484,0.01484
2,33,5,100000,878,0.00878,1653,0.01653
2,34,0,100000,984,0.00984,1779,0.01779
2,34,1,100000,917,0.00917,1686,0.01686
2,34,2,100000,805,0.00805,1532,0.01532
2,34,3,100000,779,0.00779,1503,0.01503
2,34,4,100000,852,0.00852,1611,0.01611
2,34,5,100000,893,0.00893,1655,0.01655
2,35,0,100000,979,0.00979,1831,0.01831
2,35,1,100000,810,0.0081,1589,0.01589
2,35,2,100000,888,0.00888,1536,0.01536
2,35,3,100000,824,0.00824,1532,0.01532
2,35,4,100000,846,0.00846,1539,0.01539
2,35,5,100000,829,0.00829,1636,0.01636
2,36,0,100000,891,0.00891,1641,0.01641
2,36,1,100000,842,0.00842,1675,0.01675
2,36,2,100000,754,0.00754,1482,0.01482
2,36,3,100000,771,0.00771,1452,0.01452
2,36,4,100000,735,0.00735,1445,0.01445
2,36,5,100000,849,0.00849,1664,0.01664
2,37,0,100000,840,0.0084,1744,0.01744
2,37,1,100000,815,0.00815,1585,0.01585
2,37,2,100000,730,0.0073,1445,0.01445
2,37,3,100000,772,0.00772,1421,0.01421
2,37,4,100000,819,0.00819,1476,0.01476
2,37,5,100000,936,0.00936,1714,0.01714
2,38,0,100000,835,0.00835,1666,0.01666
2,38,1,100000,951,0.00951,1707,0.01707
2,38,2,100000,943,0.00943,1624,0.01624
2,38,3,100000,775,0.00775,1446,0.01446
2,38,4,100000,869,0.00869,1514,0.01514
2,38,5,100000,915,0.00915,1639,0.01639
2,39,0,100000,842,0.00842,1594,0.01594
2,39,1,100000,1098,0.01098,1949,0.01949
2,39,2,100000,1039,0.01039,1994,0.01994
2,39,3,100000,766,0.00766,1381,0.01381
2,39,4,100000,748,0.00748,1433,0.01433
2,39,5,100000,881,0.00881,1604,0.01604
2,40,0,100000,429,0.00429,914,0.00914
2,40,1,100000,615,0.00615,1109,0.01109
2,40,2,100000,633,0.00633,1113,0.01113
2,40,3,100000,447,0.00447,774,0.00774
2,40,4,100000,460,0.0046,821,0.00821
2,40,5,100000,517,0.00517,907,0.00907
2,41,0,100000,99,0.00099,213,0.00213
2,41,1,100000,157,0.00157,267,0.00267
2,41,2,100000,154,0.00154,281,0.00281
2,41,3,100000,91,0.00091,191,0.00191
2,41,4,100000,59,0.00059,116,0.00116
2,41,5,100000,50,0.0005,121,0.00121
2,42,0,100000,36,0.00036,97,0.00097
2,42,1,100000,37,0.00037,80,0.0008
2,42,2,100000,40,0.0004,91,0.00091
2,42,3,100000,41,0.00041,93,0.00093
2,42,4,100000,26,0.00026,82,0.00082
2,42,5,100000,43,0.00043,85,0.00085
2,43,0,100000,25,0.00025,83,0.00083
2,43,1,100000,36,0.00036,103,0.00103
2,43,2,100000,35,0.00035,88,0.00088
2,43,3,100000,40,0.0004,89,0.00089
2,43,4,100000,36,0.00036,82,0.00082
2,43,5,100000,25,0.00025,86,0.00086
2,44,0,100000,19,0.00019,78,0.00078
2,44,1,100000,35,0.00035,77,0.00077
2,44,2,100000,22,0.00022,82,0.00082
2,44,3,100000,55,0.00055,98,0.00098
2,44,4,100000,48,0.00048,74,0.00074
2,44,5,100000,25,0.00025,73,0.00073
2,45,0,100000,32,0.00032,85,0.00085
2,45,1,100000,34,0.00034,87,0.00087
2,45,2,100000,34,0.00034,74,0.00074
2,45,3,100000,52,0.00052,87,0.00087
2,45,4,100000,38,0.00038,84,0.00084
2,45,5,100000,39,0.00039,83,0.00083
2,46,0,100000,35,0.00035,80,0.0008
2,46,1,100000,34,0.00034,76,0.00076
2,46,2,100000,13,0.00013,71,0.00071
2,46,3,100000,21,0.00021,74,0.00074
2,46,4,100000,41,0.00041,71,0.00071
2,46,5,100000,42,0.00042,71,0.00071
2,47,0,100000,27,0.00027,56,0.00056
2,47,1,100000,32,0.00032,84,0.00084
2,47,2,100000,33,0.00033,88,0.00088
2,47,3,100000,34,0.00034,97,0.00097
2,47,4,100000,38,0.00038,79,0.00079
2,47,5,100000,37,0.00037,94,0.00094
2,48,0,100000,26,0.00026,84,0.00084
2,48,1,100000,41,0.00041,89,0.00089
2,48,2,100000,38,0.00038,69,0.00069
2,48,3,100000,25,0.00025,68,0.00068
2,48,4,100000,20,0.0002,68,0.00068
2,48,5,100000,21,0.00021,67,0.00067
2,49,0,100000,25,0.00025,89,0.00089
2,49,1,100000,30,0.0003,75,0.00075
2,49,2,100000,51,0.00051,70,0.0007
2,49,3,100000,33,0.00033,73,0.00073
2,49,4,100000,10,0.0001,48,0.00048
2,49,5,100000,12,0.00012,68,0.00068
2,50,0,100000,27,0.00027,71,0.00071
2,50,1,100000,28,0.00028,63,0.00063
2,50,2,100000,51,0.00051,66,0.00066
2,50,3,100000,44,0.00044,85,0.00085
2,50,4,100000,17,0.00017,68,0.00068
2,50,5,100000,35,0.00035,74,0.00074
3,-50,0,100000,25,0.00025,67,0.00067
3,-50,1,100000,15,0.00015,55,0.00055
3,-50,2,100000,34,0.00034,67,0.00067
3,-50,3,100000,33,0.00033,71,0.00071
3,-50,4,100000,25,0.00025,62,0.00062
3,-50,5,100000,47,0.00047,80,0.0008
3,-49,0,100000,40,0.0004,68,0.00068
3,-49,1,100000,28,0.00028,73,0.00073
3,-49,2,100000,35,0.00035,72,0.00072
3,-49,3,100000,42,0.00042,74,0.00074
3,-49,4,100000,26,0.00026,82,0.00082
3,-49,5,100000,26,0.00026,62,0.00062
3,-48,0,100000,36,0.00036,91,0.00091
3,-48,1,100000,35,0.00035,65,0.00065
3,-48,2,100000,29,0.00029,87,0.00087
3,-48,3,100000,22,0.00022,84,0.00084
3,-48,4,100000,34,0.00034,79,0.00079
3,-48,5,100000,26,0.00026,80,0.0008
3,-47,0,100000,23,0.00023,66,0.00066
3,-47,1,100000,35,0.00035,87,0.00087
3,-47,2,100000,37,0.00037,80,0.0008
3,-47,3,100000,36,0.00036,67,0.00067
3,-47,4,100000,44,0.00044,63,0.00063
3,-47,5,100000,16,0.00016,66,0.00066
3,-46,0,100000,21,0.00021,80,0.0008
3,-46,1,100000,40,0.0004,78,0.00078
3,-46,2,100000,29,0.00029,70,0.0007
3,-46,3,100000,30,0.0003,82,0.00082
3,-46,4,100000,47,0.00047,84,0.00084
3,-46,5,100000,35,0.00035,75,0.00075
3,-45,0,100000,31,0.00031,81,0.00081
3,-45,1,100000,27,0.00027,62,0.00062
3,-45,2,100000,36,0.00036,85,0.00085
3,-45,3,100000,35,0.00035,103,0.00103
3,-45,4,100000,29,0.00029,92,0.00092
3,-45,5,100000,17,0.00017,74,0.00074
3,-44,0,100000,35,0.00035,76,0.00076
3,-44,1,100000,25,0.00025,80,0.0008
3,-44,2,100000,36,0.00036,80,0.0008
3,-44,3,100000,44,0.00044,99,0.00099
3,-44,4,100000,29,0.00029,86,0.00086
3,-44,5,100000,36,0.00036,84,0.00084
3,-43,0,100000,44,0.00044,85,0.00085
3,-43,1,100000,43,0.00043,81,0.00081
3,-43,2,100000,31,0.00031,88,0.00088
3,-43,3,100000,24,0.00024,94,0.00094
3,-43,4,100000,40,0.0004,85,0.00085
3,-43,5,100000,44,0.00044,93,0.00093
3,-42,0,100000,28,0.00028,79,0.00079
3,-42,1,100000,43,0.00043,85,0.00085
3,-42,2,100000,42,0.00042,70,0.0007
3,-42,3,100000,42,0.00042,96,0.00096
3,-42,4,100000,29,0.00029,86,0.00086
3,-42,5,100000,54,0.00054,99,0.00099
3,-41,0,100000,122,0.00122,212,0.00212
3,-41,1,100000,80,0.0008,148,0.00148
3,-41,2,100000,85,0.00085,119,0.00119
3,-41,3,100000,101,0.00101,211,0.00211
3,-41,4,100000,186,0.00186,298,0.00298
3,-41,5,100000,154,0.00154,297,0.00297
3,-40,0,100000,472,0.00472,919,0.00919
3,-40,1,100000,492,0.00492,895,0.00895
3,-40,2,100000,440,0.0044,820,0.0082
3,-40,3,100000,398,0.00398,696,0.00696
3,-40,4,100000,679,0.00679,1130,0.0113
3,-40,5,100000,654,0.00654,1146,0.01146
3,-39,0,100000,917,0.00917,1643,0.01643
3,-39,1,100000,875,0.00875,1565,0.01565
3,-39,2,100000,775,0.00775,1445,0.01445
3,-39,3,100000,764,0.00764,1267,0.01267
3,-39,4,100000,988,0.00988,1902,0.01902
3,-39,5,100000,1090,0.0109,1976,0.01976
3,-38,0,100000,999,0.00999,1836,0.01836
3,-38,1,100000,880,0.0088,1654,0.01654
3,-38,2,100000,765,0.00765,1394,0.01394
3,-38,3,100000,726,0.00726,1410,0.0141
3,-38,4,100000,877,0.00877,1600,0.016
3,-38,5,100000,920,0.0092,1717,0.01717
3,-37,0,100000,925,0.00925,1779,0.01779
3,-37,1,100000,951,0.00951,1717,0.01717
3,-37,2,100000,800,0.008,1504,0.01504
3,-37,3,100000,718,0.00718,1366,0.01366
3,-37,4,100000,783,0.00783,1481,0.01481
3,-37,5,100000,997,0.00997,1696,0.01696
3,-36,0,100000,912,0.00912,1785,0.01785
3,-36,1,100000,932,0.00932,1739,0.01739
3,-36,2,100000,799,0.00799,1545,0.01545
3,-36,3,100000,782,0.00782,1408,0.01408
3,-36,4,100000,808,0.00808,1467,0.01467
3,-36,5,100000,866,0.00866,1666,0.01666
3,-35,0,100000,884,0.00884,1729,0.01729
3,-35,1,100000,888,0.00888,1673,0.01673
3,-35,2,100000,788,0.00788,1449,0.01449
3,-35,3,100000,772,0.00772,1491,0.01491
3,-35,4,100000,823,0.00823,1500,0.015
3,-35,5,100000,899,0.00899,1674,0.01674
3,-34,0,100000,873,0.00873,1769,0.01769
3,-34,1,100000,953,0.00953,1680,0.0168
3,-34,2,100000,822,0.00822,1509,0.01509
3,-34,3,100000,756,0.00756,1380,0.0138
3,-34,4,100000,788,0.00788,1471,0.01471
3,-34,5,100000,889,0.00889,1725,0.01725
3,-33,0,100000,926,0.00926,1795,0.01795
3,-33,1,100000,917,0.00917,1623,0.01623
3,-33,2,100000,777,0.00777,1508,0.01508
3,-33,3,100000,720,0.0072,1404,0.01404
3,-33,4,100000,805,0.00805,1513,0.01513
3,-33,5,100000,926,0.00926,1717,0.01717
3,-32,0,100000,982,0.00982,1861,0.01861
3,-32,1,100000,901,0.00901,1642,0.01642
3,-32,2,100000,799,0.00799,1506,0.01506
3,-32,3,100000,758,0.00758,1399,0.01399
3,-32,4,100000,830,0.0083,1486,0.01486
3,-32,5,100000,890,0.0089,1604,0.01604
3,-31,0,100000,941,0.00941,1826,0.01826
3,-31,1,100000,882,0.00882,1696,0.01696
3,-31,2,100000,767,0.00767,1478,0.01478
3,-31,3,100000,709,0.00709,1356,0.01356
3,-31,4,100000,760,0.0076,1477,0.01477
3,-31,5,100000,887,0.00887,1754,0.01754
3,-30,0,100000,989,0.00989,1861,0.01861
3,-30,1,100000,890,0.0089,1648,0.01648
3,-30,2,100000,845,0.00845,1528,0.01528
3,-30,3,100000,732,0.00732,1389,0.01389
3,-30,4,100000,748,0.00748,1433,0.01433
3,-30,5,100000,893,0.00893,1701,0.01701
3,-29,0,100000,912,0.00912,1735,0.01735
3,-29,1,100000,874,0.00874,1702,0.01702
3,-29,2,100000,837,0.00837,1536,0.01536
3,-29,3,100000,759,0.00759,1448,0.01448
3,-29,4,100000,741,0.00741,1466,0.01466
3,-29,5,100000,894,0.00894,1641,0.01641
3,-28,0,100000,996,0.00996,1838,0.01838
3,-28,1,100000,854,0.00854,1597,0.01597
3,-28,2,100000,735,0.00735,1445,0.01445
3,-28,3,100000,754,0.00754,1422,0.01422
3,-28,4,100000,803,0.00803,1448,0.01448
3,-28,5,100000,831,0.00831,1633,0.01633
3,-27,0,100000,906,0.00906,1774,0.01774
3,-27,1,100000,823,0.00823,1572,0.01572
3,-27,2,100000,815,0.00815,1516,0.01516
3,-27,3,100000,758,0.00758,1428,0.01428
3,-27,4,100000,777,0.00777,1491,0.01491
3,-27,5,100000,967,0.00967,1695,0.01695
3,-26,0,100000,957,0.00957,1888,0.01888
3,-26,1,100000,853,0.00853,1659,0.01659
3,-26,2,100000,788,0.00788,1510,0.0151
3,-26,3,100000,778,0.00778,1443,0.01443
3,-26,4,100000,775,0.00775,1455,0.01455
3,-26,5,100000,913,0.00913,1659,0.01659
3,-25,0,100000,887,0.00887,1757,0.01757
3,-25,1,100000,879,0.00879,1748,0.01748
3,-25,2,100000,763,0.00763,1453,0.01453
3,-25,3,100000,796,0.00796,1445,0.01445
3,-25,4,100000,766,0.00766,1476,0.01476
3,-25,5,100000,912,0.00912,1664,0.01664
3,-24,0,100000,967,0.00967,1846,0.01846
3,-24,1,100000,806,0.00806,1695,0.01695
3,-24,2,100000,782,0.00782,1430,0.0143
3,-24,3,100000,797,0.00797,1364,0.01364
3,-24,4,100000,785,0.00785,1449,0.01449
3,-24,5,100000,877,0.00877,1657,0.01657
3,-23,0,100000,980,0.0098,1803,0.01803
3,-23,1,100000,935,0.00935,1641,0.01641
3,-23,2,100000,766,0.00766,1391,0.01391
3,-23,3,100000,692,0.00692,1432,0.01432
3,-23,4,100000,758,0.00758,1409,0.01409
3,-23,5,100000,834,0.00834,1699,0.01699
3,-22,0,100000,955,0.00955,1843,0.01843
3,-22,1,100000,955,0.00955,1683,0.01683
3,-22,2,100000,780,0.0078,1459,0.01459
3,-22,3,100000,736,0.00736,1403,0.01403
3,-22,4,100000,788,0.00788,1408,0.01408
3,-22,5,100000,878,0.00878,1687,0.01687
3,-21,0,100000,989,0.00989,1840,0.0184
3,-21,1,100000,897,0.00897,1732,0.01732
3,-21,2,100000,803,0.00803,1435,0.01435
3,-21,3,100000,705,0.00705,1406,0.01406
3,-21,4,100000,837,0.00837,1502,0.01502
3,-21,5,100000,845,0.00845,1671,0.01671
3,-20,0,100000,975,0.00975,1781,0.01781
3,-20,1,100000,909,0.00909,1718,0.01718
3,-20,2,100000,726,0.00726,1434,0.01434
3,-20,3,100000,732,0.00732,1417,0.01417
3,-20,4,100000,760,0.0076,1401,0.01401
3,-20,5,100000,882,0.00882,1691,0.01691
3,-19,0,100000,944,0.00944,1784,0.01784
3,-19,1,100000,852,0.00852,1622,0.01622
3,-19,2,100000,761,0.00761,1480,0.0148
3,-19,3,100000,729,0.00729,1385,0.01385
3,-19,4,100000,773,0.00773,1432,0.01432
3,-19,5,100000,885,0.00885,1612,0.01612
3,-18,0,100000,916,0.00916,1850,0.0185
3,-18,1,100000,899,0.00899,1677,0.01677
3,-18,2,100000,765,0.00765,1429,0.01429
3,-18,3,100000,676,0.00676,1412,0.01412
3,-18,4,100000,831,0.00831,1476,0.01476
3,-18,5,100000,915,0.00915,1701,0.01701
3,-17,0,100000,965,0.00965,1855,0.01855
3,-17,1,100000,917,0.00917,1690,0.0169
3,-17,2,100000,758,0.00758,1403,0.01403
3,-17,3,100000,739,0.00739,1348,0.01348
3,-17,4,100000,813,0.00813,1427,0.01427
3,-17,5,100000,941,0.00941,1755,0.01755
3,-16,0,100000,901,0.00901,1802,0.01802
3,-16,1,100000,894,0.00894,1679,0.01679
3,-16,2,100000,787,0.00787,1504,0.01504
3,-16,3,100000,655,0.00655,1344,0.01344
3,-16,4,100000,817,0.00817,1518,0.01518
3,-16,5,100000,835,0.00835,1690,0.0169
3,-15,0,100000,945,0.00945,1839,0.01839
3,-15,1,100000,878,0.00878,1681,0.01681
3,-15,2,100000,735,0.00735,1444,0.01444
3,-15,3,100000,768,0.00768,1407,0.01407
3,-15,4,100000,746,0.00746,1439,0.01439
3,-15,5,100000,902,0.00902,1678,0.01678
3,-14,0,100000,876,0.00876,1792,0.01792
3,-14,1,100000,907,0.00907,1693,0.01693
3,-14,2,100000,831,0.00831,1538,0.01538
3,-14,3,100000,754,0.00754,1421,0.01421
3,-14,4,100000,838,0.00838,1487,0.01487
3,-14,5,100000,789,0.00789,1654,0.01654
3,-13,0,100000,914,0.00914,1748,0.01748
3,-13,1,100000,898,0.00898,1682,0.01682
3,-13,2,100000,712,0.00712,1439,0.01439
3,-13,3,100000,733,0.00733,1359,0.01359
3,-13,4,100000,767,0.00767,1438,0.01438
3,-13,5,100000,913,0.00913,1719,0.01719
3,-12,0,100000,913,0.00913,1800,0.018
3,-12,1,100000,852,0.00852,1636,0.01636
3,-12,2,100000,746,0.00746,1391,0.01391
3,-12,3,100000,783,0.00783,1411,0.01411
3,-12,4,100000,823,0.00823,1473,0.01473
3,-12,5,100000,969,0.00969,1831,0.01831
3,-11,0,100000,978,0.00978,1826,0.01826
3,-11,1,100000,905,0.00905,1681,0.01681
3,-11,2,100000,779,0.00779,1554,0.01554
3,-11,3,100000,720,0.0072,1435,0.01435
3,-11,4,100000,750,0.0075,1430,0.0143
3,-11,5,100000,940,0.0094,1678,0.01678
3,-10,0,100000,941,0.00941,1877,0.01877
3,-10,1,100000,925,0.00925,1711,0.01711
3,-10,2,100000,762,0.00762,1435,0.01435
3,-10,3,100000,778,0.00778,1444,0.01444
3,-10,4,100000,800,0.008,1482,0.01482
3,-10,5,100000,870,0.0087,1727,0.01727
3,-9,0,100000,917,0.00917,1842,0.01842
3,-9,1,100000,868,0.00868,1628,0.01628
3,-9,2,100000,758,0.00758,1401,0.01401
3,-9,3,100000,714,0.00714,1377,0.01377
3,-9,4,100000,788,0.00788,1490,0.0149
3,-9,5,100000,843,0.00843,1652,0.01652
3,-8,0,100000,930,0.0093,1815,0.01815
3,-8,1,100000,933,0.00933,1668,0.01668
3,-8,2,100000,829,0.00829,1531,0.01531
3,-8,3,100000,740,0.0074,1399,0.01399
3,-8,4,100000,776,0.00776,1449,0.01449
3,-8,5,100000,842,0.00842,1649,0.01649
3,-7,0,100000,941,0.00941,1780,0.0178
3,-7,1,100000,963,0.00963,1637,0.01637
3,-7,2,100000,791,0.00791,1518,0.01518
3,-7,3,100000,800,0.008,1414,0.01414
3,-7,4,100000,782,0.00782,1475,0.01475
3,-7,5,100000,867,0.00867,1681,0.01681
3,-6,0,100000,924,0.00924,1813,0.01813
3,-6,1,100000,964,0.00964,1717,0.01717
3,-6,2,100000,782,0.00782,1497,0.01497
3,-6,3,100000,726,0.00726,1367,0.01367
3,-6,4,100000,795,0.00795,1475,0.01475
3,-6,5,100000,854,0.00854,1691,0.01691
3,-5,0,100000,941,0.00941,1814,0.01814
3,-5,1,100000,867,0.00867,1696,0.01696
3,-5,2,100000,769,0.00769,1528,0.01528
3,-5,3,100000,802,0.00802,1465,0.01465
3,-5,4,100000,770,0.0077,1417,0.01417
3,-5,5,100000,865,0.00865,1675,0.01675
3,-4,0,100000,980,0.0098,1898,0.01898
3,-4,1,100000,848,0.00848,1591,0.01591
3,-4,2,100000,792,0.00792,1486,0.01486
3,-4,3,100000,720,0.0072,1387,0.01387
3,-4,4,100000,773,0.00773,1469,0.01469
3,-4,5,100000,937,0.00937,1700,0.017
3,-3,0,100000,955,0.00955,1809,0.01809
3,-3,1,100000,825,0.00825,1657,0.01657
3,-3,2,100000,789,0.00789,1422,0.01422
3,-3,3,100000,749,0.00749,1397,0.01397
3,-3,4,100000,772,0.00772,1435,0.01435
3,-3,5,100000,869,0.00869,1658,0.01658
3,-2,0,100000,1015,0.01015,1826,0.01826
3,-2,1,100000,843,0.00843,1633,0.01633
3,-2,2,100000,769,0.00769,1394,0.01394
3,-2,3,100000,726,0.00726,1428,0.01428
3,-2,4,100000,738,0.00738,1410,0.0141
3,-2,5,100000,839,0.00839,1627,0.01627
3,-1,0,100000,962,0.00962,1763,0.01763
3,-1,1,100000,865,0.00865,1698,0.01698
3,-1,2,100000,711,0.00711,1429,0.01429
3,-1,3,100000,750,0.0075,1390,0.0139
3,-1,4,100000,713,0.00713,1393,0.01393
3,-1,5,100000,892,0.00892,1739,0.01739
3,0,0,100000,921,0.00921,1826,0.01826
3,0,1,100000,931,0.00931,1708,0.01708
3,0,2,100000,752,0.00752,1417,0.01417
3,0,3,100000,761,0.00761,1451,0.01451
3,0,4,100000,670,0.0067,1372,0.01372
3,0,5,100000,914,0.00914,1664,0.01664
3,1,0,100000,920,0.0092,1827,0.01827
3,1,1,100000,863,0.00863,1704,0.01704
3,1,2,100000,782,0.00782,1515,0.01515
3,1,3,100000,700,0.007,1392,0.01392
3,1,4,100000,798,0.00798,1492,0.01492
3,1,5,100000,884,0.00884,1763,0.01763
3,2,0,100000,918,0.00918,1722,0.01722
3,2,1,100000,923,0.00923,1657,0.01657
3,2,2,100000,768,0.00768,1438,0.01438
3,2,3,100000,754,0.00754,1431,0.01431
3,2,4,100000,783,0.00783,1507,0.01507
3,2,5,100000,848,0.00848,1655,0.01655
3,3,0,100000,883,0.00883,1806,0.01806
3,3,1,100000,828,0.00828,1624,0.01624
3,3,2,100000,868,0.00868,1499,0.01499
3,3,3,100000,752,0.00752,1399,0.01399
3,3,4,100000,772,0.00772,1452,0.01452
3,3,5,100000,810,0.0081,1659,0.01659
3,4,0,100000,932,0.00932,1723,0.01723
3,4,1,100000,863,0.00863,1666,0.01666
3,4,2,100000,824,0.00824,1478,0.01478
3,4,3,100000,792,0.00792,1485,0.01485
3,4,4,100000,781,0.00781,1467,0.01467
3,4,5,100000,911,0.00911,1668,0.01668
3,5,0,100000,964,0.00964,1792,0.01792
3,5,1,100000,857,0.00857,1729,0.01729
3,5,2,100000,737,0.00737,1490,0.0149
3,5,3,100000,712,0.00712,1391,0.01391
3,5,4,100000,748,0.00748,1425,0.01425
3,5,5,100000,887,0.00887,1733,0.01733
3,6,0,100000,900,0.009,1771,0.01771
3,6,1,100000,878,0.00878,1705,0.01705
3,6,2,100000,783,0.00783,1441,0.01441
3,6,3,100000,743,0.00743,1357,0.01357
3,6,4,100000,787,0.00787,1496,0.01496
3,6,5,100000,808,0.00808,1637,0.01637
3,7,0,100000,907,0.00907,1790,0.0179
3,7,1,100000,908,0.00908,1654,0.01654
3,7,2,100000,833,0.00833,1442,0.01442
3,7,3,100000,749,0.00749,1456,0.01456
3,7,4,100000,773,0.00773,1410,0.0141
3,7,5,100000,907,0.00907,1659,0.01659
3,8,0,100000,886,0.00886,1802,0.01802
3,8,1,100000,889,0.00889,1690,0.0169
3,8,2,100000,750,0.0075,1426,0.01426
3,8,3,100000,752,0.00752,1431,0.01431
3,8,4,100000,730,0.0073,1416,0.01416
3,8,5,100000,860,0.0086,1652,0.01652
3,9,0,100000,952,0.00952,1798,0.01798
3,9,1,100000,880,0.0088,1697,0.01697
3,9,2,100000,775,0.00775,1440,0.0144
3,9,3,100000,686,0.00686,1345,0.01345
3,9,4,100000,755,0.00755,1431,0.01431
3,9,5,100000,856,0.00856,1684,0.01684
3,10,0,100000,979,0.00979,1840,0.0184
3,10,1,100000,921,0.00921,1651,0.01651
3,10,2,100000,807,0.00807,1487,0.01487
3,10,3,100000,728,0.00728,1421,0.01421
3,10,4,100000,763,0.00763,1464,0.01464
3,10,5,100000,864,0.00864,1607,0.01607
3,11,0,100000,930,0.0093,1726,0.01726
3,11,1,100000,829,0.00829,1676,0.01676
3,11,2,100000,795,0.00795,1472,0.01472
3,11,3,100000,735,0.00735,1407,0.01407
3,11,4,100000,778,0.00778,1501,0.01501
3,11,5,100000,851,0.00851,1640,0.0164
3,12,0,100000,904,0.00904,1805,0.01805
3,12,1,100000,831,0.00831,1678,0.01678
3,12,2,100000,725,0.00725,1402,0.01402
3,12,3,100000,762,0.00762,1375,0.01375
3,12,4,100000,767,0.00767,1445,0.01445
3,12,5,100000,868,0.00868,1630,0.0163
3,13,0,100000,974,0.00974,1869,0.01869
3,13,1,100000,893,0.00893,1635,0.01635
3,13,2,100000,733,0.00733,1431,0.01431
3,13,3,100000,744,0.00744,1425,0.01425
3,13,4,100000,771,0.00771,1516,0.01516
3,13,5,100000,901,0.00901,1697,0.01697
3,14,0,100000,1035,0.01035,1865,0.01865
3,14,1,100000,872,0.00872,1652,0.01652
3,14,2,100000,826,0.00826,1462,0.01462
3,14,3,100000,709,0.00709,1353,0.01353
3,14,4,100000,774,0.00774,1459,0.01459
3,14,5,100000,874,0.00874,1649,0.01649
3,15,0,100000,968,0.00968,1861,0.01861
3,15,1,100000,892,0.00892,1684,0.01684
3,15,2,100000,788,0.00788,1471,0.01471
3,15,3,100000,786,0.00786,1403,0.01403
3,15,4,100000,775,0.00775,1447,0.01447
3,15,5,100000,961,0.00961,1746,0.01746
3,16,0,100000,903,0.00903,1740,0.0174
3,16,1,100000,905,0.00905,1630,0.0163
3,16,2,100000,774,0.00774,1448,0.01448
3,16,3,100000,714,0.00714,1373,0.01373
3,16,4,100000,773,0.00773,1496,0.01496
3,16,5,100000,921,0.00921,1626,0.01626
3,17,0,100000,896,0.00896,1809,0.01809
3,17,1,100000,903,0.00903,1670,0.0167
3,17,2,100000,728,0.00728,1449,0.01449
3,17,3,100000,713,0.00713,1336,0.01336
3,17,4,100000,712,0.00712,1419,0.01419
3,17,5,100000,912,0.00912,1710,0.0171
3,18,0,100000,1005,0.01005,1871,0.01871
3,18,1,100000,922,0.00922,1715,0.01715
3,18,2,100000,825,0.00825,1558,0.01558
3,18,3,100000,677,0.00677,1396,0.01396
3,18,4,100000,821,0.00821,1445,0.01445
3,18,5,100000,831,0.00831,1669,0.01669
3,19,0,100000,856,0.00856,1764,0.01764
3,19,1,100000,932,0.00932,1739,0.01739
3,19,2,100000,792,0.00792,1451,0.01451
3,19,3,100000,761,0.00761,1396,0.01396
3,19,4,100000,790,0.0079,1402,0.01402
3,19,5,100000,878,0.00878,1688,0.01688
3,20,0,100000,1051,0.01051,1866,0.01866
3,20,1,100000,895,0.00895,1668,0.01668
3,20,2,100000,854,0.00854,1555,0.01555
3,20,3,100000,715,0.00715,1354,0.01354
3,20,4,100000,791,0.00791,1495,0.01495
3,20,5,100000,919,0.00919,1710,0.0171
3,21,0,100000,968,0.00968,1862,0.01862
3,21,1,100000,854,0.00854,1602,0.01602
3,21,2,100000,755,0.00755,1398,0.01398
3,21,3,100000,775,0.00775,1435,0.01435
3,21,4,100000,850,0.0085,1495,0.01495
3,21,5,100000,856,0.00856,1708,0.01708
3,22,0,100000,991,0.00991,1872,0.01872
3,22,1,100000,900,0.009,1692,0.01692
3,22,2,100000,743,0.00743,1419,0.01419
3,22,3,100000,790,0.0079,1414,0.01414
3,22,4,100000,788,0.00788,1440,0.0144
3,22,5,100000,930,0.0093,1701,0.01701
3,23,0,100000,965,0.00965,1881,0.01881
3,23,1,100000,891,0.00891,1709,0.01709
3,23,2,100000,760,0.0076,1508,0.01508
3,23,3,100000,751,0.00751,1451,0.01451
3,23,4,100000,722,0.00722,1448,0.01448
3,23,5,100000,928,0.00928,1746,0.01746
3,24,0,100000,975,0.00975,1923,0.01923
3,24,1,100000,907,0.00907,1659,0.01659
3,24,2,100000,765,0.00765,1495,0.01495
3,24,3,100000,710,0.0071,1384,0.01384
3,24,4,100000,751,0.00751,1433,0.01433
3,24,5,100000,932,0.00932,1698,0.01698
3,25,0,100000,1076,0.01076,1882,0.01882
3,25,1,100000,861,0.00861,1750,0.0175
3,25,2,100000,801,0.00801,1481,0.01481
3,25,3,100000,783,0.00783,1350,0.0135
3,25,4,100000,825,0.00825,1494,0.01494
3,25,5,100000,857,0.00857,1652,0.01652
3,26,0,100000,1003,0.01003,1874,0.01874
3,26,1,100000,892,0.00892,1701,0.01701
3,26,2,100000,766,0.00766,1447,0.01447
3,26,3,100000,748,0.00748,1388,0.01388
3,26,4,100000,788,0.00788,1438,0.01438
3,26,5,100000,875,0.00875,1678,0.01678
3,27,0,100000,953,0.00953,1808,0.01808
3,27,1,100000,926,0.00926,1664,0.01664
3,27,2,100000,741,0.00741,1448,0.01448
3,27,3,100000,779,0.00779,1386,0.01386
3,27,4,100000,693,0.00693,1389,0.01389
3,27,5,100000,891,0.00891,1671,0.01671
3,28,0,100000,896,0.00896,1769,0.01769
3,28,1,100000,845,0.00845,1678,0.01678
3,28,2,100000,764,0.00764,1453,0.01453
3,28,3,100000,760,0.0076,1426,0.01426
3,28,4,100000,810,0.0081,1462,0.01462
3,28,5,100000,915,0.00915,1679,0.01679
3,29,0,100000,944,0.00944,1810,0.0181
3,29,1,100000,908,0.00908,1707,0.01707
3,29,2,100000,821,0.00821,1547,0.01547
3,29,3,100000,740,0.0074,1414,0.01414
3,29,4,100000,740,0.0074,1460,0.0146
3,29,5,100000,922,0.00922,1742,0.01742
3,30,0,100000,949,0.00949,1788,0.01788
3,30,1,100000,901,0.00901,1690,0.0169
3,30,2,100000,719,0.00719,1398,0.01398
3,30,3,100000,727,0.00727,1387,0.01387
3,30,4,100000,823,0.00823,1501,0.01501
3,30,5,100000,887,0.00887,1623,0.01623
3,31,0,100000,928,0.00928,1842,0.01842
3,31,1,100000,953,0.00953,1716,0.01716
3,31,2,100000,772,0.00772,1444,0.01444
3,31,3,100000,791,0.00791,1445,0.01445
3,31,4,100000,804,0.00804,1439,0.01439
3,31,5,100000,915,0.00915,1716,0.01716
3,32,0,100000,894,0.00894,1759,0.01759
3,32,1,100000,837,0.00837,1671,0.01671
3,32,2,100000,791,0.00791,1510,0.0151
3,32,3,100000,709,0.00709,1372,0.01372
3,32,4,100000,745,0.00745,1395,0.01395
3,32,5,100000,894,0.00894,1701,0.01701
3,33,0,100000,959,0.00959,1791,0.01791
3,33,1,100000,897,0.00897,1618,0.01618
3,33,2,100000,767,0.00767,1467,0.01467
3,33,3,100000,755,0.00755,1428,0.01428
3,33,4,100000,830,0.0083,1488,0.01488
3,33,5,100000,845,0.00845,1628,0.01628
3,34,0,100000,979,0.00979,1803,0.01803
3,34,1,100000,889,0.00889,1682,0.01682
3,34,2,100000,764,0.00764,1429,0.01429
3,34,3,100000,785,0.00785,1451,0.01451
3,34,4,100000,828,0.00828,1470,0.0147
3,34,5,100000,895,0.00895,1712,0.01712
3,35,0,100000,960,0.0096,1869,0.01869
3,35,1,100000,942,0.00942,1734,0.01734
3,35,2,100000,781,0.00781,1422,0.01422
3,35,3,100000,706,0.00706,1365,0.01365
3,35,4,100000,782,0.00782,1493,0.01493
3,35,5,100000,837,0.00837,1743,0.01743
3,36,0,100000,926,0.00926,1806,0.01806
3,36,1,100000,907,0.00907,1694,0.01694
3,36,2,100000,736,0.00736,1455,0.01455
3,36,3,100000,777,0.00777,1377,0.01377
3,36,4,100000,794,0.00794,1539,0.01539
3,36,5,100000,922,0.00922,1732,0.01732
3,37,0,100000,968,0.00968,1859,0.01859
3,37,1,100000,859,0.00859,1692,0.01692
3,37,2,100000,839,0.00839,1572,0.01572
3,37,3,100000,775,0.00775,1413,0.01413
3,37,4,100000,811,0.00811,1477,0.01477
3,37,5,100000,911,0.00911,1673,0.01673
3,38,0,100000,1016,0.01016,1748,0.01748
3,38,1,100000,953,0.00953,1735,0.01735
3,38,2,100000,821,0.00821,1632,0.01632
3,38,3,100000,716,0.00716,1300,0.013
3,38,4,100000,789,0.00789,1453,0.01453
3,38,5,100000,953,0.00953,1663,0.01663
3,39,0,100000,888,0.00888,1603,0.01603
3,39,1,100000,1029,0.01029,1967,0.01967
3,39,2,100000,971,0.00971,1879,0.01879
3,39,3,100000,760,0.0076,1295,0.01295
3,39,4,100000,773,0.00773,1379,0.01379
3,39,5,100000,902,0.00902,1602,0.01602
3,40,0,100000,484,0.00484,849,0.00849
3,40,1,100000,684,0.00684,1165,0.01165
3,40,2,100000,604,0.00604,1065,0.01065
3,40,3,100000,393,0.00393,740,0.0074
3,40,4,100000,490,0.0049,854,0.00854
3,40,5,100000,475,0.00475,914,0.00914
3,41,0,100000,150,0.0015,247,0.00247
3,41,1,100000,145,0.00145,257,0.00257
3,41,2,100000,145,0.00145,276,0.00276
3,41,3,100000,90,0.0009,200,0.002
3,41,4,100000,76,0.00076,143,0.00143
3,41,5,100000,71,0.00071,149,0.00149
3,42,0,100000,44,0.00044,102,0.00102
3,42,1,100000,44,0.00044,103,0.00103
3,42,2,100000,47,0.00047,91,0.00091
3,42,3,100000,34,0.00034,79,0.00079
3,42,4,100000,37,0.00037,65,0.00065
3,42,5,100000,49,0.00049,79,0.00079
3,43,0,100000,24,0.00024,73,0.00073
3,43,1,100000,34,0.00034,95,0.00095
3,43,2,100000,43,0.00043,94,0.00094
3,43,3,100000,33,0.00033,84,0.00084
3,43,4,100000,32,0.00032,82,0.00082
3,43,5,100000,45,0.00045,81,0.00081
3,44,0,100000,54,0.00054,84,0.00084
3,44,1,100000,17,0.00017,68,0.00068
3,44,2,100000,41,0.00041,80,0.0008
3,44,3,100000,33,0.00033,75,0.00075
3,44,4,100000,27,0.00027,82,0.00082
3,44,5,100000,27,0.00027,64,0.00064
3,45,0,100000,28,0.00028,74,0.00074
3,45,1,100000,23,0.00023,89,0.00089
3,45,2,100000,29,0.00029,74,0.00074
3,45,3,100000,37,0.00037,85,0.00085
3,45,4,100000,34,0.00034,57,0.00057
3,45,5,100000,27,0.00027,68,0.00068
3,46,0,100000,45,0.00045,95,0.00095
3,46,1,100000,41,0.00041,84,0.00084
3,46,2,100000,26,0.00026,97,0.00097
3,46,3,100000,45,0.00045,91,0.00091
3,46,4,100000,44,0.00044,86,0.00086
3,46,5,100000,29,0.00029,84,0.00084
3,47,0,100000,26,0.00026,60,0.0006
3,47,1,100000,20,0.0002,84,0.00084
3,47,2,100000,25,0.00025,75,0.00075
3,47,3,100000,12,0.00012,65,0.00065
3,47,4,100000,34,0.00034,72,0.00072
3,47,5,100000,40,0.0004,67,0.00067
3,48,0,100000,31,0.00031,69,0.00069
3,48,1,100000,45,0.00045,77,0.00077
3,48,2,100000,31,0.00031,80,0.0008
3,48,3,100000,27,0.00027,90,0.0009
3,48,4,100000,24,0.00024,84,0.00084
3,48,5,100000,39,0.00039,81,0.00081
3,49,0,100000,37,0.00037,80,0.0008
3,49,1,100000,24,0.00024,68,0.00068
3,49,2,100000,19,0.00019,76,0.00076
3,49,3,100000,42,0.00042,96,0.00096
3,49,4,100000,32,0.00032,96,0.00096
3,49,5,100000,27,0.00027,82,0.00082
3,50,0,100000,19,0.00019,61,0.00061
3,50,1,100000,24,0.00024,72,0.00072
3,50,2,100000,45,0.00045,80,0.0008
3,50,3,100000,47,0.00047,76,0.00076
3,50,4,100000,31,0.00031,66,0.00066
3,50,5,100000,23,0.00023,66,0.00066
4,-50,0,100000,41,0.00041,67,0.00067
4,-50,1,100000,26,0.00026,76,0.00076
4,-50,2,100000,27,0.00027,63,0.00063
4,-50,3,100000,22,0.00022,80,0.0008
4,-50,4,100000,11,0.00011,88,0.00088
4,-50,5,100000,49,0.00049,90,0.0009
4,-49,0,100000,34,0.00034,75,0.00075
4,-49,1,100000,42,0.00042,84,0.00084
4,-49,2,100000,39,0.00039,90,0.0009
4,-49,3,100000,42,0.00042,77,0.00077
4,-49,4,100000,34,0.00034,68,0.00068
4,-49,5,100000,34,0.00034,83,0.00083
4,-48,0,100000,36,0.00036,73,0.00073
4,-48,1,100000,26,0.00026,86,0.00086
4,-48,2,100000,25,0.00025,69,0.00069
4,-48,3,100000,44,0.00044,81,0.00081
4,-48,4,100000,37,0.00037,77,0.00077
4,-48,5,100000,24,0.00024,76,0.00076
4,-47,0,100000,38,0.00038,90,0.0009
4,-47,1,100000,52,0.00052,77,0.00077
4,-47,2,100000,49,0.00049,64,0.00064
4,-47,3,100000,39,0.00039,87,0.00087
4,-47,4,100000,22,0.00022,67,0.00067
4,-47,5,100000,50,0.0005,88,0.00088
4,-46,0,100000,16,0.00016,63,0.00063
4,-46,1,100000,25,0.00025,69,0.00069
4,-46,2,100000,30,0.0003,74,0.00074
4,-46,3,100000,46,0.00046,81,0.00081
4,-46,4,100000,18,0.00018,71,0.00071
4,-46,5,100000,30,0.0003,86,0.00086
4,-45,0,100000,33,0.00033,68,0.00068
4,-45,1,100000,22,0.00022,71,0.00071
4,-45,2,100000,40,0.0004,91,0.00091
4,-45,3,100000,43,0.00043,94,0.00094
4,-45,4,100000,38,0.00038,71,0.00071
4,-45,5,100000,37,0.00037,76,0.00076
4,-44,0,100000,36,0.00036,93,0.00093
4,-44,1,100000,27,0.00027,78,0.00078
4,-44,2,100000,46,0.00046,75,0.00075
4,-44,3,100000,38,0.00038,96,0.00096
4,-44,4,100000,47,0.00047,87,0.00087
4,-44,5,100000,45,0.00045,82,0.00082
4,-43,0,100000,37,0.00037,84,0.00084
4,-43,1,100000,37,0.00037,74,0.00074
4,-43,2,100000,29,0.00029,88,0.00088
4,-43,3,100000,39,0.00039,80,0.0008
4,-43,4,100000,26,0.00026,77,0.00077
4,-43,5,100000,21,0.00021,77,0.00077
4,-42,0,100000,27,0.00027,73,0.00073
4,-42,1,100000,34,0.00034,78,0.00078
4,-42,2,100000,24,0.00024,83,0.00083
4,-42,3,100000,65,0.00065,92,0.00092
4,-42,4,100000,25,0.00025,75,0.00075
4,-42,5,100000,45,0.00045,84,0.00084
4,-41,0,100000,122,0.00122,234,0.00234
4,-41,1,100000,82,0.00082,132,0.00132
4,-41,2,100000,49,0.00049,120,0.0012
4,-41,3,100000,101,0.00101,193,0.00193
4,-41,4,100000,165,0.00165,318,0.00318
4,-41,5,100000,152,0.00152,299,0.00299
4,-40,0,100000,465,0.00465,896,0.00896
4,-40,1,100000,496,0.00496,907,0.00907
4,-40,2,100000,447,0.00447,827,0.00827
4,-40,3,100000,385,0.00385,729,0.00729
4,-40,4,100000,610,0.0061,1097,0.01097
4,-40,5,100000,604,0.00604,1082,0.01082
4,-39,0,100000,956,0.00956,1730,0.0173
4,-39,1,100000,925,0.00925,1679,0.01679
4,-39,2,100000,697,0.00697,1357,0.01357
4,-39,3,100000,665,0.00665,1215,0.01215
4,-39,4,100000,997,0.00997,1752,0.01752
4,-39,5,100000,988,0.00988,1882,0.01882
4,-38,0,100000,928,0.00928,1761,0.01761
4,-38,1,100000,920,0.0092,1675,0.01675
4,-38,2,100000,730,0.0073,1386,0.01386
4,-38,3,100000,666,0.00666,1295,0.01295
4,-38,4,100000,857,0.00857,1562,0.01562
4,-38,5,100000,921,0.00921,1730,0.0173
4,-37,0,100000,987,0.00987,1811,0.01811
4,-37,1,100000,954,0.00954,1671,0.01671
4,-37,2,100000,772,0.00772,1396,0.01396
4,-37,3,100000,695,0.00695,1292,0.01292
4,-37,4,100000,712,0.00712,1406,0.01406
4,-37,5,100000,881,0.00881,1695,0.01695
4,-36,0,100000,919,0.00919,1753,0.01753
4,-36,1,100000,892,0.00892,1651,0.01651
4,-36,2,100000,764,0.00764,1419,0.01419
4,-36,3,100000,707,0.00707,1347,0.01347
4,-36,4,100000,794,0.00794,1451,0.01451
4,-36,5,100000,907,0.00907,1670,0.0167
4,-35,0,100000,938,0.00938,1813,0.01813
4,-35,1,100000,896,0.00896,1740,0.0174
4,-35,2,100000,787,0.00787,1423,0.01423
4,-35,3,100000,716,0.00716,1303,0.01303
4,-35,4,100000,768,0.00768,1473,0.01473
4,-35,5,100000,836,0.00836,1660,0.0166
4,-34,0,100000,956,0.00956,1795,0.01795
4,-34,1,100000,916,0.00916,1678,0.01678
4,-34,2,100000,772,0.00772,1443,0.01443
4,-34,3,100000,719,0.00719,1317,0.01317
4,-34,4,100000,759,0.00759,1461,0.01461
4,-34,5,100000,885,0.00885,1683,0.01683
4,-33,0,100000,1002,0.01002,1823,0.01823
4,-33,1,100000,872,0.00872,1654,0.01654
4,-33,2,100000,742,0.00742,1408,0.01408
4,-33,3,100000,710,0.0071,1308,0.01308
4,-33,4,100000,778,0.00778,1411,0.01411
4,-33,5,100000,921,0.00921,1740,0.0174
4,-32,0,100000,900,0.009,1801,0.01801
4,-32,1,100000,858,0.00858,1676,0.01676
4,-32,2,100000,765,0.00765,1478,0.01478
4,-32,3,100000,650,0.0065,1300,0.013
4,-32,4,100000,727,0.00727,1333,0.01333
4,-32,5,100000,932,0.00932,1676,0.01676
4,-31,0,100000,882,0.00882,1787,0.01787
4,-31,1,100000,879,0.00879,1662,0.01662
4,-31,2,100000,789,0.00789,1399,0.01399
4,-31,3,100000,641,0.00641,1225,0.01225
4,-31,4,100000,741,0.00741,1415,0.01415
4,-31,5,100000,883,0.00883,1734,0.01734
4,-30,0,100000,950,0.0095,1829,0.01829
4,-30,1,100000,905,0.00905,1676,0.01676
4,-30,2,100000,799,0.00799,1452,0.01452
4,-30,3,100000,624,0.00624,1247,0.01247
4,-30,4,100000,790,0.0079,1479,0.01479
4,-30,5,100000,858,0.00858,1684,0.01684
4,-29,0,100000,968,0.00968,1825,0.01825
4,-29,1,100000,892,0.00892,1730,0.0173
4,-29,2,100000,732,0.00732,1494,0.01494
4,-29,3,100000,706,0.00706,1313,0.01313
4,-29,4,100000,726,0.00726,1361,0.01361
4,-29,5,100000,835,0.00835,1708,0.01708
4,-28,0,100000,992,0.00992,1873,0.01873
4,-28,1,100000,837,0.00837,1659,0.01659
4,-28,2,100000,801,0.00801,1441,0.01441
4,-28,3,100000,709,0.00709,1304,0.01304
4,-28,4,100000,755,0.00755,1418,0.01418
4,-28,5,100000,869,0.00869,1662,0.01662
4,-27,0,100000,952,0.00952,1781,0.01781
4,-27,1,100000,919,0.00919,1717,0.01717
4,-27,2,100000,776,0.00776,1417,0.01417
4,-27,3,100000,712,0.00712,1322,0.01322
4,-27,4,100000,719,0.00719,1395,0.01395
4,-27,5,100000,912,0.00912,1666,0.01666
4,-26,0,100000,952,0.00952,1834,0.01834
4,-26,1,100000,896,0.00896,1611,0.01611
4,-26,2,100000,802,0.00802,1397,0.01397
4,-26,3,100000,667,0.00667,1330,0.0133
4,-26,4,100000,805,0.00805,1458,0.01458
4,-26,5,100000,926,0.00926,1701,0.01701
4,-25,0,100000,1011,0.01011,1836,0.01836
4,-25,1,100000,877,0.00877,1692,0.01692
4,-25,2,100000,751,0.00751,1349,0.01349
4,-25,3,100000,713,0.00713,1326,0.01326
4,-25,4,100000,660,0.0066,1352,0.01352
4,-25,5,100000,895,0.00895,1638,0.01638
4,-24,0,100000,1062,0.01062,1917,0.01917
4,-24,1,100000,905,0.00905,1613,0.01613
4,-24,2,100000,762,0.00762,1421,0.01421
4,-24,3,100000,661,0.00661,1268,0.01268
4,-24,4,100000,709,0.00709,1363,0.01363
4,-24,5,100000,926,0.00926,1689,0.01689
4,-23,0,100000,869,0.00869,1860,0.0186
4,-23,1,100000,891,0.00891,1674,0.01674
4,-23,2,100000,745,0.00745,1421,0.01421
4,-23,3,100000,688,0.00688,1373,0.01373
4,-23,4,100000,772,0.00772,1413,0.01413
4,-23,5,100000,926,0.00926,1743,0.01743
4,-22,0,100000,978,0.00978,1868,0.01868
4,-22,1,100000,805,0.00805,1617,0.01617
4,-22,2,100000,757,0.00757,1458,0.01458
4,-22,3,100000,672,0.00672,1310,0.0131
4,-22,4,100000,742,0.00742,1352,0.01352
4,-22,5,100000,893,0.00893,1660,0.0166
4,-21,0,100000,989,0.00989,1825,0.01825
4,-21,1,100000,894,0.00894,1695,0.01695
4,-21,2,100000,817,0.00817,1440,0.0144
4,-21,3,100000,702,0.00702,1327,0.01327
4,-21,4,100000,822,0.00822,1415,0.01415
4,-21,5,100000,864,0.00864,1580,0.0158
4,-20,0,100000,998,0.00998,1891,0.01891
4,-20,1,100000,958,0.00958,1735,0.01735
4,-20,2,100000,760,0.0076,1415,0.01415
4,-20,3,100000,730,0.0073,1307,0.01307
4,-20,4,100000,745,0.00745,1408,0.01408
4,-20,5,100000,902,0.00902,1638,0.01638
4,-19,0,100000,956,0.00956,1842,0.01842
4,-19,1,100000,931,0.00931,1751,0.01751
4,-19,2,100000,682,0.00682,1447,0.01447
4,-19,3,100000,674,0.00674,1310,0.0131
4,-19,4,100000,781,0.00781,1391,0.01391
4,-19,5,100000,847,0.00847,1598,0.01598
4,-18,0,100000,928,0.00928,1810,0.0181
4,-18,1,100000,876,0.00876,1661,0.01661
4,-18,2,100000,753,0.00753,1436,0.01436
4,-18,3,100000,676,0.00676,1292,0.01292
4,-18,4,100000,825,0.00825,1447,0.01447
4,-18,5,100000,932,0.00932,1766,0.01766
4,-17,0,100000,958,0.00958,1803,0.01803
4,-17,1,100000,881,0.00881,1589,0.01589
4,-17,2,100000,793,0.00793,1417,0.01417
4,-17,3,100000,660,0.0066,1298,0.01298
4,-17,4,100000,751,0.00751,1408,0.01408
4,-17,5,100000,855,0.00855,1618,0.01618
4,-16,0,100000,969,0.00969,1841,0.01841
4,-16,1,100000,983,0.00983,1740,0.0174
4,-16,2,100000,722,0.00722,1367,0.01367
4,-16,3,100000,701,0.00701,1326,0.01326
4,-16,4,100000,743,0.00743,1388,0.01388
4,-16,5,100000,867,0.00867,1725,0.01725
4,-15,0,100000,892,0.00892,1765,0.01765
4,-15,1,100000,918,0.00918,1726,0.01726
4,-15,2,100000,804,0.00804,1422,0.01422
4,-15,3,100000,758,0.00758,1312,0.01312
4,-15,4,100000,767,0.00767,1401,0.01401
4,-15,5,100000,966,0.00966,1677,0.01677
4,-14,0,100000,897,0.00897,1803,0.01803
4,-14,1,100000,886,0.00886,1734,0.01734
4,-14,2,100000,731,0.00731,1313,0.01313
4,-14,3,100000,678,0.00678,1333,0.01333
4,-14,4,100000,720,0.0072,1402,0.01402
4,-14,5,100000,905,0.00905,1668,0.01668
4,-13,0,100000,947,0.00947,1850,0.0185
4,-13,1,100000,930,0.0093,1815,0.01815
4,-13,2,100000,721,0.00721,1408,0.01408
4,-13,3,100000,713,0.00713,1299,0.01299
4,-13,4,100000,737,0.00737,1446,0.01446
4,-13,5,100000,884,0.00884,1668,0.01668
4,-12,0,100000,984,0.00984,1824,0.01824
4,-12,1,100000,865,0.00865,1643,0.01643
4,-12,2,100000,750,0.0075,1404,0.01404
4,-12,3,100000,700,0.007,1296,0.01296
4,-12,4,100000,734,0.00734,1398,0.01398
4,-12,5,100000,913,0.00913,1705,0.01705
4,-11,0,100000,1020,0.0102,1806,0.01806
4,-11,1,100000,959,0.00959,1700,0.017
4,-11,2,100000,786,0.00786,1382,0.01382
4,-11,3,100000,692,0.00692,1257,0.01257
4,-11,4,100000,682,0.00682,1352,0.01352
4,-11,5,100000,810,0.0081,1607,0.01607
4,-10,0,100000,931,0.00931,1815,0.01815
4,-10,1,100000,937,0.00937,1715,0.01715
4,-10,2,100000,695,0.00695,1435,0.01435
4,-10,3,100000,663,0.00663,1280,0.0128
4,-10,4,100000,705,0.00705,1363,0.01363
4,-10,5,100000,845,0.00845,1574,0.01574
4,-9,0,100000,1045,0.01045,1879,0.01879
4,-9,1,100000,899,0.00899,1643,0.01643
4,-9,2,100000,726,0.00726,1386,0.01386
4,-9,3,100000,739,0.00739,1305,0.01305
4,-9,4,100000,756,0.00756,1445,0.01445
4,-9,5,100000,808,0.00808,1618,0.01618
4,-8,0,100000,992,0.00992,1757,0.01757
4,-8,1,100000,939,0.00939,1666,0.01666
4,-8,2,100000,722,0.00722,1399,0.01399
4,-8,3,100000,712,0.00712,1328,0.01328
4,-8,4,100000,800,0.008,1402,0.01402
4,-8,5,100000,882,0.00882,1630,0.0163
4,-7,0,100000,1011,0.01011,1840,0.0184
4,-7,1,100000,893,0.00893,1723,0.01723
4,-7,2,100000,827,0.00827,1460,0.0146
4,-7,3,100000,734,0.00734,1351,0.01351
4,-7,4,100000,811,0.00811,1410,0.0141
4,-7,5,100000,934,0.00934,1735,0.01735
4,-6,0,100000,1047,0.01047,1839,0.01839
4,-6,1,100000,811,0.00811,1638,0.01638
4,-6,2,100000,748,0.00748,1364,0.01364
4,-6,3,100000,654,0.00654,1237,0.01237
4,-6,4,100000,807,0.00807,1466,0.01466
4,-6,5,100000,935,0.00935,1693,0.01693
4,-5,0,100000,967,0.00967,1816,0.01816
4,-5,1,100000,904,0.00904,1713,0.01713
4,-5,2,100000,754,0.00754,1356,0.01356
4,-5,3,100000,687,0.00687,1252,0.01252
4,-5,4,100000,767,0.00767,1354,0.01354
4,-5,5,100000,916,0.00916,1695,0.01695
4,-4,0,100000,951,0.00951,1844,0.01844
4,-4,1,100000,845,0.00845,1663,0.01663
4,-4,2,100000,785,0.00785,1391,0.01391
4,-4,3,100000,721,0.00721,1293,0.01293
4,-4,4,100000,756,0.00756,1404,0.01404
4,-4,5,100000,848,0.00848,1627,0.01627
4,-3,0,100000,906,0.00906,1829,0.01829
4,-3,1,100000,961,0.00961,1765,0.01765
4,-3,2,100000,693,0.00693,1343,0.01343
4,-3,3,100000,710,0.0071,1328,0.01328
4,-3,4,100000,794,0.00794,1506,0.01506
4,-3,5,100000,875,0.00875,1707,0.01707
4,-2,0,100000,876,0.00876,1786,0.01786
4,-2,1,100000,853,0.00853,1659,0.01659
4,-2,2,100000,767,0.00767,1388,0.01388
4,-2,3,100000,733,0.00733,1304,0.01304
4,-2,4,100000,728,0.00728,1392,0.01392
4,-2,5,100000,926,0.00926,1686,0.01686
4,-1,0,100000,991,0.00991,1882,0.01882
4,-1,1,100000,927,0.00927,1723,0.01723
4,-1,2,100000,783,0.00783,1399,0.01399
4,-1,3,100000,693,0.00693,1275,0.01275
4,-1,4,100000,722,0.00722,1372,0.01372
4,-1,5,100000,805,0.00805,1569,0.01569
4,0,0,100000,1040,0.0104,1929,0.01929
4,0,1,100000,879,0.00879,1648,0.01648
4,0,2,100000,708,0.00708,1342,0.01342
4,0,3,100000,699,0.00699,1300,0.013
4,0,4,100000,747,0.00747,1450,0.0145
4,0,5,100000,907,0.00907,1717,0.01717
4,1,0,100000,968,0.00968,1800,0.018
4,1,1,100000,839,0.00839,1616,0.01616
4,1,2,100000,749,0.00749,1392,0.01392
4,1,3,100000,726,0.00726,1346,0.01346
4,1,4,100000,805,0.00805,1400,0.014
4,1,5,100000,899,0.00899,1646,0.01646
4,2,0,100000,937,0.00937,1795,0.01795
4,2,1,100000,824,0.00824,1671,0.01671
4,2,2,100000,768,0.00768,1412,0.01412
4,2,3,100000,703,0.00703,1328,0.01328
4,2,4,100000,702,0.00702,1388,0.01388
4,2,5,100000,900,0.009,1741,0.01741
4,3,0,100000,960,0.0096,1866,0.01866
4,3,1,100000,954,0.00954,1730,0.0173
4,3,2,100000,731,0.00731,1386,0.01386
4,3,3,100000,682,0.00682,1292,0.01292
4,3,4,100000,763,0.00763,1418,0.01418
4,3,5,100000,783,0.00783,1629,0.01629
4,4,0,100000,909,0.00909,1849,0.01849
4,4,1,100000,908,0.00908,1686,0.01686
4,4,2,100000,771,0.00771,1430,0.0143
4,4,3,100000,800,0.008,1361,0.01361
4,4,4,100000,722,0.00722,1410,0.0141
4,4,5,100000,876,0.00876,1638,0.01638
4,5,0,100000,989,0.00989,1877,0.01877
4,5,1,100000,943,0.00943,1729,0.01729
4,5,2,100000,720,0.0072,1320,0.0132
4,5,3,100000,668,0.00668,1296,0.01296
4,5,4,100000,650,0.0065,1368,0.01368
4,5,5,100000,904,0.00904,1682,0.01682
4,6,0,100000,968,0.00968,1802,0.01802
4,6,1,100000,850,0.0085,1649,0.01649
4,6,2,100000,702,0.00702,1367,0.01367
4,6,3,100000,703,0.00703,1324,0.01324
4,6,4,100000,773,0.00773,1439,0.01439
4,6,5,100000,869,0.00869,1664,0.01664
4,7,0,100000,946,0.00946,1865,0.01865
4,7,1,100000,908,0.00908,1710,0.0171
4,7,2,100000,752,0.00752,1443,0.01443
4,7,3,100000,709,0.00709,1286,0.01286
4,7,4,100000,708,0.00708,1383,0.01383
4,7,5,100000,908,0.00908,1680,0.0168
4,8,0,100000,1028,0.01028,1920,0.0192
4,8,1,100000,889,0.00889,1677,0.01677
4,8,2,100000,742,0.00742,1418,0.01418
4,8,3,100000,707,0.00707,1317,0.01317
4,8,4,100000,735,0.00735,1344,0.01344
4,8,5,100000,907,0.00907,1665,0.01665
4,9,0,100000,955,0.00955,1841,0.01841
4,9,1,100000,879,0.00879,1733,0.01733
4,9,2,100000,774,0.00774,1422,0.01422
4,9,3,100000,683,0.00683,1291,0.01291
4,9,4,100000,759,0.00759,1446,0.01446
4,9,5,100000,889,0.00889,1690,0.0169
4,10,0,100000,977,0.00977,1873,0.01873
4,10,1,100000,959,0.00959,1766,0.01766
4,10,2,100000,750,0.0075,1382,0.01382
4,10,3,100000,728,0.00728,1316,0.01316
4,10,4,100000,795,0.00795,1430,0.0143
4,10,5,100000,942,0.00942,1754,0.01754
4,11,0,100000,913,0.00913,1798,0.01798
4,11,1,100000,867,0.00867,1664,0.01664
4,11,2,100000,726,0.00726,1440,0.0144
4,11,3,100000,694,0.00694,1292,0.01292
4,11,4,100000,804,0.00804,1399,0.01399
4,11,5,100000,911,0.00911,1732,0.01732
4,12,0,100000,982,0.00982,1826,0.01826
4,12,1,100000,950,0.0095,1768,0.01768
4,12,2,100000,714,0.00714,1397,0.01397
4,12,3,100000,731,0.00731,1370,0.0137
4,12,4,100000,727,0.00727,1401,0.01401
4,12,5,100000,894,0.00894,1648,0.01648
4,13,0,100000,947,0.00947,1867,0.01867
4,13,1,100000,871,0.00871,1632,0.01632
4,13,2,100000,765,0.00765,1426,0.01426
4,13,3,100000,738,0.00738,1314,0.01314
4,13,4,100000,783,0.00783,1436,0.01436
4,13,5,100000,889,0.00889,1743,0.01743
4,14,0,100000,1025,0.01025,1923,0.01923
4,14,1,100000,913,0.00913,1674,0.01674
4,14,2,100000,696,0.00696,1311,0.01311
4,14,3,100000,671,0.00671,1271,0.01271
4,14,4,100000,695,0.00695,1337,0.01337
4,14,5,100000,912,0.00912,1668,0.01668
4,15,0,100000,1013,0.01013,1832,0.01832
4,15,1,100000,913,0.00913,1642,0.01642
4,15,2,100000,790,0.0079,1467,0.01467
4,15,3,100000,721,0.00721,1349,0.01349
4,15,4,100000,776,0.00776,1393,0.01393
4,15,5,100000,922,0.00922,1695,0.01695
4,16,0,100000,965,0.00965,1837,0.01837
4,16,1,100000,951,0.00951,1767,0.01767
4,16,2,100000,775,0.00775,1413,0.01413
4,16,3,100000,752,0.00752,1340,0.0134
4,16,4,100000,735,0.00735,1399,0.01399
4,16,5,100000,853,0.00853,1633,0.01633
4,17,0,100000,990,0.0099,1844,0.01844
4,17,1,100000,821,0.00821,1682,0.01682
4,17,2,100000,808,0.00808,1440,0.0144
4,17,3,100000,676,0.00676,1315,0.01315
4,17,4,100000,821,0.00821,1446,0.01446
4,17,5,100000,842,0.00842,1614,0.01614
4,18,0,100000,970,0.0097,1798,0.01798
4,18,1,100000,885,0.00885,1728,0.01728
4,18,2,100000,750,0.0075,1440,0.0144
4,18,3,100000,711,0.00711,1337,0.01337
4,18,4,100000,744,0.00744,1426,0.01426
4,18,5,100000,903,0.00903,1726,0.01726
4,19,0,100000,976,0.00976,1811,0.01811
4,19,1,100000,894,0.00894,1715,0.01715
4,19,2,100000,773,0.00773,1412,0.01412
4,19,3,100000,720,0.0072,1359,0.01359
4,19,4,100000,711,0.00711,1392,0.01392
4,19,5,100000,942,0.00942,1756,0.01756
4,20,0,100000,991,0.00991,1828,0.01828
4,20,1,100000,905,0.00905,1707,0.01707
4,20,2,100000,724,0.00724,1399,0.01399
4,20,3,100000,755,0.00755,1341,0.01341
4,20,4,100000,746,0.00746,1429,0.01429
4,20,5,100000,917,0.00917,1702,0.01702
4,21,0,100000,978,0.00978,1888,0.01888
4,21,1,100000,925,0.00925,1735,0.01735
4,21,2,100000,783,0.00783,1388,0.01388
4,21,3,100000,673,0.00673,1305,0.01305
4,21,4,100000,748,0.00748,1429,0.01429
4,21,5,100000,854,0.00854,1637,0.01637
4,22,0,100000,1009,0.01009,1831,0.01831
4,22,1,100000,942,0.00942,1765,0.01765
4,22,2,100000,729,0.00729,1396,0.01396
4,22,3,100000,730,0.0073,1276,0.01276
4,22,4,100000,707,0.00707,1404,0.01404
4,22,5,100000,856,0.00856,1660,0.0166
4,23,0,100000,946,0.00946,1791,0.01791
4,23,1,100000,885,0.00885,1674,0.01674
4,23,2,100000,782,0.00782,1465,0.01465
4,23,3,100000,688,0.00688,1280,0.0128
4,23,4,100000,744,0.00744,1392,0.01392
4,23,5,100000,917,0.00917,1690,0.0169
4,24,0,100000,1007,0.01007,1870,0.0187
4,24,1,100000,928,0.00928,1727,0.01727
4,24,2,100000,723,0.00723,1391,0.01391
4,24,3,100000,727,0.00727,1350,0.0135
4,24,4,100000,770,0.0077,1412,0.01412
4,24,5,100000,845,0.00845,1655,0.01655
4,25,0,100000,928,0.00928,1817,0.01817
4,25,1,100000,809,0.00809,1663,0.01663
4,25,2,100000,744,0.00744,1413,0.01413
4,25,3,100000,687,0.00687,1296,0.01296
4,25,4,100000,736,0.00736,1420,0.0142
4,25,5,100000,886,0.00886,1669,0.01669
4,26,0,100000,856,0.00856,1761,0.01761
4,26,1,100000,890,0.0089,1684,0.01684
4,26,2,100000,706,0.00706,1305,0.01305
4,26,3,100000,673,0.00673,1280,0.0128
4,26,4,100000,718,0.00718,1296,0.01296
4,26,5,100000,911,0.00911,1701,0.01701
4,27,0,100000,897,0.00897,1822,0.01822
4,27,1,100000,882,0.00882,1674,0.01674
4,27,2,100000,770,0.0077,1407,0.01407
4,27,3,100000,761,0.00761,1333,0.01333
4,27,4,100000,724,0.00724,1365,0.01365
4,27,5,100000,819,0.00819,1692,0.01692
4,28,0,100000,913,0.00913,1780,0.0178
4,28,1,100000,892,0.00892,1648,0.01648
4,28,2,100000,731,0.00731,1467,0.01467
4,28,3,100000,654,0.00654,1295,0.01295
4,28,4,100000,770,0.0077,1391,0.01391
4,28,5,100000,881,0.00881,1664,0.01664
4,29,0,100000,977,0.00977,1880,0.0188
4,29,1,100000,852,0.00852,1672,0.01672
4,29,2,100000,747,0.00747,1382,0.01382
4,29,3,100000,718,0.00718,1385,0.01385
4,29,4,100000,797,0.00797,1415,0.01415
4,29,5,100000,880,0.0088,1703,0.01703
4,30,0,100000,970,0.0097,1888,0.01888
4,30,1,100000,846,0.00846,1674,0.01674
4,30,2,100000,722,0.00722,1402,0.01402
4,30,3,100000,671,0.00671,1244,0.01244
4,30,4,100000,767,0.00767,1444,0.01444
4,30,5,100000,879,0.00879,1706,0.01706
4,31,0,100000,977,0.00977,1836,0.01836
4,31,1,100000,877,0.00877,1666,0.01666
4,31,2,100000,736,0.00736,1357,0.01357
4,31,3,100000,726,0.00726,1357,0.01357
4,31,4,100000,737,0.00737,1387,0.01387
4,31,5,100000,871,0.00871,1625,0.01625
4,32,0,100000,919,0.00919,1868,0.01868
4,32,1,100000,905,0.00905,1649,0.01649
4,32,2,100000,818,0.00818,1487,0.01487
4,32,3,100000,744,0.00744,1311,0.01311
4,32,4,100000,708,0.00708,1336,0.01336
4,32,5,100000,868,0.00868,1702,0.01702
4,33,0,100000,932,0.00932,1835,0.01835
4,33,1,100000,899,0.00899,1736,0.01736
4,33,2,100000,742,0.00742,1428,0.01428
4,33,3,100000,730,0.0073,1334,0.01334
4,33,4,100000,776,0.00776,1400,0.014
4,33,5,100000,885,0.00885,1671,0.01671
4,34,0,100000,1002,0.01002,1847,0.01847
4,34,1,100000,904,0.00904,1721,0.01721
4,34,2,100000,806,0.00806,1475,0.01475
4,34,3,100000,698,0.00698,1327,0.01327
4,34,4,100000,700,0.007,1382,0.01382
4,34,5,100000,872,0.00872,1680,0.0168
4,35,0,100000,978,0.00978,1800,0.018
4,35,1,100000,935,0.00935,1751,0.01751
4,35,2,100000,722,0.00722,1400,0.014
4,35,3,100000,713,0.00713,1307,0.01307
4,35,4,100000,700,0.007,1381,0.01381
4,35,5,100000,920,0.0092,1673,0.01673
4,36,0,100000,977,0.00977,1828,0.01828
4,36,1,100000,860,0.0086,1749,0.01749
4,36,2,100000,698,0.00698,1400,0.014
4,36,3,100000,676,0.00676,1325,0.01325
4,36,4,100000,815,0.00815,1424,0.01424
4,36,5,100000,932,0.00932,1759,0.01759
4,37,0,100000,947,0.00947,1852,0.01852
4,37,1,100000,840,0.0084,1664,0.01664
4,37,2,100000,769,0.00769,1423,0.01423
4,37,3,100000,654,0.00654,1211,0.01211
4,37,4,100000,731,0.00731,1355,0.01355
4,37,5,100000,875,0.00875,1655,0.01655
4,38,0,100000,941,0.00941,1719,0.01719
4,38,1,100000,898,0.00898,1754,0.01754
4,38,2,100000,784,0.00784,1506,0.01506
4,38,3,100000,697,0.00697,1314,0.01314
4,38,4,100000,813,0.00813,1409,0.01409
4,38,5,100000,846,0.00846,1645,0.01645
4,39,0,100000,936,0.00936,1706,0.01706
4,39,1,100000,1059,0.01059,1916,0.01916
4,39,2,100000,1010,0.0101,1820,0.0182
4,39,3,100000,638,0.00638,1183,0.01183
4,39,4,100000,757,0.00757,1378,0.01378
4,39,5,100000,871,0.00871,1656,0.01656
4,40,0,100000,505,0.00505,889,0.00889
4,40,1,100000,655,0.00655,1109,0.01109
4,40,2,100000,559,0.00559,1047,0.01047
4,40,3,100000,399,0.00399,707,0.00707
4,40,4,100000,425,0.00425,755,0.00755
4,40,5,100000,493,0.00493,927,0.00927
4,41,0,100000,115,0.00115,209,0.00209
4,41,1,100000,162,0.00162,293,0.00293
4,41,2,100000,146,0.00146,286,0.00286
4,41,3,100000,117,0.00117,201,0.00201
4,41,4,100000,57,0.00057,136,0.00136
4,41,5,100000,58,0.00058,133,0.00133
4,42,0,100000,25,0.00025,81,0.00081
4,42,1,100000,36,0.00036,76,0.00076
4,42,2,100000,42,0.00042,79,0.00079
4,42,3,100000,57,0.00057,90,0.0009
4,42,4,100000,41,0.00041,92,0.00092
4,42,5,100000,30,0.0003,77,0.00077
4,43,0,100000,45,0.00045,70,0.0007
4,43,1,100000,16,0.00016,84,0.00084
4,43,2,100000,34,0.00034,97,0.00097
4,43,3,100000,45,0.00045,87,0.00087
4,43,4,100000,27,0.00027,78,0.00078
4,43,5,100000,35,0.00035,90,0.0009
4,44,0,100000,24,0.00024,77,0.00077
4,44,1,100000,30,0.0003,85,0.00085
4,44,2,100000,29,0.00029,74,0.00074
4,44,3,100000,39,0.00039,90,0.0009
4,44,4,100000,36,0.00036,82,0.00082
4,44,5,100000,24,0.00024,67,0.00067
4,45,0,100000,26,0.00026,79,0.00079
4,45,1,100000,25,0.00025,80,0.0008
4,45,2,100000,35,0.00035,77,0.00077
4,45,3,100000,33,0.00033,67,0.00067
4,45,4,100000,23,0.00023,74,0.00074
4,45,5,100000,30,0.0003,78,0.00078
4,46,0,100000,44,0.00044,110,0.0011
4,46,1,100000,11,0.00011,78,0.00078
4,46,2,100000,20,0.0002,66,0.00066
4,46,3,100000,31,0.00031,76,0.00076
4,46,4,100000,38,0.00038,80,0.0008
4,46,5,100000,12,0.00012,70,0.0007
4,47,0,100000,52,0.00052,76,0.00076
4,47,1,100000,48,0.00048,88,0.00088
4,47,2,100000,42,0.00042,86,0.00086
4,47,3,100000,35,0.00035,80,0.0008
4,47,4,100000,45,0.00045,89,0.00089
4,47,5,100000,46,0.00046,101,0.00101
4,48,0,100000,41,0.00041,88,0.00088
4,48,1,100000,35,0.00035,85,0.00085
4,48,2,100000,31,0.00031,70,0.0007
4,48,3,100000,25,0.00025,84,0.00084
4,48,4,100000,51,0.00051,82,0.00082
4,48,5,100000,36,0.00036,78,0.00078
4,49,0,100000,31,0.00031,73,0.00073
4,49,1,100000,32,0.00032,88,0.00088
4,49,2,100000,21,0.00021,63,0.00063
4,49,3,100000,18,0.00018,69,0.00069
4,49,4,100000,19,0.00019,70,0.0007
4,49,5,100000,41,0.00041,61,0.00061
4,50,0,100000,34,0.00034,66,0.00066
4,50,1,100000,36,0.00036,68,0.00068
4,50,2,100000,19,0.00019,68,0.00068
4,50,3,100000,22,0.00022,61,0.00061
4,50,4,100000,38,0.00038,82,0.00082
4,50,5,100000,22,0.00022,67,0.00067
5,-50,0,100000,26,0.00026,72,0.00072
5,-50,1,100000,32,0.00032,86,0.00086
5,-50,2,100000,23,0.00023,69,0.00069
5,-50,3,100000,23,0.00023,70,0.0007
5,-50,4,100000,42,0.00042,87,0.00087
5,-50,5,100000,42,0.00042,74,0.00074
5,-49,0,100000,16,0.00016,68,0.00068
5,-49,1,100000,26,0.00026,77,0.00077
5,-49,2,100000,31,0.00031,63,0.00063
5,-49,3,100000,27,0.00027,82,0.00082
5,-49,4,100000,29,0.00029,69,0.00069
5,-49,5,100000,31,0.00031,79,0.00079
5,-48,0,100000,49,0.00049,98,0.00098
5,-48,1,100000,33,0.00033,74,0.00074
5,-48,2,100000,32,0.00032,78,0.00078
5,-48,3,100000,31,0.00031,74,0.00074
5,-48,4,100000,29,0.00029,73,0.00073
5,-48,5,100000,37,0.00037,82,0.00082
5,-47,0,100000,37,0.00037,73,0.00073
5,-47,1,100000,27,0.00027,77,0.00077
5,-47,2,100000,25,0.00025,76,0.00076
5,-47,3,100000,19,0.00019,57,0.00057
5,-47,4,100000,29,0.00029,65,0.00065
5,-47,5,100000,14,0.00014,66,0.00066
5,-46,0,100000,54,0.00054,77,0.00077
5,-46,1,100000,30,0.0003,82,0.00082
5,-46,2,100000,52,0.00052,95,0.00095
5,-46,3,100000,36,0.00036,93,0.00093
5,-46,4,100000,55,0.00055,96,0.00096
5,-46,5,100000,33,0.00033,85,0.00085
5,-45,0,100000,25,0.00025,82,0.00082
5,-45,1,100000,44,0.00044,86,0.00086
5,-45,2,100000,21,0.00021,72,0.00072
5,-45,3,100000,37,0.00037,78,0.00078
5,-45,4,100000,39,0.00039,79,0.00079
5,-45,5,100000,27,0.00027,83,0.00083
5,-44,0,100000,31,0.00031,87,0.00087
5,-44,1,100000,32,0.00032,83,0.00083
5,-44,2,100000,33,0.00033,75,0.00075
5,-44,3,100000,26,0.00026,71,0.00071
5,-44,4,100000,41,0.00041,80,0.0008
5,-44,5,100000,32,0.00032,87,0.00087
5,-43,0,100000,51,0.00051,103,0.00103
5,-43,1,100000,22,0.00022,66,0.00066
5,-43,2,100000,37,0.00037,84,0.00084
5,-43,3,100000,55,0.00055,85,0.00085
5,-43,4,100000,36,0.00036,86,0.00086
5,-43,5,100000,40,0.0004,80,0.0008
5,-42,0,100000,21,0.00021,75,0.00075
5,-42,1,100000,51,0.00051,84,0.00084
5,-42,2,100000,47,0.00047,101,0.00101
5,-42,3,100000,49,0.00049,91,0.00091
5,-42,4,100000,54,0.00054,105,0.00105
5,-42,5,100000,40,0.0004,89,0.00089
5,-41,0,100000,120,0.0012,215,0.00215
5,-41,1,100000,123,0.00123,148,0.00148
5,-41,2,100000,53,0.00053,114,0.00114
5,-41,3,100000,100,0.001,221,0.00221
5,-41,4,100000,136,0.00136,286,0.00286
5,-41,5,100000,158,0.00158,306,0.00306
5,-40,0,100000,528,0.00528,883,0.00883
5,-40,1,100000,526,0.00526,984,0.00984
5,-40,2,100000,453,0.00453,805,0.00805
5,-40,3,100000,301,0.00301,606,0.00606
5,-40,4,100000,619,0.00619,1085,0.01085
5,-40,5,100000,549,0.00549,1073,0.01073
5,-39,0,100000,841,0.00841,1609,0.01609
5,-39,1,100000,820,0.0082,1659,0.01659
5,-39,2,100000,794,0.00794,1331,0.01331
5,-39,3,100000,604,0.00604,1113,0.01113
5,-39,4,100000,939,0.00939,1709,0.01709
5,-39,5,100000,943,0.00943,1844,0.01844
5,-38,0,100000,945,0.00945,1755,0.01755
5,-38,1,100000,894,0.00894,1634,0.01634
5,-38,2,100000,735,0.00735,1296,0.01296
5,-38,3,100000,679,0.00679,1210,0.0121
5,-38,4,100000,735,0.00735,1443,0.01443
5,-38,5,100000,973,0.00973,1743,0.01743
5,-37,0,100000,973,0.00973,1806,0.01806
5,-37,1,100000,862,0.00862,1699,0.01699
5,-37,2,100000,723,0.00723,1370,0.0137
5,-37,3,100000,738,0.00738,1271,0.01271
5,-37,4,100000,758,0.00758,1378,0.01378
5,-37,5,100000,895,0.00895,1705,0.01705
5,-36,0,100000,957,0.00957,1807,0.01807
5,-36,1,100000,824,0.00824,1619,0.01619
5,-36,2,100000,717,0.00717,1349,0.01349
5,-36,3,100000,660,0.0066,1254,0.01254
5,-36,4,100000,689,0.00689,1318,0.01318
5,-36,5,100000,887,0.00887,1664,0.01664
5,-35,0,100000,956,0.00956,1816,0.01816
5,-35,1,100000,871,0.00871,1677,0.01677
5,-35,2,100000,715,0.00715,1326,0.01326
5,-35,3,100000,667,0.00667,1212,0.01212
5,-35,4,100000,672,0.00672,1312,0.01312
5,-35,5,100000,843,0.00843,1668,0.01668
5,-34,0,100000,954,0.00954,1841,0.01841
5,-34,1,100000,894,0.00894,1657,0.01657
5,-34,2,100000,713,0.00713,1345,0.01345
5,-34,3,100000,719,0.00719,1272,0.01272
5,-34,4,100000,711,0.00711,1283,0.01283
5,-34,5,100000,915,0.00915,1718,0.01718
5,-33,0,100000,868,0.00868,1796,0.01796
5,-33,1,100000,899,0.00899,1689,0.01689
5,-33,2,100000,726,0.00726,1383,0.01383
5,-33,3,100000,660,0.0066,1230,0.0123
5,-33,4,100000,733,0.00733,1336,0.01336
5,-33,5,100000,928,0.00928,1676,0.01676
5,-32,0,100000,1046,0.01046,1875,0.01875
5,-32,1,100000,944,0.00944,1712,0.01712
5,-32,2,100000,773,0.00773,1389,0.01389
5,-32,3,100000,706,0.00706,1230,0.0123
5,-32,4,100000,697,0.00697,1372,0.01372
5,-32,5,100000,943,0.00943,1631,0.01631
5,-31,0,100000,898,0.00898,1780,0.0178
5,-31,1,100000,973,0.00973,1715,0.01715
5,-31,2,100000,748,0.00748,1319,0.01319
5,-31,3,100000,627,0.00627,1234,0.01234
5,-31,4,100000,766,0.00766,1366,0.01366
5,-31,5,100000,894,0.00894,1642,0.01642
5,-30,0,100000,939,0.00939,1854,0.01854
5,-30,1,100000,951,0.00951,1753,0.01753
5,-30,2,100000,702,0.00702,1374,0.01374
5,-30,3,100000,688,0.00688,1278,0.01278
5,-30,4,100000,737,0.00737,1354,0.01354
5,-30,5,100000,875,0.00875,1635,0.01635
5,-29,0,100000,1057,0.01057,1947,0.01947
5,-29,1,100000,885,0.00885,1602,0.01602
5,-29,2,100000,721,0.00721,1310,0.0131
5,-29,3,100000,783,0.00783,1294,0.01294
5,-29,4,100000,771,0.00771,1379,0.01379
5,-29,5,100000,867,0.00867,1671,0.01671
5,-28,0,100000,927,0.00927,1781,0.01781
5,-28,1,100000,838,0.00838,1653,0.01653
5,-28,2,100000,715,0.00715,1285,0.01285
5,-28,3,100000,693,0.00693,1215,0.01215
5,-28,4,100000,797,0.00797,1399,0.01399
5,-28,5,100000,932,0.00932,1698,0.01698
5,-27,0,100000,1020,0.0102,1829,0.01829
5,-27,1,100000,921,0.00921,1705,0.01705
5,-27,2,100000,711,0.00711,1307,0.01307
5,-27,3,100000,684,0.00684,1215,0.01215
5,-27,4,100000,755,0.00755,1395,0.01395
5,-27,5,100000,828,0.00828,1671,0.01671
5,-26,0,100000,1022,0.01022,1856,0.01856
5,-26,1,100000,883,0.00883,1705,0.01705
5,-26,2,100000,693,0.00693,1320,0.0132
5,-26,3,100000,588,0.00588,1177,0.01177
5,-26,4,100000,729,0.00729,1352,0.01352
5,-26,5,100000,932,0.00932,1726,0.01726
5,-25,0,100000,944,0.00944,1842,0.01842
5,-25,1,100000,913,0.00913,1650,0.0165
5,-25,2,100000,714,0.00714,1303,0.01303
5,-25,3,100000,611,0.00611,1216,0.01216
5,-25,4,100000,692,0.00692,1299,0.01299
5,-25,5,100000,854,0.00854,1714,0.01714
5,-24,0,100000,1037,0.01037,1895,0.01895
5,-24,1,100000,860,0.0086,1685,0.01685
5,-24,2,100000,767,0.00767,1377,0.01377
5,-24,3,100000,671,0.00671,1216,0.01216
5,-24,4,100000,740,0.0074,1364,0.01364
5,-24,5,100000,922,0.00922,1687,0.01687
5,-23,0,100000,998,0.00998,1860,0.0186
5,-23,1,100000,908,0.00908,1661,0.01661
5,-23,2,100000,789,0.00789,1382,0.01382
5,-23,3,100000,674,0.00674,1215,0.01215
5,-23,4,100000,681,0.00681,1280,0.0128
5,-23,5,100000,859,0.00859,1654,0.01654
5,-22,0,100000,957,0.00957,1841,0.01841
5,-22,1,100000,868,0.00868,1682,0.01682
5,-22,2,100000,684,0.00684,1305,0.01305
5,-22,3,100000,705,0.00705,1264,0.01264
5,-22,4,100000,759,0.00759,1361,0.01361
5,-22,5,100000,844,0.00844,1604,0.01604
5,-21,0,100000,999,0.00999,1837,0.01837
5,-21,1,100000,894,0.00894,1688,0.01688
5,-21,2,100000,680,0.0068,1355,0.01355
5,-21,3,100000,653,0.00653,1233,0.01233
5,-21,4,100000,736,0.00736,1360,0.0136
5,-21,5,100000,881,0.00881,1678,0.01678
5,-20,0,100000,1002,0.01002,1851,0.01851
5,-20,1,100000,861,0.00861,1698,0.01698
5,-20,2,100000,692,0.00692,1358,0.01358
5,-20,3,100000,675,0.00675,1210,0.0121
5,-20,4,100000,745,0.00745,1330,0.0133
5,-20,5,100000,889,0.00889,1671,0.01671
5,-19,0,100000,1100,0.011,1912,0.01912
5,-19,1,100000,896,0.00896,1684,0.01684
5,-19,2,100000,718,0.00718,1325,0.01325
5,-19,3,100000,678,0.00678,1222,0.01222
5,-19,4,100000,733,0.00733,1330,0.0133
5,-19,5,100000,937,0.00937,1717,0.01717
5,-18,0,100000,944,0.00944,1799,0.01799
5,-18,1,100000,897,0.00897,1688,0.01688
5,-18,2,100000,755,0.00755,1314,0.01314
5,-18,3,100000,654,0.00654,1223,0.01223
5,-18,4,100000,764,0.00764,1366,0.01366
5,-18,5,100000,855,0.00855,1607,0.01607
5,-17,0,100000,1050,0.0105,1870,0.0187
5,-17,1,100000,920,0.0092,1616,0.01616
5,-17,2,100000,680,0.0068,1277,0.01277
5,-17,3,100000,708,0.00708,1261,0.01261
5,-17,4,100000,740,0.0074,1414,0.01414
5,-17,5,100000,918,0.00918,1716,0.01716
5,-16,0,100000,956,0.00956,1821,0.01821
5,-16,1,100000,879,0.00879,1685,0.01685
5,-16,2,100000,673,0.00673,1368,0.01368
5,-16,3,100000,674,0.00674,1239,0.01239
5,-16,4,100000,701,0.00701,1323,0.01323
5,-16,5,100000,897,0.00897,1651,0.01651
5,-15,0,100000,951,0.00951,1885,0.01885
5,-15,1,100000,872,0.00872,1679,0.01679
5,-15,2,100000,697,0.00697,1268,0.01268
5,-15,3,100000,635,0.00635,1214,0.01214
5,-15,4,100000,763,0.00763,1401,0.01401
5,-15,5,100000,952,0.00952,1734,0.01734
5,-14,0,100000,996,0.00996,1851,0.01851
5,-14,1,100000,940,0.0094,1718,0.01718
5,-14,2,100000,700,0.007,1327,0.01327
5,-14,3,100000,660,0.0066,1213,0.01213
5,-14,4,100000,769,0.00769,1361,0.01361
5,-14,5,100000,934,0.00934,1710,0.0171
5,-13,0,100000,1027,0.01027,1899,0.01899
5,-13,1,100000,917,0.00917,1717,0.01717
5,-13,2,100000,745,0.00745,1357,0.01357
5,-13,3,100000,695,0.00695,1241,0.01241
5,-13,4,100000,619,0.00619,1279,0.01279
5,-13,5,100000,898,0.00898,1652,0.01652
5,-12,0,100000,927,0.00927,1812,0.01812
5,-12,1,100000,879,0.00879,1631,0.01631
5,-12,2,100000,734,0.00734,1413,0.01413
5,-12,3,100000,658,0.00658,1226,0.01226
5,-12,4,100000,751,0.00751,1313,0.01313
5,-12,5,100000,829,0.00829,1676,0.01676
5,-11,0,100000,953,0.00953,1811,0.01811
5,-11,1,100000,855,0.00855,1607,0.01607
5,-11,2,100000,755,0.00755,1370,0.0137
5,-11,3,100000,645,0.00645,1233,0.01233
5,-11,4,100000,776,0.00776,1390,0.0139
5,-11,5,100000,902,0.00902,1681,0.01681
5,-10,0,100000,1046,0.01046,1900,0.019
5,-10,1,100000,914,0.00914,1650,0.0165
5,-10,2,100000,710,0.0071,1325,0.01325
5,-10,3,100000,631,0.00631,1188,0.01188
5,-10,4,100000,702,0.00702,1308,0.01308
5,-10,5,100000,925,0.00925,1674,0.01674
5,-9,0,100000,1003,0.01003,1846,0.01846
5,-9,1,100000,875,0.00875,1734,0.01734
5,-9,2,100000,726,0.00726,1384,0.01384
5,-9,3,100000,620,0.0062,1226,0.01226
5,-9,4,100000,729,0.00729,1390,0.0139
5,-9,5,100000,860,0.0086,1666,0.01666
5,-8,0,100000,938,0.00938,1747,0.01747
5,-8,1,100000,839,0.00839,1654,0.01654
5,-8,2,100000,737,0.00737,1353,0.01353
5,-8,3,100000,661,0.00661,1234,0.01234
5,-8,4,100000,784,0.00784,1420,0.0142
5,-8,5,100000,900,0.009,1671,0.01671
5,-7,0,100000,947,0.00947,1820,0.0182
5,-7,1,100000,910,0.0091,1699,0.01699
5,-7,2,100000,703,0.00703,1399,0.01399
5,-7,3,100000,656,0.00656,1288,0.01288
5,-7,4,100000,728,0.00728,1435,0.01435
5,-7,5,100000,912,0.00912,1708,0.01708
5,-6,0,100000,891,0.00891,1791,0.01791
5,-6,1,100000,958,0.00958,1718,0.01718
5,-6,2,100000,782,0.00782,1397,0.01397
5,-6,3,100000,658,0.00658,1182,0.01182
5,-6,4,100000,692,0.00692,1359,0.01359
5,-6,5,100000,905,0.00905,1700,0.017
5,-5,0,100000,990,0.0099,1807,0.01807
5,-5,1,100000,915,0.00915,1738,0.01738
5,-5,2,100000,696,0.00696,1332,0.01332
5,-5,3,100000,623,0.00623,1206,0.01206
5,-5,4,100000,701,0.00701,1349,0.01349
5,-5,5,100000,860,0.0086,1677,0.01677
5,-4,0,100000,998,0.00998,1888,0.01888
5,-4,1,100000,880,0.0088,1629,0.01629
5,-4,2,100000,734,0.00734,1364,0.01364
5,-4,3,100000,633,0.00633,1163,0.01163
5,-4,4,100000,755,0.00755,1355,0.01355
5,-4,5,100000,909,0.00909,1697,0.01697
5,-3,0,100000,981,0.00981,1830,0.0183
5,-3,1,100000,906,0.00906,1730,0.0173
5,-3,2,100000,693,0.00693,1329,0.01329
5,-3,3,100000,684,0.00684,1175,0.01175
5,-3,4,100000,760,0.0076,1359,0.01359
5,-3,5,100000,946,0.00946,1683,0.01683
5,-2,0,100000,969,0.00969,1850,0.0185
5,-2,1,100000,916,0.00916,1655,0.01655
5,-2,2,100000,758,0.00758,1349,0.01349
5,-2,3,100000,692,0.00692,1252,0.01252
5,-2,4,100000,790,0.0079,1383,0.01383
5,-2,5,100000,913,0.00913,1682,0.01682
5,-1,0,100000,875,0.00875,1712,0.01712
5,-1,1,100000,867,0.00867,1699,0.01699
5,-1,2,100000,694,0.00694,1353,0.01353
5,-1,3,100000,693,0.00693,1218,0.01218
5,-1,4,100000,638,0.00638,1264,0.01264
5,-1,5,100000,834,0.00834,1642,0.01642
5,0,0,100000,886,0.00886,1761,0.01761
5,0,1,100000,876,0.00876,1629,0.01629
5,0,2,100000,740,0.0074,1350,0.0135
5,0,3,100000,660,0.0066,1240,0.0124
5,0,4,100000,685,0.00685,1327,0.01327
5,0,5,100000,869,0.00869,1632,0.01632
5,1,0,100000,860,0.0086,1775,0.01775
5,1,1,100000,952,0.00952,1701,0.01701
5,1,2,100000,785,0.00785,1330,0.0133
5,1,3,100000,662,0.00662,1218,0.01218
5,1,4,100000,728,0.00728,1393,0.01393
5,1,5,100000,880,0.0088,1673,0.01673
5,2,0,100000,1000,0.01,1791,0.01791
5,2,1,100000,875,0.00875,1651,0.01651
5,2,2,100000,746,0.00746,1363,0.01363
5,2,3,100000,692,0.00692,1221,0.01221
5,2,4,100000,751,0.00751,1344,0.01344
5,2,5,100000,909,0.00909,1676,0.01676
5,3,0,100000,1020,0.0102,1891,0.01891
5,3,1,100000,842,0.00842,1600,0.016
5,3,2,100000,708,0.00708,1407,0.01407
5,3,3,100000,673,0.00673,1233,0.01233
5,3,4,100000,764,0.00764,1361,0.01361
5,3,5,100000,892,0.00892,1643,0.01643
5,4,0,100000,903,0.00903,1830,0.0183
5,4,1,100000,956,0.00956,1670,0.0167
5,4,2,100000,743,0.00743,1357,0.01357
5,4,3,100000,678,0.00678,1208,0.01208
5,4,4,100000,750,0.0075,1434,0.01434
5,4,5,100000,980,0.0098,1736,0.01736
5,5,0,100000,1018,0.01018,1865,0.01865
5,5,1,100000,994,0.00994,1681,0.01681
5,5,2,100000,771,0.00771,1424,0.01424
5,5,3,100000,651,0.00651,1215,0.01215
5,5,4,100000,727,0.00727,1353,0.01353
5,5,5,100000,884,0.00884,1735,0.01735
5,6,0,100000,941,0.00941,1815,0.01815
5,6,1,100000,913,0.00913,1637,0.01637
5,6,2,100000,781,0.00781,1401,0.01401
5,6,3,100000,671,0.00671,1302,0.01302
5,6,4,100000,732,0.00732,1349,0.01349
5,6,5,100000,879,0.00879,1719,0.01719
5,7,0,100000,965,0.00965,1782,0.01782
5,7,1,100000,895,0.00895,1668,0.01668
5,7,2,100000,793,0.00793,1384,0.01384
5,7,3,100000,664,0.00664,1202,0.01202
5,7,4,100000,740,0.0074,1421,0.01421
5,7,5,100000,811,0.00811,1649,0.01649
5,8,0,100000,982,0.00982,1875,0.01875
5,8,1,100000,917,0.00917,1680,0.0168
5,8,2,100000,711,0.00711,1412,0.01412
5,8,3,100000,659,0.00659,1236,0.01236
5,8,4,100000,696,0.00696,1326,0.01326
5,8,5,100000,942,0.00942,1679,0.01679
5,9,0,100000,965,0.00965,1775,0.01775
5,9,1,100000,899,0.00899,1619,0.01619
5,9,2,100000,695,0.00695,1291,0.01291
5,9,3,100000,704,0.00704,1197,0.01197
5,9,4,100000,745,0.00745,1340,0.0134
5,9,5,100000,862,0.00862,1652,0.01652
5,10,0,100000,1026,0.01026,1883,0.01883
5,10,1,100000,867,0.00867,1680,0.0168
5,10,2,100000,742,0.00742,1384,0.01384
5,10,3,100000,660,0.0066,1212,0.01212
5,10,4,100000,763,0.00763,1382,0.01382
5,10,5,100000,886,0.00886,1718,0.01718
5,11,0,100000,998,0.00998,1857,0.01857
5,11,1,100000,890,0.0089,1641,0.01641
5,11,2,100000,703,0.00703,1336,0.01336
5,11,3,100000,658,0.00658,1225,0.01225
5,11,4,100000,820,0.0082,1388,0.01388
5,11,5,100000,953,0.00953,1691,0.01691
5,12,0,100000,936,0.00936,1808,0.01808
5,12,1,100000,942,0.00942,1732,0.01732
5,12,2,100000,722,0.00722,1309,0.01309
5,12,3,100000,597,0.00597,1190,0.0119
5,12,4,100000,718,0.00718,1423,0.01423
5,12,5,100000,888,0.00888,1703,0.01703
5,13,0,100000,942,0.00942,1865,0.01865
5,13,1,100000,939,0.00939,1683,0.01683
5,13,2,100000,727,0.00727,1362,0.01362
5,13,3,100000,673,0.00673,1260,0.0126
5,13,4,100000,745,0.00745,1354,0.01354
5,13,5,100000,950,0.0095,1695,0.01695
5,14,0,100000,991,0.00991,1843,0.01843
5,14,1,100000,871,0.00871,1658,0.01658
5,14,2,100000,731,0.00731,1380,0.0138
5,14,3,100000,614,0.00614,1240,0.0124
5,14,4,100000,724,0.00724,1345,0.01345
5,14,5,100000,900,0.009,1645,0.01645
5,15,0,100000,988,0.00988,1852,0.01852
5,15,1,100000,960,0.0096,1643,0.01643
5,15,2,100000,713,0.00713,1357,0.01357
5,15,3,100000,674,0.00674,1222,0.01222
5,15,4,100000,736,0.00736,1361,0.01361
5,15,5,100000,915,0.00915,1663,0.01663
5,16,0,100000,989,0.00989,1857,0.01857
5,16,1,100000,882,0.00882,1646,0.01646
5,16,2,100000,740,0.0074,1332,0.01332
5,16,3,100000,642,0.00642,1179,0.01179
5,16,4,100000,718,0.00718,1365,0.01365
5,16,5,100000,840,0.0084,1638,0.01638
5,17,0,100000,934,0.00934,1830,0.0183
5,17,1,100000,934,0.00934,1720,0.0172
5,17,2,100000,731,0.00731,1436,0.01436
5,17,3,100000,657,0.00657,1219,0.01219
5,17,4,100000,692,0.00692,1368,0.01368
5,17,5,100000,885,0.00885,1700,0.017
5,18,0,100000,981,0.00981,1879,0.01879
5,18,1,100000,864,0.00864,1695,0.01695
5,18,2,100000,725,0.00725,1372,0.01372
5,18,3,100000,709,0.00709,1270,0.0127
5,18,4,100000,720,0.0072,1364,0.01364
5,18,5,100000,849,0.00849,1651,0.01651
5,19,0,100000,979,0.00979,1881,0.01881
5,19,1,100000,940,0.0094,1733,0.01733
5,19,2,100000,687,0.00687,1255,0.01255
5,19,3,100000,674,0.00674,1191,0.01191
5,19,4,100000,748,0.00748,1327,0.01327
5,19,5,100000,898,0.00898,1686,0.01686
5,20,0,100000,1025,0.01025,1916,0.01916
5,20,1,100000,820,0.0082,1616,0.01616
5,20,2,100000,709,0.00709,1347,0.01347
5,20,3,100000,680,0.0068,1254,0.01254
5,20,4,100000,719,0.00719,1333,0.01333
5,20,5,100000,853,0.00853,1620,0.0162
5,21,0,100000,964,0.00964,1819,0.01819
5,21,1,100000,830,0.0083,1618,0.01618
5,21,2,100000,636,0.00636,1303,0.01303
5,21,3,100000,631,0.00631,1233,0.01233
5,21,4,100000,766,0.00766,1374,0.01374
5,21,5,100000,911,0.00911,1730,0.0173
5,22,0,100000,976,0.00976,1812,0.01812
5,22,1,100000,839,0.00839,1684,0.01684
5,22,2,100000,699,0.00699,1353,0.01353
5,22,3,100000,643,0.00643,1298,0.01298
5,22,4,100000,713,0.00713,1328,0.01328
5,22,5,100000,932,0.00932,1640,0.0164
5,23,0,100000,956,0.00956,1859,0.01859
5,23,1,100000,914,0.00914,1678,0.01678
5,23,2,100000,751,0.00751,1363,0.01363
5,23,3,100000,697,0.00697,1214,0.01214
5,23,4,100000,680,0.0068,1323,0.01323
5,23,5,100000,864,0.00864,1694,0.01694
5,24,0,100000,955,0.00955,1773,0.01773
5,24,1,100000,934,0.00934,1649,0.01649
5,24,2,100000,654,0.00654,1309,0.01309
5,24,3,100000,645,0.00645,1230,0.0123
5,24,4,100000,766,0.00766,1374,0.01374
5,24,5,100000,821,0.00821,1643,0.01643
5,25,0,100000,896,0.00896,1842,0.01842
5,25,1,100000,889,0.00889,1683,0.01683
5,25,2,100000,786,0.00786,1389,0.01389
5,25,3,100000,695,0.00695,1231,0.01231
5,25,4,100000,664,0.00664,1297,0.01297
5,25,5,100000,866,0.00866,1667,0.01667
5,26,0,100000,1006,0.01006,1860,0.0186
5,26,1,100000,849,0.00849,1669,0.01669
5,26,2,100000,777,0.00777,1336,0.01336
5,26,3,100000,673,0.00673,1219,0.01219
5,26,4,100000,707,0.00707,1353,0.01353
5,26,5,100000,948,0.00948,1737,0.01737
5,27,0,100000,889,0.00889,1806,0.01806
5,27,1,100000,845,0.00845,1657,0.01657
5,27,2,100000,701,0.00701,1307,0.01307
5,27,3,100000,623,0.00623,1220,0.0122
5,27,4,100000,732,0.00732,1371,0.01371
5,27,5,100000,878,0.00878,1685,0.01685
5,28,0,100000,1034,0.01034,1882,0.01882
5,28,1,100000,909,0.00909,1688,0.01688
5,28,2,100000,784,0.00784,1385,0.01385
5,28,3,100000,651,0.00651,1207,0.01207
5,28,4,100000,684,0.00684,1353,0.01353
5,28,5,100000,913,0.00913,1734,0.01734
5,29,0,100000,984,0.00984,1826,0.01826
5,29,1,100000,820,0.0082,1657,0.01657
5,29,2,100000,758,0.00758,1360,0.0136
5,29,3,100000,689,0.00689,1320,0.0132
5,29,4,100000,697,0.00697,1379,0.01379
5,29,5,100000,857,0.00857,1673,0.01673
5,30,0,100000,884,0.00884,1730,0.0173
5,30,1,100000,891,0.00891,1682,0.01682
5,30,2,100000,667,0.00667,1331,0.01331
5,30,3,100000,647,0.00647,1193,0.01193
5,30,4,100000,749,0.00749,1428,0.01428
5,30,5,100000,864,0.00864,1708,0.01708
5,31,0,100000,966,0.00966,1830,0.0183
5,31,1,100000,859,0.00859,1629,0.01629
5,31,2,100000,735,0.00735,1346,0.01346
5,31,3,100000,646,0.00646,1158,0.01158
5,31,4,100000,759,0.00759,1392,0.01392
5,31,5,100000,886,0.00886,1696,0.01696
5,32,0,100000,936,0.00936,1871,0.01871
5,32,1,100000,884,0.00884,1643,0.01643
5,32,2,100000,723,0.00723,1324,0.01324
5,32,3,100000,629,0.00629,1200,0.012
5,32,4,100000,756,0.00756,1323,0.01323
5,32,5,100000,879,0.00879,1733,0.01733
5,33,0,100000,898,0.00898,1803,0.01803
5,33,1,100000,873,0.00873,1671,0.01671
5,33,2,100000,709,0.00709,1306,0.01306
5,33,3,100000,643,0.00643,1174,0.01174
5,33,4,100000,668,0.00668,1354,0.01354
5,33,5,100000,837,0.00837,1738,0.01738
5,34,0,100000,943,0.00943,1820,0.0182
5,34,1,100000,904,0.00904,1610,0.0161
5,34,2,100000,683,0.00683,1330,0.0133
5,34,3,100000,630,0.0063,1185,0.01185
5,34,4,100000,728,0.00728,1333,0.01333
5,34,5,100000,888,0.00888,1659,0.01659
5,35,0,100000,1020,0.0102,1878,0.01878
5,35,1,100000,881,0.00881,1663,0.01663
5,35,2,100000,698,0.00698,1350,0.0135
5,35,3,100000,632,0.00632,1254,0.01254
5,35,4,100000,761,0.00761,1409,0.01409
5,35,5,100000,936,0.00936,1699,0.01699
5,36,0,100000,910,0.0091,1791,0.01791
5,36,1,100000,891,0.00891,1647,0.01647
5,36,2,100000,725,0.00725,1393,0.01393
5,36,3,100000,646,0.00646,1262,0.01262
5,36,4,100000,743,0.00743,1391,0.01391
5,36,5,100000,857,0.00857,1684,0.01684
5,37,0,100000,940,0.0094,1779,0.01779
5,37,1,100000,941,0.00941,1693,0.01693
5,37,2,100000,726,0.00726,1377,0.01377
5,37,3,100000,681,0.00681,1196,0.01196
5,37,4,100000,812,0.00812,1405,0.01405
5,37,5,100000,861,0.00861,1669,0.01669
5,38,0,100000,928,0.00928,1756,0.01756
5,38,1,100000,935,0.00935,1732,0.01732
5,38,2,100000,755,0.00755,1502,0.01502
5,38,3,100000,703,0.00703,1260,0.0126
5,38,4,100000,711,0.00711,1367,0.01367
5,38,5,100000,858,0.00858,1659,0.01659
5,39,0,100000,902,0.00902,1636,0.01636
5,39,1,100000,1022,0.01022,1861,0.01861
5,39,2,100000,919,0.00919,1718,0.01718
5,39,3,100000,612,0.00612,1098,0.01098
5,39,4,100000,767,0.00767,1284,0.01284
5,39,5,100000,845,0.00845,1524,0.01524
5,40,0,100000,493,0.00493,886,0.00886
5,40,1,100000,491,0.00491,982,0.00982
5,40,2,100000,626,0.00626,1029,0.01029
5,40,3,100000,327,0.00327,621,0.00621
5,40,4,100000,406,0.00406,737,0.00737
5,40,5,100000,478,0.00478,872,0.00872
5,41,0,100000,144,0.00144,229,0.00229
5,41,1,100000,159,0.00159,283,0.00283
5,41,2,100000,124,0.00124,297,0.00297
5,41,3,100000,121,0.00121,198,0.00198
5,41,4,100000,90,0.0009,166,0.00166
5,41,5,100000,70,0.0007,149,0.00149
5,42,0,100000,26,0.00026,78,0.00078
5,42,1,100000,45,0.00045,114,0.00114
5,42,2,100000,36,0.00036,82,0.00082
5,42,3,100000,29,0.00029,76,0.00076
5,42,4,100000,27,0.00027,69,0.00069
5,42,5,100000,44,0.00044,89,0.00089
5,43,0,100000,43,0.00043,95,0.00095
5,43,1,100000,34,0.00034,85,0.00085
5,43,2,100000,37,0.00037,86,0.00086
5,43,3,100000,45,0.00045,82,0.00082
5,43,4,100000,26,0.00026,80,0.0008
5,43,5,100000,27,0.00027,78,0.00078
5,44,0,100000,33,0.00033,74,0.00074
5,44,1,100000,33,0.00033,75,0.00075
5,44,2,100000,30,0.0003,90,0.0009
5,44,3,100000,35,0.00035,86,0.00086
5,44,4,100000,36,0.00036,69,0.00069
5,44,5,100000,40,0.0004,82,0.00082
5,45,0,100000,45,0.00045,100,0.001
5,45,1,100000,40,0.0004,84,0.00084
5,45,2,100000,54,0.00054,84,0.00084
5,45,3,100000,52,0.00052,80,0.0008
5,45,4,100000,34,0.00034,73,0.00073
5,45,5,100000,39,0.00039,85,0.00085
5,46,0,100000,49,0.00049,78,0.00078
5,46,1,100000,36,0.00036,63,0.00063
5,46,2,100000,28,0.00028,84,0.00084
5,46,3,100000,25,0.00025,77,0.00077
5,46,4,100000,26,0.00026,83,0.00083
5,46,5,100000,30,0.0003,80,0.0008
5,47,0,100000,29,0.00029,80,0.0008
5,47,1,100000,29,0.00029,101,0.00101
5,47,2,100000,30,0.0003,86,0.00086
5,47,3,100000,46,0.00046,84,0.00084
5,47,4,100000,18,0.00018,69,0.00069
5,47,5,100000,37,0.00037,91,0.00091
5,48,0,100000,26,0.00026,72,0.00072
5,48,1,100000,41,0.00041,82,0.00082
5,48,2,100000,19,0.00019,71,0.00071
5,48,3,100000,44,0.00044,77,0.00077
5,48,4,100000,39,0.00039,83,0.00083
5,48,5,100000,33,0.00033,84,0.00084
5,49,0,100000,45,0.00045,80,0.0008
5,49,1,100000,29,0.00029,72,0.00072
5,49,2,100000,31,0.00031,88,0.00088
5,49,3,100000,20,0.0002,87,0.00087
5,49,4,100000,18,0.00018,67,0.00067
5,49,5,100000,17,0.00017,66,0.00066
5,50,0,100000,21,0.00021,71,0.00071
5,50,1,100000,29,0.00029,66,0.00066
5,50,2,100000,45,0.00045,78,0.00078
5,50,3,100000,44,0.00044,82,0.00082
5,50,4,100000,48,0.00048,73,0.00073
5,50,5,100000,47,0.00047,78,0.00078
6,-50,0,100000,16,0.00016,66,0.00066
6,-50,1,100000,26,0.00026,79,0.00079
6,-50,2,100000,47,0.00047,74,0.00074
6,-50,3,100000,16,0.00016,62,0.00062
6,-50,4,100000,28,0.00028,60,0.0006
6,-50,5,100000,14,0.00014,81,0.00081
6,-49,0,100000,29,0.00029,74,0.00074
6,-49,1,100000,17,0.00017,61,0.00061
6,-49,2,100000,24,0.00024,76,0.00076
6,-49,3,100000,19,0.00019,61,0.00061
6,-49,4,100000,44,0.00044,92,0.00092
6,-49,5,100000,39,0.00039,77,0.00077
6,-48,0,100000,23,0.00023,59,0.00059
6,-48,1,100000,30,0.0003,84,0.00084
6,-48,2,100000,38,0.00038,59,0.00059
6,-48,3,100000,30,0.0003,65,0.00065
6,-48,4,100000,34,0.00034,76,0.00076
6,-48,5,100000,26,0.00026,64,0.00064
6,-47,0,100000,29,0.00029,76,0.00076
6,-47,1,100000,23,0.00023,84,0.00084
6,-47,2,100000,40,0.0004,82,0.00082
6,-47,3,100000,27,0.00027,76,0.00076
6,-47,4,100000,35,0.00035,74,0.00074
6,-47,5,100000,45,0.00045,77,0.00077
6,-46,0,100000,29,0.00029,91,0.00091
6,-46,1,100000,38,0.00038,74,0.00074
6,-46,2,100000,34,0.00034,77,0.00077
6,-46,3,100000,34,0.00034,84,0.00084
6,-46,4,100000,33,0.00033,85,0.00085
6,-46,5,100000,32,0.00032,68,0.00068
6,-45,0,100000,29,0.00029,88,0.00088
6,-45,1,100000,30,0.0003,73,0.00073
6,-45,2,100000,44,0.00044,87,0.00087
6,-45,3,100000,27,0.00027,74,0.00074
6,-45,4,100000,32,0.00032,88,0.00088
6,-45,5,100000,28,0.00028,75,0.00075
6,-44,0,100000,35,0.00035,92,0.00092
6,-44,1,100000,29,0.00029,69,0.00069
6,-44,2,100000,18,0.00018,80,0.0008
6,-44,3,100000,26,0.00026,71,0.00071
6,-44,4,100000,27,0.00027,88,0.00088
6,-44,5,100000,26,0.00026,75,0.00075
6,-43,0,100000,24,0.00024,58,0.00058
6,-43,1,100000,30,0.0003,83,0.00083
6,-43,2,100000,39,0.00039,93,0.00093
6,-43,3,100000,23,0.00023,77,0.00077
6,-43,4,100000,39,0.00039,87,0.00087
6,-43,5,100000,27,0.00027,73,0.00073
6,-42,0,100000,42,0.00042,81,0.00081
6,-42,1,100000,25,0.00025,74,0.00074
6,-42,2,100000,23,0.00023,90,0.0009
6,-42,3,100000,32,0.00032,84,0.00084
6,-42,4,100000,59,0.00059,85,0.00085
6,-42,5,100000,31,0.00031,79,0.00079
6,-41,0,100000,131,0.00131,229,0.00229
6,-41,1,100000,105,0.00105,193,0.00193
6,-41,2,100000,81,0.00081,154,0.00154
6,-41,3,100000,115,0.00115,253,0.00253
6,-41,4,100000,172,0.00172,312,0.00312
6,-41,5,100000,213,0.00213,367,0.00367
6,-40,0,100000,476,0.00476,890,0.0089
6,-40,1,100000,481,0.00481,857,0.00857
6,-40,2,100000,354,0.00354,671,0.00671
6,-40,3,100000,365,0.00365,636,0.00636
6,-40,4,100000,530,0.0053,934,0.00934
6,-40,5,100000,526,0.00526,979,0.00979
6,-39,0,100000,858,0.00858,1590,0.0159
6,-39,1,100000,846,0.00846,1583,0.01583
6,-39,2,100000,690,0.0069,1236,0.01236
6,-39,3,100000,553,0.00553,1040,0.0104
6,-39,4,100000,849,0.00849,1595,0.01595
6,-39,5,100000,904,0.00904,1704,0.01704
6,-38,0,100000,977,0.00977,1799,0.01799
6,-38,1,100000,858,0.00858,1627,0.01627
6,-38,2,100000,673,0.00673,1247,0.01247
6,-38,3,100000,594,0.00594,1103,0.01103
6,-38,4,100000,694,0.00694,1331,0.01331
6,-38,5,100000,964,0.00964,1733,0.01733
6,-37,0,100000,954,0.00954,1754,0.01754
6,-37,1,100000,929,0.00929,1731,0.01731
6,-37,2,100000,739,0.00739,1292,0.01292
6,-37,3,100000,571,0.00571,1141,0.01141
6,-37,4,100000,690,0.0069,1305,0.01305
6,-37,5,100000,901,0.00901,1679,0.01679
6,-36,0,100000,995,0.00995,1828,0.01828
6,-36,1,100000,827,0.00827,1617,0.01617
6,-36,2,100000,710,0.0071,1272,0.01272
6,-36,3,100000,613,0.00613,1094,0.01094
6,-36,4,100000,735,0.00735,1263,0.01263
6,-36,5,100000,853,0.00853,1595,0.01595
6,-35,0,100000,1017,0.01017,1836,0.01836
6,-35,1,100000,870,0.0087,1623,0.01623
6,-35,2,100000,734,0.00734,1318,0.01318
6,-35,3,100000,673,0.00673,1176,0.01176
6,-35,4,100000,673,0.00673,1316,0.01316
6,-35,5,100000,831,0.00831,1625,0.01625
6,-34,0,100000,1004,0.01004,1926,0.01926
6,-34,1,100000,877,0.00877,1660,0.0166
6,-34,2,100000,691,0.00691,1328,0.01328
6,-34,3,100000,596,0.00596,1116,0.01116
6,-34,4,100000,730,0.0073,1334,0.01334
6,-34,5,100000,872,0.00872,1598,0.01598
6,-33,0,100000,964,0.00964,1849,0.01849
6,-33,1,100000,908,0.00908,1748,0.01748
6,-33,2,100000,699,0.00699,1332,0.01332
6,-33,3,100000,584,0.00584,1131,0.01131
6,-33,4,100000,648,0.00648,1265,0.01265
6,-33,5,100000,887,0.00887,1638,0.01638
6,-32,0,100000,992,0.00992,1842,0.01842
6,-32,1,100000,961,0.00961,1750,0.0175
6,-32,2,100000,697,0.00697,1323,0.01323
6,-32,3,100000,634,0.00634,1134,0.01134
6,-32,4,100000,716,0.00716,1389,0.01389
6,-32,5,100000,901,0.00901,1681,0.01681
6,-31,0,100000,990,0.0099,1906,0.01906
6,-31,1,100000,877,0.00877,1634,0.01634
6,-31,2,100000,706,0.00706,1296,0.01296
6,-31,3,100000,626,0.00626,1178,0.01178
6,-31,4,100000,703,0.00703,1322,0.01322
6,-31,5,100000,940,0.0094,1711,0.01711
6,-30,0,100000,933,0.00933,1782,0.01782
6,-30,1,100000,875,0.00875,1635,0.01635
6,-30,2,100000,651,0.00651,1284,0.01284
6,-30,3,100000,604,0.00604,1123,0.01123
6,-30,4,100000,635,0.00635,1277,0.01277
6,-30,5,100000,828,0.00828,1588,0.01588
6,-29,0,100000,981,0.00981,1893,0.01893
6,-29,1,100000,886,0.00886,1677,0.01677
6,-29,2,100000,692,0.00692,1271,0.01271
6,-29,3,100000,653,0.00653,1149,0.01149
6,-29,4,100000,750,0.0075,1346,0.01346
6,-29,5,100000,818,0.00818,1571,0.01571
6,-28,0,100000,943,0.00943,1753,0.01753
6,-28,1,100000,924,0.00924,1752,0.01752
6,-28,2,100000,678,0.00678,1339,0.01339
6,-28,3,100000,630,0.0063,1155,0.01155
6,-28,4,100000,719,0.00719,1349,0.01349
6,-28,5,100000,832,0.00832,1628,0.01628
6,-27,0,100000,1007,0.01007,1801,0.01801
6,-27,1,100000,872,0.00872,1656,0.01656
6,-27,2,100000,757,0.00757,1321,0.01321
6,-27,3,100000,595,0.00595,1146,0.01146
6,-27,4,100000,669,0.00669,1263,0.01263
6,-27,5,100000,838,0.00838,1678,0.01678
6,-26,0,100000,965,0.00965,1746,0.01746
6,-26,1,100000,914,0.00914,1677,0.01677
6,-26,2,100000,719,0.00719,1385,0.01385
6,-26,3,100000,621,0.00621,1107,0.01107
6,-26,4,100000,755,0.00755,1310,0.0131
6,-26,5,100000,836,0.00836,1632,0.01632
6,-25,0,100000,1020,0.0102,1814,0.01814
6,-25,1,100000,842,0.00842,1607,0.01607
6,-25,2,100000,639,0.00639,1250,0.0125
6,-25,3,100000,614,0.00614,1128,0.01128
6,-25,4,100000,628,0.00628,1235,0.01235
6,-25,5,100000,928,0.00928,1674,0.01674
6,-24,0,100000,865,0.00865,1765,0.01765
6,-24,1,100000,856,0.00856,1565,0.01565
6,-24,2,100000,720,0.0072,1303,0.01303
6,-24,3,100000,586,0.00586,1104,0.01104
6,-24,4,100000,648,0.00648,1258,0.01258
6,-24,5,100000,879,0.00879,1622,0.01622
6,-23,0,100000,894,0.00894,1815,0.01815
6,-23,1,100000,872,0.00872,1682,0.01682
6,-23,2,100000,745,0.00745,1272,0.01272
6,-23,3,100000,615,0.00615,1129,0.01129
6,-23,4,100000,742,0.00742,1373,0.01373
6,-23,5,100000,844,0.00844,1621,0.01621
6,-22,0,100000,1013,0.01013,1843,0.01843
6,-22,1,100000,813,0.00813,1635,0.01635
6,-22,2,100000,757,0.00757,1337,0.01337
6,-22,3,100000,635,0.00635,1160,0.0116
6,-22,4,100000,659,0.00659,1309,0.01309
6,-22,5,100000,969,0.00969,1683,0.01683
6,-21,0,100000,952,0.00952,1807,0.01807
6,-21,1,100000,845,0.00845,1633,0.01633
6,-21,2,100000,709,0.00709,1314,0.01314
6,-21,3,100000,648,0.00648,1191,0.01191
6,-21,4,100000,713,0.00713,1299,0.01299
6,-21,5,100000,822,0.00822,1596,0.01596
6,-20,0,100000,987,0.00987,1839,0.01839
6,-20,1,100000,875,0.00875,1718,0.01718
6,-20,2,100000,745,0.00745,1264,0.01264
6,-20,3,100000,583,0.00583,1146,0.01146
6,-20,4,100000,729,0.00729,1368,0.01368
6,-20,5,100000,869,0.00869,1606,0.01606
6,-19,0,100000,963,0.00963,1783,0.01783
6,-19,1,100000,932,0.00932,1685,0.01685
6,-19,2,100000,677,0.00677,1256,0.01256
6,-19,3,100000,647,0.00647,1114,0.01114
6,-19,4,100000,751,0.00751,1346,0.01346
6,-19,5,100000,859,0.00859,1663,0.01663
6,-18,0,100000,930,0.0093,1795,0.01795
6,-18,1,100000,890,0.0089,1640,0.0164
6,-18,2,100000,661,0.00661,1291,0.01291
6,-18,3,100000,656,0.00656,1162,0.01162
6,-18,4,100000,660,0.0066,1289,0.01289
6,-18,5,100000,882,0.00882,1615,0.01615
6,-17,0,100000,972,0.00972,1828,0.01828
6,-17,1,100000,936,0.00936,1678,0.01678
6,-17,2,100000,659,0.00659,1298,0.01298
6,-17,3,100000,659,0.00659,1108,0.01108
6,-17,4,100000,682,0.00682,1300,0.013
6,-17,5,100000,852,0.00852,1612,0.01612
6,-16,0,100000,925,0.00925,1778,0.01778
6,-16,1,100000,929,0.00929,1637,0.01637
6,-16,2,100000,703,0.00703,1285,0.01285
6,-16,3,100000,663,0.00663,1171,0.01171
6,-16,4,100000,737,0.00737,1303,0.01303
6,-16,5,100000,909,0.00909,1602,0.01602
6,-15,0,100000,926,0.00926,1821,0.01821
6,-15,1,100000,896,0.00896,1719,0.01719
6,-15,2,100000,631,0.00631,1288,0.01288
6,-15,3,100000,581,0.00581,1125,0.01125
6,-15,4,100000,655,0.00655,1305,0.01305
6,-15,5,100000,912,0.00912,1647,0.01647
6,-14,0,100000,947,0.00947,1778,0.01778
6,-14,1,100000,802,0.00802,1585,0.01585
6,-14,2,100000,710,0.0071,1368,0.01368
6,-14,3,100000,599,0.00599,1122,0.01122
6,-14,4,100000,715,0.00715,1316,0.01316
6,-14,5,100000,893,0.00893,1605,0.01605
6,-13,0,100000,1014,0.01014,1837,0.01837
6,-13,1,100000,870,0.0087,1658,0.01658
6,-13,2,100000,698,0.00698,1292,0.01292
6,-13,3,100000,634,0.00634,1192,0.01192
6,-13,4,100000,725,0.00725,1321,0.01321
6,-13,5,100000,834,0.00834,1648,0.01648
6,-12,0,100000,947,0.00947,1812,0.01812
6,-12,1,100000,881,0.00881,1718,0.01718
6,-12,2,100000,729,0.00729,1297,0.01297
6,-12,3,100000,602,0.00602,1154,0.01154
6,-12,4,100000,706,0.00706,1301,0.01301
6,-12,5,100000,941,0.00941,1680,0.0168
6,-11,0,100000,1032,0.01032,1823,0.01823
6,-11,1,100000,929,0.00929,1728,0.01728
6,-11,2,100000,734,0.00734,1342,0.01342
6,-11,3,100000,631,0.00631,1148,0.01148
6,-11,4,100000,755,0.00755,1386,0.01386
6,-11,5,100000,867,0.00867,1665,0.01665
6,-10,0,100000,1021,0.01021,1926,0.01926
6,-10,1,100000,956,0.00956,1661,0.01661
6,-10,2,100000,735,0.00735,1308,0.01308
6,-10,3,100000,630,0.0063,1152,0.01152
6,-10,4,100000,691,0.00691,1317,0.01317
6,-10,5,100000,824,0.00824,1594,0.01594
6,-9,0,100000,943,0.00943,1822,0.01822
6,-9,1,100000,860,0.0086,1701,0.01701
6,-9,2,100000,697,0.00697,1302,0.01302
6,-9,3,100000,578,0.00578,1076,0.01076
6,-9,4,100000,755,0.00755,1327,0.01327
6,-9,5,100000,892,0.00892,1668,0.01668
6,-8,0,100000,892,0.00892,1764,0.01764
6,-8,1,100000,845,0.00845,1595,0.01595
6,-8,2,100000,699,0.00699,1295,0.01295
6,-8,3,100000,608,0.00608,1159,0.01159
6,-8,4,100000,732,0.00732,1316,0.01316
6,-8,5,100000,931,0.00931,1684,0.01684
6,-7,0,100000,950,0.0095,1759,0.01759
6,-7,1,100000,861,0.00861,1635,0.01635
6,-7,2,100000,713,0.00713,1281,0.01281
6,-7,3,100000,620,0.0062,1111,0.01111
6,-7,4,100000,701,0.00701,1341,0.01341
6,-7,5,100000,819,0.00819,1643,0.01643
6,-6,0,100000,994,0.00994,1789,0.01789
6,-6,1,100000,920,0.0092,1614,0.01614
6,-6,2,100000,722,0.00722,1292,0.01292
6,-6,3,100000,609,0.00609,1176,0.01176
6,-6,4,100000,672,0.00672,1281,0.01281
6,-6,5,100000,883,0.00883,1578,0.01578
6,-5,0,100000,948,0.00948,1869,0.01869
6,-5,1,100000,860,0.0086,1597,0.01597
6,-5,2,100000,692,0.00692,1289,0.01289
6,-5,3,100000,613,0.00613,1156,0.01156
6,-5,4,100000,755,0.00755,1322,0.01322
6,-5,5,100000,815,0.00815,1641,0.01641
6,-4,0,100000,944,0.00944,1822,0.01822
6,-4,1,100000,855,0.00855,1627,0.01627
6,-4,2,100000,716,0.00716,1314,0.01314
6,-4,3,100000,563,0.00563,1102,0.01102
6,-4,4,100000,699,0.00699,1289,0.01289
6,-4,5,100000,926,0.00926,1726,0.01726
6,-3,0,100000,980,0.0098,1798,0.01798
6,-3,1,100000,838,0.00838,1614,0.01614
6,-3,2,100000,743,0.00743,1354,0.01354
6,-3,3,100000,591,0.00591,1109,0.01109
6,-3,4,100000,733,0.00733,1286,0.01286
6,-3,5,100000,900,0.009,1658,0.01658
6,-2,0,100000,1024,0.01024,1866,0.01866
6,-2,1,100000,835,0.00835,1596,0.01596
6,-2,2,100000,693,0.00693,1258,0.01258
6,-2,3,100000,585,0.00585,1098,0.01098
6,-2,4,100000,749,0.00749,1323,0.01323
6,-2,5,100000,784,0.00784,1568,0.01568
6,-1,0,100000,929,0.00929,1849,0.01849
6,-1,1,100000,881,0.00881,1667,0.01667
6,-1,2,100000,741,0.00741,1320,0.0132
6,-1,3,100000,616,0.00616,1131,0.01131
6,-1,4,100000,743,0.00743,1369,0.01369
6,-1,5,100000,937,0.00937,1645,0.01645
6,0,0,100000,942,0.00942,1760,0.0176
6,0,1,100000,844,0.00844,1595,0.01595
6,0,2,100000,671,0.00671,1266,0.01266
6,0,3,100000,622,0.00622,1188,0.01188
6,0,4,100000,713,0.00713,1289,0.01289
6,0,5,100000,884,0.00884,1620,0.0162
6,1,0,100000,961,0.00961,1798,0.01798
6,1,1,100000,872,0.00872,1665,0.01665
6,1,2,100000,718,0.00718,1361,0.01361
6,1,3,100000,611,0.00611,1156,0.01156
6,1,4,100000,712,0.00712,1333,0.01333
6,1,5,100000,870,0.0087,1624,0.01624
6,2,0,100000,1004,0.01004,1857,0.01857
6,2,1,100000,854,0.00854,1642,0.01642
6,2,2,100000,647,0.00647,1264,0.01264
6,2,3,100000,649,0.00649,1138,0.01138
6,2,4,100000,669,0.00669,1344,0.01344
6,2,5,100000,803,0.00803,1571,0.01571
6,3,0,100000,891,0.00891,1762,0.01762
6,3,1,100000,861,0.00861,1647,0.01647
6,3,2,100000,707,0.00707,1282,0.01282
6,3,3,100000,627,0.00627,1068,0.01068
6,3,4,100000,756,0.00756,1304,0.01304
6,3,5,100000,884,0.00884,1713,0.01713
6,4,0,100000,954,0.00954,1746,0.01746
6,4,1,100000,843,0.00843,1578,0.01578
6,4,2,100000,742,0.00742,1348,0.01348
6,4,3,100000,688,0.00688,1193,0.01193
6,4,4,100000,700,0.007,1316,0.01316
6,4,5,100000,851,0.00851,1659,0.01659
6,5,0,100000,973,0.00973,1837,0.01837
6,5,1,100000,879,0.00879,1602,0.01602
6,5,2,100000,669,0.00669,1248,0.01248
6,5,3,100000,579,0.00579,1137,0.01137
6,5,4,100000,715,0.00715,1333,0.01333
6,5,5,100000,905,0.00905,1755,0.01755
6,6,0,100000,1025,0.01025,1871,0.01871
6,6,1,100000,841,0.00841,1631,0.01631
6,6,2,100000,688,0.00688,1209,0.01209
6,6,3,100000,632,0.00632,1130,0.0113
6,6,4,100000,687,0.00687,1305,0.01305
6,6,5,100000,884,0.00884,1664,0.01664
6,7,0,100000,1059,0.01059,1855,0.01855
6,7,1,100000,805,0.00805,1616,0.01616
6,7,2,100000,656,0.00656,1243,0.01243
6,7,3,100000,590,0.0059,1147,0.01147
6,7,4,100000,717,0.00717,1340,0.0134
6,7,5,100000,889,0.00889,1710,0.0171
6,8,0,100000,959,0.00959,1764,0.01764
6,8,1,100000,834,0.00834,1623,0.01623
6,8,2,100000,720,0.0072,1302,0.01302
6,8,3,100000,584,0.00584,1107,0.01107
6,8,4,100000,672,0.00672,1298,0.01298
6,8,5,100000,809,0.00809,1552,0.01552
6,9,0,100000,954,0.00954,1770,0.0177
6,9,1,100000,872,0.00872,1602,0.01602
6,9,2,100000,776,0.00776,1377,0.01377
6,9,3,100000,585,0.00585,1145,0.01145
6,9,4,100000,719,0.00719,1289,0.01289
6,9,5,100000,847,0.00847,1613,0.01613
6,10,0,100000,944,0.00944,1812,0.01812
6,10,1,100000,891,0.00891,1606,0.01606
6,10,2,100000,680,0.0068,1265,0.01265
6,10,3,100000,575,0.00575,1100,0.011
6,10,4,100000,712,0.00712,1340,0.0134
6,10,5,100000,842,0.00842,1663,0.01663
6,11,0,100000,955,0.00955,1819,0.01819
6,11,1,100000,971,0.00971,1694,0.01694
6,11,2,100000,702,0.00702,1256,0.01256
6,11,3,100000,639,0.00639,1145,0.01145
6,11,4,100000,701,0.00701,1334,0.01334
6,11,5,100000,877,0.00877,1662,0.01662
6,12,0,100000,930,0.0093,1807,0.01807
6,12,1,100000,826,0.00826,1630,0.0163
6,12,2,100000,742,0.00742,1328,0.01328
6,12,3,100000,605,0.00605,1108,0.01108
6,12,4,100000,672,0.00672,1290,0.0129
6,12,5,100000,801,0.00801,1607,0.01607
6,13,0,100000,987,0.00987,1801,0.01801
6,13,1,100000,829,0.00829,1651,0.01651
6,13,2,100000,713,0.00713,1343,0.01343
6,13,3,100000,621,0.00621,1110,0.0111
6,13,4,100000,693,0.00693,1233,0.01233
6,13,5,100000,832,0.00832,1620,0.0162
6,14,0,100000,925,0.00925,1806,0.01806
6,14,1,100000,854,0.00854,1682,0.01682
6,14,2,100000,771,0.00771,1316,0.01316
6,14,3,100000,630,0.0063,1140,0.0114
6,14,4,100000,720,0.0072,1270,0.0127
6,14,5,100000,935,0.00935,1655,0.01655
6,15,0,100000,949,0.00949,1805,0.01805
6,15,1,100000,919,0.00919,1629,0.01629
6,15,2,100000,670,0.0067,1287,0.01287
6,15,3,100000,638,0.00638,1151,0.01151
6,15,4,100000,738,0.00738,1347,0.01347
6,15,5,100000,925,0.00925,1721,0.01721
6,16,0,100000,865,0.00865,1714,0.01714
6,16,1,100000,905,0.00905,1666,0.01666
6,16,2,100000,745,0.00745,1299,0.01299
6,16,3,100000,642,0.00642,1160,0.0116
6,16,4,100000,680,0.0068,1300,0.013
6,16,5,100000,844,0.00844,1690,0.0169
6,17,0,100000,951,0.00951,1831,0.01831
6,17,1,100000,899,0.00899,1701,0.01701
6,17,2,100000,743,0.00743,1286,0.01286
6,17,3,100000,580,0.0058,1107,0.01107
6,17,4,100000,655,0.00655,1277,0.01277
6,17,5,100000,904,0.00904,1663,0.01663
6,18,0,100000,935,0.00935,1836,0.01836
6,18,1,100000,847,0.00847,1679,0.01679
6,18,2,100000,659,0.00659,1312,0.01312
6,18,3,100000,564,0.00564,1131,0.01131
6,18,4,100000,701,0.00701,1292,0.01292
6,18,5,100000,940,0.0094,1668,0.01668
6,19,0,100000,983,0.00983,1843,0.01843
6,19,1,100000,851,0.00851,1580,0.0158
6,19,2,100000,720,0.0072,1312,0.01312
6,19,3,100000,581,0.00581,1152,0.01152
6,19,4,100000,713,0.00713,1333,0.01333
6,19,5,100000,854,0.00854,1724,0.01724
6,20,0,100000,993,0.00993,1860,0.0186
6,20,1,100000,803,0.00803,1606,0.01606
6,20,2,100000,677,0.00677,1317,0.01317
6,20,3,100000,580,0.0058,1170,0.0117
6,20,4,100000,615,0.00615,1286,0.01286
6,20,5,100000,826,0.00826,1602,0.01602
6,21,0,100000,932,0.00932,1790,0.0179
6,21,1,100000,814,0.00814,1633,0.01633
6,21,2,100000,729,0.00729,1298,0.01298
6,21,3,100000,558,0.00558,1103,0.01103
6,21,4,100000,709,0.00709,1347,0.01347
6,21,5,100000,966,0.00966,1723,0.01723
6,22,0,100000,974,0.00974,1846,0.01846
6,22,1,100000,822,0.00822,1624,0.01624
6,22,2,100000,768,0.00768,1333,0.01333
6,22,3,100000,667,0.00667,1136,0.01136
6,22,4,100000,733,0.00733,1327,0.01327
6,22,5,100000,891,0.00891,1602,0.01602
6,23,0,100000,984,0.00984,1812,0.01812
6,23,1,100000,889,0.00889,1644,0.01644
6,23,2,100000,713,0.00713,1341,0.01341
6,23,3,100000,645,0.00645,1143,0.01143
6,23,4,100000,632,0.00632,1253,0.01253
6,23,5,100000,825,0.00825,1642,0.01642
6,24,0,100000,949,0.00949,1796,0.01796
6,24,1,100000,838,0.00838,1588,0.01588
6,24,2,100000,677,0.00677,1271,0.01271
6,24,3,100000,638,0.00638,1154,0.01154
6,24,4,100000,685,0.00685,1293,0.01293
6,24,5,100000,852,0.00852,1619,0.01619
6,25,0,100000,971,0.00971,1928,0.01928
6,25,1,100000,817,0.00817,1603,0.01603
6,25,2,100000,699,0.00699,1299,0.01299
6,25,3,100000,653,0.00653,1149,0.01149
6,25,4,100000,686,0.00686,1288,0.01288
6,25,5,100000,857,0.00857,1709,0.01709
6,26,0,100000,907,0.00907,1852,0.01852
6,26,1,100000,801,0.00801,1610,0.0161
6,26,2,100000,668,0.00668,1254,0.01254
6,26,3,100000,638,0.00638,1162,0.01162
6,26,4,100000,701,0.00701,1298,0.01298
6,26,5,100000,912,0.00912,1649,0.01649
6,27,0,100000,957,0.00957,1830,0.0183
6,27,1,100000,842,0.00842,1616,0.01616
6,27,2,100000,688,0.00688,1258,0.01258
6,27,3,100000,611,0.00611,1148,0.01148
6,27,4,100000,649,0.00649,1192,0.01192
6,27,5,100000,898,0.00898,1612,0.01612
6,28,0,100000,939,0.00939,1845,0.01845
6,28,1,100000,915,0.00915,1669,0.01669
6,28,2,100000,711,0.00711,1370,0.0137
6,28,3,100000,603,0.00603,1154,0.01154
6,28,4,100000,682,0.00682,1265,0.01265
6,28,5,100000,899,0.00899,1735,0.01735
6,29,0,100000,941,0.00941,1780,0.0178
6,29,1,100000,875,0.00875,1627,0.01627
6,29,2,100000,645,0.00645,1235,0.01235
6,29,3,100000,638,0.00638,1145,0.01145
6,29,4,100000,695,0.00695,1294,0.01294
6,29,5,100000,834,0.00834,1640,0.0164
6,30,0,100000,1047,0.01047,1869,0.01869
6,30,1,100000,907,0.00907,1670,0.0167
6,30,2,100000,664,0.00664,1290,0.0129
6,30,3,100000,612,0.00612,1131,0.01131
6,30,4,100000,658,0.00658,1255,0.01255
6,30,5,100000,874,0.00874,1579,0.01579
6,31,0,100000,1033,0.01033,1893,0.01893
6,31,1,100000,905,0.00905,1646,0.01646
6,31,2,100000,648,0.00648,1284,0.01284
6,31,3,100000,644,0.00644,1105,0.01105
6,31,4,100000,706,0.00706,1300,0.013
6,31,5,100000,866,0.00866,1646,0.01646
6,32,0,100000,944,0.00944,1879,0.01879
6,32,1,100000,861,0.00861,1614,0.01614
6,32,2,100000,721,0.00721,1341,0.01341
6,32,3,100000,622,0.00622,1119,0.01119
6,32,4,100000,740,0.0074,1298,0.01298
6,32,5,100000,891,0.00891,1676,0.01676
6,33,0,100000,983,0.00983,1821,0.01821
6,33,1,100000,852,0.00852,1662,0.01662
6,33,2,100000,659,0.00659,1241,0.01241
6,33,3,100000,576,0.00576,1078,0.01078
6,33,4,100000,656,0.00656,1303,0.01303
6,33,5,100000,904,0.00904,1744,0.01744
6,34,0,100000,950,0.0095,1795,0.01795
6,34,1,100000,911,0.00911,1640,0.0164
6,34,2,100000,707,0.00707,1287,0.01287
6,34,3,100000,591,0.00591,1067,0.01067
6,34,4,100000,750,0.0075,1349,0.01349
6,34,5,100000,884,0.00884,1657,0.01657
6,35,0,100000,894,0.00894,1727,0.01727
6,35,1,100000,881,0.00881,1675,0.01675
6,35,2,100000,660,0.0066,1308,0.01308
6,35,3,100000,630,0.0063,1189,0.01189
6,35,4,100000,756,0.00756,1319,0.01319
6,35,5,100000,888,0.00888,1651,0.01651
6,36,0,100000,918,0.00918,1782,0.01782
6,36,1,100000,837,0.00837,1625,0.01625
6,36,2,100000,724,0.00724,1289,0.01289
6,36,3,100000,694,0.00694,1169,0.01169
6,36,4,100000,727,0.00727,1333,0.01333
6,36,5,100000,923,0.00923,1749,0.01749
6,37,0,100000,981,0.00981,1848,0.01848
6,37,1,100000,958,0.00958,1714,0.01714
6,37,2,100000,772,0.00772,1376,0.01376
6,37,3,100000,627,0.00627,1165,0.01165
6,37,4,100000,663,0.00663,1304,0.01304
6,37,5,100000,857,0.00857,1690,0.0169
6,38,0,100000,917,0.00917,1760,0.0176
6,38,1,100000,887,0.00887,1638,0.01638
6,38,2,100000,702,0.00702,1383,0.01383
6,38,3,100000,662,0.00662,1088,0.01088
6,38,4,100000,766,0.00766,1292,0.01292
6,38,5,100000,846,0.00846,1558,0.01558
6,39,0,100000,984,0.00984,1696,0.01696
6,39,1,100000,918,0.00918,1720,0.0172
6,39,2,100000,875,0.00875,1676,0.01676
6,39,3,100000,606,0.00606,1105,0.01105
6,39,4,100000,694,0.00694,1180,0.0118
6,39,5,100000,829,0.00829,1496,0.01496
6,40,0,100000,484,0.00484,810,0.0081
6,40,1,100000,554,0.00554,999,0.00999
6,40,2,100000,537,0.00537,955,0.00955
6,40,3,100000,327,0.00327,573,0.00573
6,40,4,100000,372,0.00372,680,0.0068
6,40,5,100000,531,0.00531,937,0.00937
6,41,0,100000,111,0.00111,228,0.00228
6,41,1,100000,160,0.0016,318,0.00318
6,41,2,100000,162,0.00162,324,0.00324
6,41,3,100000,113,0.00113,215,0.00215
6,41,4,100000,95,0.00095,158,0.00158
6,41,5,100000,101,0.00101,176,0.00176
6,42,0,100000,23,0.00023,80,0.0008
6,42,1,100000,18,0.00018,80,0.0008
6,42,2,100000,50,0.0005,97,0.00097
6,42,3,100000,38,0.00038,90,0.0009
6,42,4,100000,23,0.00023,56,0.00056
6,42,5,100000,29,0.00029,55,0.00055
6,43,0,100000,46,0.00046,72,0.00072
6,43,1,100000,25,0.00025,80,0.0008
6,43,2,100000,32,0.00032,84,0.00084
6,43,3,100000,40,0.0004,80,0.0008
6,43,4,100000,65,0.00065,85,0.00085
6,43,5,100000,23,0.00023,74,0.00074
6,44,0,100000,38,0.00038,93,0.00093
6,44,1,100000,28,0.00028,96,0.00096
6,44,2,100000,24,0.00024,69,0.00069
6,44,3,100000,34,0.00034,89,0.00089
6,44,4,100000,53,0.00053,82,0.00082
6,44,5,100000,26,0.00026,80,0.0008
6,45,0,100000,60,0.0006,87,0.00087
6,45,1,100000,45,0.00045,88,0.00088
6,45,2,100000,33,0.00033,100,0.001
6,45,3,100000,22,0.00022,66,0.00066
6,45,4,100000,24,0.00024,81,0.00081
6,45,5,100000,16,0.00016,81,0.00081
6,46,0,100000,43,0.00043,74,0.00074
6,46,1,100000,27,0.00027,77,0.00077
6,46,2,100000,28,0.00028,80,0.0008
6,46,3,100000,33,0.00033,68,0.00068
6,46,4,100000,29,0.00029,65,0.00065
6,46,5,100000,19,0.00019,75,0.00075
6,47,0,100000,41,0.00041,87,0.00087
6,47,1,100000,20,0.0002,70,0.0007
6,47,2,100000,42,0.00042,73,0.00073
6,47,3,100000,36,0.00036,89,0.00089
6,47,4,100000,37,0.00037,80,0.0008
6,47,5,100000,32,0.00032,72,0.00072
6,48,0,100000,30,0.0003,88,0.00088
6,48,1,100000,19,0.00019,68,0.00068
6,48,2,100000,30,0.0003,71,0.00071
6,48,3,100000,33,0.00033,64,0.00064
6,48,4,100000,21,0.00021,63,0.00063
6,48,5,100000,36,0.00036,74,0.00074
6,49,0,100000,28,0.00028,64,0.00064
6,49,1,100000,40,0.0004,85,0.00085
6,49,2,100000,51,0.00051,74,0.00074
6,49,3,100000,18,0.00018,61,0.00061
6,49,4,100000,35,0.00035,69,0.00069
6,49,5,100000,35,0.00035,89,0.00089
6,50,0,100000,31,0.00031,80,0.0008
6,50,1,100000,37,0.00037,75,0.00075
6,50,2,100000,19,0.00019,68,0.00068
6,50,3,100000,50,0.0005,78,0.00078
6,50,4,100000,25,0.00025,73,0.00073
6,50,5,100000,34,0.00034,84,0.00084
7,-50,0,100000,22,0.00022,70,0.0007
7,-50,1,100000,32,0.00032,68,0.00068
7,-50,2,100000,29,0.00029,71,0.00071
7,-50,3,100000,16,0.00016,68,0.00068
7,-50,4,100000,24,0.00024,69,0.00069
7,-50,5,100000,27,0.00027,64,0.00064
7,-49,0,100000,24,0.00024,70,0.0007
7,-49,1,100000,42,0.00042,74,0.00074
7,-49,2,100000,31,0.00031,67,0.00067
7,-49,3,100000,26,0.00026,74,0.00074
7,-49,4,100000,25,0.00025,58,0.00058
7,-49,5,100000,37,0.00037,68,0.00068
7,-48,0,100000,44,0.00044,80,0.0008
7,-48,1,100000,62,0.00062,83,0.00083
7,-48,2,100000,31,0.00031,85,0.00085
7,-48,3,100000,24,0.00024,72,0.00072
7,-48,4,100000,36,0.00036,73,0.00073
7,-48,5,100000,31,0.00031,80,0.0008
7,-47,0,100000,34,0.00034,90,0.0009
7,-47,1,100000,34,0.00034,87,0.00087
7,-47,2,100000,32,0.00032,74,0.00074
7,-47,3,100000,57,0.00057,88,0.00088
7,-47,4,100000,30,0.0003,82,0.00082
7,-47,5,100000,34,0.00034,69,0.00069
7,-46,0,100000,24,0.00024,79,0.00079
7,-46,1,100000,35,0.00035,83,0.00083
7,-46,2,100000,37,0.00037,79,0.00079
7,-46,3,100000,31,0.00031,82,0.00082
7,-46,4,100000,21,0.00021,67,0.00067
7,-46,5,100000,41,0.00041,77,0.00077
7,-45,0,100000,53,0.00053,68,0.00068
7,-45,1,100000,34,0.00034,81,0.00081
7,-45,2,100000,34,0.00034,75,0.00075
7,-45,3,100000,42,0.00042,97,0.00097
7,-45,4,100000,60,0.0006,92,0.00092
7,-45,5,100000,44,0.00044,79,0.00079
7,-44,0,100000,36,0.00036,86,0.00086
7,-44,1,100000,52,0.00052,84,0.00084
7,-44,2,100000,49,0.00049,68,0.00068
7,-44,3,100000,36,0.00036,90,0.0009
7,-44,4,100000,22,0.00022,97,0.00097
7,-44,5,100000,27,0.00027,78,0.00078
7,-43,0,100000,40,0.0004,85,0.00085
7,-43,1,100000,34,0.00034,82,0.00082
7,-43,2,100000,26,0.00026,80,0.0008
7,-43,3,100000,36,0.00036,90,0.0009
7,-43,4,100000,56,0.00056,98,0.00098
7,-43,5,100000,21,0.00021,77,0.00077
7,-42,0,100000,42,0.00042,90,0.0009
7,-42,1,100000,43,0.00043,83,0.00083
7,-42,2,100000,36,0.00036,72,0.00072
7,-42,3,100000,32,0.00032,85,0.00085
7,-42,4,100000,39,0.00039,86,0.00086
7,-42,5,100000,44,0.00044,89,0.00089
7,-41,0,100000,153,0.00153,264,0.00264
7,-41,1,100000,87,0.00087,194,0.00194
7,-41,2,100000,100,0.001,190,0.0019
7,-41,3,100000,112,0.00112,207,0.00207
7,-41,4,100000,180,0.0018,320,0.0032
7,-41,5,100000,203,0.00203,361,0.00361
7,-40,0,100000,475,0.00475,849,0.00849
7,-40,1,100000,474,0.00474,854,0.00854
7,-40,2,100000,362,0.00362,705,0.00705
7,-40,3,100000,282,0.00282,528,0.00528
7,-40,4,100000,515,0.00515,900,0.009
7,-40,5,100000,513,0.00513,927,0.00927
7,-39,0,100000,831,0.00831,1526,0.01526
7,-39,1,100000,792,0.00792,1520,0.0152
7,-39,2,100000,683,0.00683,1218,0.01218
7,-39,3,100000,514,0.00514,938,0.00938
7,-39,4,100000,762,0.00762,1472,0.01472
7,-39,5,100000,835,0.00835,1570,0.0157
7,-38,0,100000,923,0.00923,1701,0.01701
7,-38,1,100000,851,0.00851,1584,0.01584
7,-38,2,100000,621,0.00621,1218,0.01218
7,-38,3,100000,526,0.00526,998,0.00998
7,-38,4,100000,758,0.00758,1413,0.01413
7,-38,5,100000,848,0.00848,1621,0.01621
7,-37,0,100000,871,0.00871,1763,0.01763
7,-37,1,100000,829,0.00829,1545,0.01545
7,-37,2,100000,609,0.00609,1216,0.01216
7,-37,3,100000,547,0.00547,1027,0.01027
7,-37,4,100000,645,0.00645,1205,0.01205
7,-37,5,100000,854,0.00854,1566,0.01566
7,-36,0,100000,943,0.00943,1754,0.01754
7,-36,1,100000,887,0.00887,1601,0.01601
7,-36,2,100000,630,0.0063,1260,0.0126
7,-36,3,100000,629,0.00629,1133,0.01133
7,-36,4,100000,597,0.00597,1233,0.01233
7,-36,5,100000,837,0.00837,1581,0.01581
7,-35,0,100000,909,0.00909,1786,0.01786
7,-35,1,100000,832,0.00832,1561,0.01561
7,-35,2,100000,662,0.00662,1194,0.01194
7,-35,3,100000,559,0.00559,1038,0.01038
7,-35,4,100000,672,0.00672,1259,0.01259
7,-35,5,100000,888,0.00888,1593,0.01593
7,-34,0,100000,922,0.00922,1836,0.01836
7,-34,1,100000,808,0.00808,1574,0.01574
7,-34,2,100000,670,0.0067,1263,0.01263
7,-34,3,100000,610,0.0061,1069,0.01069
7,-34,4,100000,679,0.00679,1208,0.01208
7,-34,5,100000,791,0.00791,1556,0.01556
7,-33,0,100000,950,0.0095,1804,0.01804
7,-33,1,100000,831,0.00831,1668,0.01668
7,-33,2,100000,656,0.00656,1216,0.01216
7,-33,3,100000,638,0.00638,1108,0.01108
7,-33,4,100000,663,0.00663,1207,0.01207
7,-33,5,100000,788,0.00788,1576,0.01576
7,-32,0,100000,943,0.00943,1785,0.01785
7,-32,1,100000,881,0.00881,1662,0.01662
7,-32,2,100000,728,0.00728,1239,0.01239
7,-32,3,100000,513,0.00513,1026,0.01026
7,-32,4,100000,621,0.00621,1227,0.01227
7,-32,5,100000,820,0.0082,1592,0.01592
7,-31,0,100000,1009,0.01009,1844,0.01844
7,-31,1,100000,886,0.00886,1605,0.01605
7,-31,2,100000,664,0.00664,1211,0.01211
7,-31,3,100000,561,0.00561,1063,0.01063
7,-31,4,100000,730,0.0073,1223,0.01223
7,-31,5,100000,853,0.00853,1603,0.01603
7,-30,0,100000,913,0.00913,1770,0.0177
7,-30,1,100000,786,0.00786,1582,0.01582
7,-30,2,100000,640,0.0064,1242,0.01242
7,-30,3,100000,592,0.00592,1084,0.01084
7,-30,4,100000,692,0.00692,1209,0.01209
7,-30,5,100000,845,0.00845,1590,0.0159
7,-29,0,100000,888,0.00888,1715,0.01715
7,-29,1,100000,898,0.00898,1625,0.01625
7,-29,2,100000,644,0.00644,1193,0.01193
7,-29,3,100000,597,0.00597,1063,0.01063
7,-29,4,100000,634,0.00634,1219,0.01219
7,-29,5,100000,805,0.00805,1575,0.01575
7,-28,0,100000,868,0.00868,1696,0.01696
7,-28,1,100000,856,0.00856,1582,0.01582
7,-28,2,100000,634,0.00634,1258,0.01258
7,-28,3,100000,550,0.0055,1086,0.01086
7,-28,4,100000,732,0.00732,1298,0.01298
7,-28,5,100000,799,0.00799,1595,0.01595
7,-27,0,100000,918,0.00918,1811,0.01811
7,-27,1,100000,835,0.00835,1610,0.0161
7,-27,2,100000,660,0.0066,1218,0.01218
7,-27,3,100000,527,0.00527,1031,0.01031
7,-27,4,100000,651,0.00651,1264,0.01264
7,-27,5,100000,817,0.00817,1606,0.01606
7,-26,0,100000,916,0.00916,1813,0.01813
7,-26,1,100000,831,0.00831,1604,0.01604
7,-26,2,100000,687,0.00687,1244,0.01244
7,-26,3,100000,630,0.0063,1133,0.01133
7,-26,4,100000,675,0.00675,1277,0.01277
7,-26,5,100000,848,0.00848,1637,0.01637
7,-25,0,100000,928,0.00928,1820,0.0182
7,-25,1,100000,848,0.00848,1582,0.01582
7,-25,2,100000,633,0.00633,1200,0.012
7,-25,3,100000,635,0.00635,1097,0.01097
7,-25,4,100000,634,0.00634,1229,0.01229
7,-25,5,100000,868,0.00868,1568,0.01568
7,-24,0,100000,977,0.00977,1777,0.01777
7,-24,1,100000,869,0.00869,1631,0.01631
7,-24,2,100000,669,0.00669,1262,0.01262
7,-24,3,100000,489,0.00489,1013,0.01013
7,-24,4,100000,682,0.00682,1238,0.01238
7,-24,5,100000,819,0.00819,1598,0.01598
7,-23,0,100000,929,0.00929,1805,0.01805
7,-23,1,100000,893,0.00893,1634,0.01634
7,-23,2,100000,681,0.00681,1271,0.01271
7,-23,3,100000,579,0.00579,1062,0.01062
7,-23,4,100000,697,0.00697,1298,0.01298
7,-23,5,100000,880,0.0088,1624,0.01624
7,-22,0,100000,956,0.00956,1709,0.01709
7,-22,1,100000,798,0.00798,1585,0.01585
7,-22,2,100000,674,0.00674,1242,0.01242
7,-22,3,100000,587,0.00587,1064,0.01064
7,-22,4,100000,635,0.00635,1236,0.01236
7,-22,5,100000,833,0.00833,1612,0.01612
7,-21,0,100000,968,0.00968,1772,0.01772
7,-21,1,100000,826,0.00826,1568,0.01568
7,-21,2,100000,669,0.00669,1267,0.01267
7,-21,3,100000,509,0.00509,997,0.00997
7,-21,4,100000,682,0.00682,1270,0.0127
7,-21,5,100000,864,0.00864,1589,0.01589
7,-20,0,100000,935,0.00935,1793,0.01793
7,-20,1,100000,886,0.00886,1603,0.01603
7,-20,2,100000,722,0.00722,1302,0.01302
7,-20,3,100000,558,0.00558,1031,0.01031
7,-20,4,100000,620,0.0062,1222,0.01222
7,-20,5,100000,834,0.00834,1590,0.0159
7,-19,0,100000,904,0.00904,1784,0.01784
7,-19,1,100000,921,0.00921,1688,0.01688
7,-19,2,100000,638,0.00638,1216,0.01216
7,-19,3,100000,574,0.00574,1005,0.01005
7,-19,4,100000,612,0.00612,1163,0.01163
7,-19,5,100000,857,0.00857,1620,0.0162
7,-18,0,100000,925,0.00925,1715,0.01715
7,-18,1,100000,862,0.00862,1663,0.01663
7,-18,2,100000,671,0.00671,1238,0.01238
7,-18,3,100000,565,0.00565,1039,0.01039
7,-18,4,100000,673,0.00673,1229,0.01229
7,-18,5,100000,842,0.00842,1630,0.0163
7,-17,0,100000,929,0.00929,1760,0.0176
7,-17,1,100000,837,0.00837,1545,0.01545
7,-17,2,100000,658,0.00658,1208,0.01208
7,-17,3,100000,577,0.00577,1050,0.0105
7,-17,4,100000,692,0.00692,1297,0.01297
7,-17,5,100000,824,0.00824,1605,0.01605
7,-16,0,100000,934,0.00934,1747,0.01747
7,-16,1,100000,802,0.00802,1504,0.01504
7,-16,2,100000,655,0.00655,1255,0.01255
7,-16,3,100000,552,0.00552,1059,0.01059
7,-16,4,100000,653,0.00653,1270,0.0127
7,-16,5,100000,870,0.0087,1632,0.01632
7,-15,0,100000,972,0.00972,1769,0.01769
7,-15,1,100000,935,0.00935,1686,0.01686
7,-15,2,100000,699,0.00699,1305,0.01305
7,-15,3,100000,599,0.00599,1053,0.01053
7,-15,4,100000,748,0.00748,1253,0.01253
7,-15,5,100000,844,0.00844,1643,0.01643
7,-14,0,100000,829,0.00829,1728,0.01728
7,-14,1,100000,836,0.00836,1582,0.01582
7,-14,2,100000,669,0.00669,1245,0.01245
7,-14,3,100000,571,0.00571,1044,0.01044
7,-14,4,100000,699,0.00699,1232,0.01232
7,-14,5,100000,889,0.00889,1667,0.01667
7,-13,0,100000,932,0.00932,1729,0.01729
7,-13,1,100000,860,0.0086,1585,0.01585
7,-13,2,100000,646,0.00646,1173,0.01173
7,-13,3,100000,591,0.00591,1078,0.01078
7,-13,4,100000,695,0.00695,1282,0.01282
7,-13,5,100000,891,0.00891,1600,0.016
7,-12,0,100000,910,0.0091,1787,0.01787
7,-12,1,100000,861,0.00861,1554,0.01554
7,-12,2,100000,675,0.00675,1235,0.01235
7,-12,3,100000,597,0.00597,1083,0.01083
7,-12,4,100000,681,0.00681,1226,0.01226
7,-12,5,100000,854,0.00854,1605,0.01605
7,-11,0,100000,915,0.00915,1750,0.0175
7,-11,1,100000,842,0.00842,1609,0.01609
7,-11,2,100000,661,0.00661,1250,0.0125
7,-11,3,100000,610,0.0061,1140,0.0114
7,-11,4,100000,734,0.00734,1317,0.01317
7,-11,5,100000,830,0.0083,1600,0.016
7,-10,0,100000,952,0.00952,1805,0.01805
7,-10,1,100000,893,0.00893,1620,0.0162
7,-10,2,100000,642,0.00642,1283,0.01283
7,-10,3,100000,528,0.00528,1034,0.01034
7,-10,4,100000,650,0.0065,1197,0.01197
7,-10,5,100000,883,0.00883,1681,0.01681
7,-9,0,100000,923,0.00923,1760,0.0176
7,-9,1,100000,886,0.00886,1623,0.01623
7,-9,2,100000,703,0.00703,1276,0.01276
7,-9,3,100000,590,0.0059,1017,0.01017
7,-9,4,100000,667,0.00667,1229,0.01229
7,-9,5,100000,834,0.00834,1543,0.01543
7,-8,0,100000,975,0.00975,1829,0.01829
7,-8,1,100000,848,0.00848,1588,0.01588
7,-8,2,100000,685,0.00685,1236,0.01236
7,-8,3,100000,540,0.0054,994,0.00994
7,-8,4,100000,614,0.00614,1223,0.01223
7,-8,5,100000,907,0.00907,1626,0.01626
7,-7,0,100000,997,0.00997,1855,0.01855
7,-7,1,100000,855,0.00855,1643,0.01643
7,-7,2,100000,593,0.00593,1200,0.012
7,-7,3,100000,575,0.00575,1018,0.01018
7,-7,4,100000,663,0.00663,1267,0.01267
7,-7,5,100000,842,0.00842,1603,0.01603
7,-6,0,100000,958,0.00958,1797,0.01797
7,-6,1,100000,851,0.00851,1612,0.01612
7,-6,2,100000,667,0.00667,1264,0.01264
7,-6,3,100000,549,0.00549,1033,0.01033
7,-6,4,100000,648,0.00648,1195,0.01195
7,-6,5,100000,845,0.00845,1598,0.01598
7,-5,0,100000,904,0.00904,1704,0.01704
7,-5,1,100000,917,0.00917,1618,0.01618
7,-5,2,100000,700,0.007,1297,0.01297
7,-5,3,100000,509,0.00509,1055,0.01055
7,-5,4,100000,665,0.00665,1215,0.01215
7,-5,5,100000,803,0.00803,1579,0.01579
7,-4,0,100000,916,0.00916,1752,0.01752
7,-4,1,100000,796,0.00796,1551,0.01551
7,-4,2,100000,688,0.00688,1217,0.01217
7,-4,3,100000,523,0.00523,991,0.00991
7,-4,4,100000,722,0.00722,1246,0.01246
7,-4,5,100000,899,0.00899,1679,0.01679
7,-3,0,100000,926,0.00926,1755,0.01755
7,-3,1,100000,827,0.00827,1611,0.01611
7,-3,2,100000,630,0.0063,1168,0.01168
7,-3,3,100000,592,0.00592,1058,0.01058
7,-3,4,100000,612,0.00612,1204,0.01204
7,-3,5,100000,839,0.00839,1633,0.01633
7,-2,0,100000,939,0.00939,1778,0.01778
7,-2,1,100000,883,0.00883,1624,0.01624
7,-2,2,100000,630,0.0063,1228,0.01228
7,-2,3,100000,583,0.00583,1125,0.01125
7,-2,4,100000,694,0.00694,1264,0.01264
7,-2,5,100000,876,0.00876,1616,0.01616
7,-1,0,100000,880,0.0088,1703,0.01703
7,-1,1,100000,849,0.00849,1556,0.01556
7,-1,2,100000,713,0.00713,1281,0.01281
7,-1,3,100000,513,0.00513,1010,0.0101
7,-1,4,100000,649,0.00649,1256,0.01256
7,-1,5,100000,905,0.00905,1722,0.01722
7,0,0,100000,917,0.00917,1753,0.01753
7,0,1,100000,833,0.00833,1547,0.01547
7,0,2,100000,705,0.00705,1257,0.01257
7,0,3,100000,565,0.00565,1083,0.01083
7,0,4,100000,628,0.00628,1202,0.01202
7,0,5,100000,859,0.00859,1572,0.01572
7,1,0,100000,967,0.00967,1831,0.01831
7,1,1,100000,869,0.00869,1631,0.01631
7,1,2,100000,656,0.00656,1220,0.0122
7,1,3,100000,627,0.00627,1060,0.0106
7,1,4,100000,616,0.00616,1239,0.01239
7,1,5,100000,844,0.00844,1592,0.01592
7,2,0,100000,975,0.00975,1773,0.01773
7,2,1,100000,872,0.00872,1612,0.01612
7,2,2,100000,637,0.00637,1202,0.01202
7,2,3,100000,616,0.00616,1048,0.01048
7,2,4,100000,654,0.00654,1265,0.01265
7,2,5,100000,838,0.00838,1558,0.01558
7,3,0,100000,972,0.00972,1765,0.01765
7,3,1,100000,870,0.0087,1606,0.01606
7,3,2,100000,657,0.00657,1177,0.01177
7,3,3,100000,558,0.00558,1042,0.01042
7,3,4,100000,647,0.00647,1212,0.01212
7,3,5,100000,817,0.00817,1529,0.01529
7,4,0,100000,946,0.00946,1704,0.01704
7,4,1,100000,828,0.00828,1622,0.01622
7,4,2,100000,673,0.00673,1209,0.01209
7,4,3,100000,589,0.00589,1047,0.01047
7,4,4,100000,741,0.00741,1330,0.0133
7,4,5,100000,894,0.00894,1679,0.01679
7,5,0,100000,1005,0.01005,1845,0.01845
7,5,1,100000,856,0.00856,1577,0.01577
7,5,2,100000,669,0.00669,1263,0.01263
7,5,3,100000,544,0.00544,1050,0.0105
7,5,4,100000,603,0.00603,1222,0.01222
7,5,5,100000,869,0.00869,1648,0.01648
7,6,0,100000,909,0.00909,1743,0.01743
7,6,1,100000,805,0.00805,1569,0.01569
7,6,2,100000,664,0.00664,1256,0.01256
7,6,3,100000,544,0.00544,1027,0.01027
7,6,4,100000,675,0.00675,1192,0.01192
7,6,5,100000,909,0.00909,1657,0.01657
7,7,0,100000,993,0.00993,1855,0.01855
7,7,1,100000,834,0.00834,1654,0.01654
7,7,2,100000,654,0.00654,1237,0.01237
7,7,3,100000,608,0.00608,1102,0.01102
7,7,4,100000,670,0.0067,1267,0.01267
7,7,5,100000,912,0.00912,1672,0.01672
7,8,0,100000,857,0.00857,1720,0.0172
7,8,1,100000,790,0.0079,1603,0.01603
7,8,2,100000,667,0.00667,1267,0.01267
7,8,3,100000,565,0.00565,1012,0.01012
7,8,4,100000,638,0.00638,1228,0.01228
7,8,5,100000,858,0.00858,1618,0.01618
7,9,0,100000,913,0.00913,1678,0.01678
7,9,1,100000,855,0.00855,1591,0.01591
7,9,2,100000,682,0.00682,1284,0.01284
7,9,3,100000,579,0.00579,1042,0.01042
7,9,4,100000,637,0.00637,1183,0.01183
7,9,5,100000,882,0.00882,1628,0.01628
7,10,0,100000,916,0.00916,1768,0.01768
7,10,1,100000,824,0.00824,1585,0.01585
7,10,2,100000,651,0.00651,1251,0.01251
7,10,3,100000,596,0.00596,1079,0.01079
7,10,4,100000,628,0.00628,1208,0.01208
7,10,5,100000,838,0.00838,1579,0.01579
7,11,0,100000,897,0.00897,1778,0.01778
7,11,1,100000,893,0.00893,1649,0.01649
7,11,2,100000,630,0.0063,1220,0.0122
7,11,3,100000,530,0.0053,1052,0.01052
7,11,4,100000,687,0.00687,1260,0.0126
7,11,5,100000,863,0.00863,1566,0.01566
7,12,0,100000,935,0.00935,1781,0.01781
7,12,1,100000,877,0.00877,1626,0.01626
7,12,2,100000,684,0.00684,1216,0.01216
7,12,3,100000,597,0.00597,1043,0.01043
7,12,4,100000,649,0.00649,1195,0.01195
7,12,5,100000,839,0.00839,1627,0.01627
7,13,0,100000,918,0.00918,1802,0.01802
7,13,1,100000,876,0.00876,1680,0.0168
7,13,2,100000,644,0.00644,1221,0.01221
7,13,3,100000,581,0.00581,1017,0.01017
7,13,4,100000,640,0.0064,1193,0.01193
7,13,5,100000,812,0.00812,1622,0.01622
7,14,0,100000,876,0.00876,1735,0.01735
7,14,1,100000,872,0.00872,1607,0.01607
7,14,2,100000,648,0.00648,1244,0.01244
7,14,3,100000,577,0.00577,1107,0.01107
7,14,4,100000,637,0.00637,1259,0.01259
7,14,5,100000,823,0.00823,1542,0.01542
7,15,0,100000,1034,0.01034,1852,0.01852
7,15,1,100000,814,0.00814,1529,0.01529
7,15,2,100000,683,0.00683,1197,0.01197
7,15,3,100000,577,0.00577,1069,0.01069
7,15,4,100000,704,0.00704,1266,0.01266
7,15,5,100000,877,0.00877,1627,0.01627
7,16,0,100000,970,0.0097,1812,0.01812
7,16,1,100000,822,0.00822,1603,0.01603
7,16,2,100000,688,0.00688,1248,0.01248
7,16,3,100000,525,0.00525,1005,0.01005
7,16,4,100000,655,0.00655,1214,0.01214
7,16,5,100000,822,0.00822,1601,0.01601
7,17,0,100000,927,0.00927,1825,0.01825
7,17,1,100000,849,0.00849,1621,0.01621
7,17,2,100000,701,0.00701,1240,0.0124
7,17,3,100000,578,0.00578,1046,0.01046
7,17,4,100000,660,0.0066,1218,0.01218
7,17,5,100000,769,0.00769,1577,0.01577
7,18,0,100000,965,0.00965,1746,0.01746
7,18,1,100000,855,0.00855,1585,0.01585
7,18,2,100000,631,0.00631,1248,0.01248
7,18,3,100000,589,0.00589,1042,0.01042
7,18,4,100000,666,0.00666,1223,0.01223
7,18,5,100000,854,0.00854,1570,0.0157
7,19,0,100000,899,0.00899,1829,0.01829
7,19,1,100000,769,0.00769,1625,0.01625
7,19,2,100000,649,0.00649,1254,0.01254
7,19,3,100000,557,0.00557,1038,0.01038
7,19,4,100000,653,0.00653,1220,0.0122
7,19,5,100000,801,0.00801,1621,0.01621
7,20,0,100000,985,0.00985,1777,0.01777
7,20,1,100000,958,0.00958,1673,0.01673
7,20,2,100000,652,0.00652,1234,0.01234
7,20,3,100000,531,0.00531,998,0.00998
7,20,4,100000,690,0.0069,1221,0.01221
7,20,5,100000,807,0.00807,1547,0.01547
7,21,0,100000,876,0.00876,1770,0.0177
7,21,1,100000,875,0.00875,1655,0.01655
7,21,2,100000,715,0.00715,1244,0.01244
7,21,3,100000,572,0.00572,1025,0.01025
7,21,4,100000,679,0.00679,1214,0.01214
7,21,5,100000,919,0.00919,1624,0.01624
7,22,0,100000,903,0.00903,1788,0.01788
7,22,1,100000,907,0.00907,1709,0.01709
7,22,2,100000,696,0.00696,1267,0.01267
7,22,3,100000,627,0.00627,1073,0.01073
7,22,4,100000,646,0.00646,1204,0.01204
7,22,5,100000,854,0.00854,1596,0.01596
7,23,0,100000,911,0.00911,1731,0.01731
7,23,1,100000,832,0.00832,1582,0.01582
7,23,2,100000,639,0.00639,1282,0.01282
7,23,3,100000,543,0.00543,1066,0.01066
7,23,4,100000,614,0.00614,1233,0.01233
7,23,5,100000,776,0.00776,1558,0.01558
7,24,0,100000,931,0.00931,1745,0.01745
7,24,1,100000,876,0.00876,1623,0.01623
7,24,2,100000,641,0.00641,1171,0.01171
7,24,3,100000,562,0.00562,1037,0.01037
7,24,4,100000,669,0.00669,1262,0.01262
7,24,5,100000,859,0.00859,1593,0.01593
7,25,0,100000,947,0.00947,1724,0.01724
7,25,1,100000,877,0.00877,1619,0.01619
7,25,2,100000,627,0.00627,1196,0.01196
7,25,3,100000,516,0.00516,1090,0.0109
7,25,4,100000,685,0.00685,1251,0.01251
7,25,5,100000,859,0.00859,1585,0.01585
7,26,0,100000,952,0.00952,1748,0.01748
7,26,1,100000,799,0.00799,1571,0.01571
7,26,2,100000,704,0.00704,1252,0.01252
7,26,3,100000,628,0.00628,1061,0.01061
7,26,4,100000,622,0.00622,1227,0.01227
7,26,5,100000,844,0.00844,1648,0.01648
7,27,0,100000,945,0.00945,1816,0.01816
7,27,1,100000,882,0.00882,1662,0.01662
7,27,2,100000,610,0.0061,1170,0.0117
7,27,3,100000,625,0.00625,1072,0.01072
7,27,4,100000,675,0.00675,1253,0.01253
7,27,5,100000,878,0.00878,1632,0.01632
7,28,0,100000,948,0.00948,1754,0.01754
7,28,1,100000,868,0.00868,1588,0.01588
7,28,2,100000,649,0.00649,1223,0.01223
7,28,3,100000,587,0.00587,1068,0.01068
7,28,4,100000,652,0.00652,1223,0.01223
7,28,5,100000,850,0.0085,1587,0.01587
7,29,0,100000,930,0.0093,1796,0.01796
7,29,1,100000,787,0.00787,1575,0.01575
7,29,2,100000,640,0.0064,1199,0.01199
7,29,3,100000,586,0.00586,1101,0.01101
7,29,4,100000,629,0.00629,1238,0.01238
7,29,5,100000,828,0.00828,1541,0.01541
7,30,0,100000,1005,0.01005,1739,0.01739
7,30,1,100000,850,0.0085,1585,0.01585
7,30,2,100000,666,0.00666,1285,0.01285
7,30,3,100000,557,0.00557,1066,0.01066
7,30,4,100000,677,0.00677,1243,0.01243
7,30,5,100000,855,0.00855,1581,0.01581
7,31,0,100000,920,0.0092,1787,0.01787
7,31,1,100000,798,0.00798,1620,0.0162
7,31,2,100000,625,0.00625,1190,0.0119
7,31,3,100000,636,0.00636,1087,0.01087
7,31,4,100000,674,0.00674,1199,0.01199
7,31,5,100000,888,0.00888,1623,0.01623
7,32,0,100000,946,0.00946,1739,0.01739
7,32,1,100000,884,0.00884,1676,0.01676
7,32,2,100000,687,0.00687,1243,0.01243
7,32,3,100000,566,0.00566,1055,0.01055
7,32,4,100000,703,0.00703,1302,0.01302
7,32,5,100000,814,0.00814,1613,0.01613
7,33,0,100000,1036,0.01036,1808,0.01808
7,33,1,100000,844,0.00844,1572,0.01572
7,33,2,100000,652,0.00652,1228,0.01228
7,33,3,100000,549,0.00549,1015,0.01015
7,33,4,100000,660,0.0066,1220,0.0122
7,33,5,100000,872,0.00872,1616,0.01616
7,34,0,100000,938,0.00938,1790,0.0179
7,34,1,100000,822,0.00822,1652,0.01652
7,34,2,100000,663,0.00663,1211,0.01211
7,34,3,100000,537,0.00537,1031,0.01031
7,34,4,100000,620,0.0062,1200,0.012
7,34,5,100000,847,0.00847,1634,0.01634
7,35,0,100000,936,0.00936,1716,0.01716
7,35,1,100000,825,0.00825,1550,0.0155
7,35,2,100000,708,0.00708,1294,0.01294
7,35,3,100000,503,0.00503,1023,0.01023
7,35,4,100000,662,0.00662,1195,0.01195
7,35,5,100000,861,0.00861,1671,0.01671
7,36,0,100000,969,0.00969,1756,0.01756
7,36,1,100000,839,0.00839,1650,0.0165
7,36,2,100000,731,0.00731,1295,0.01295
7,36,3,100000,570,0.0057,1032,0.01032
7,36,4,100000,647,0.00647,1192,0.01192
7,36,5,100000,846,0.00846,1590,0.0159
7,37,0,100000,908,0.00908,1789,0.01789
7,37,1,100000,829,0.00829,1515,0.01515
7,37,2,100000,724,0.00724,1283,0.01283
7,37,3,100000,532,0.00532,1087,0.01087
7,37,4,100000,635,0.00635,1266,0.01266
7,37,5,100000,859,0.00859,1650,0.0165
7,38,0,100000,936,0.00936,1758,0.01758
7,38,1,100000,791,0.00791,1544,0.01544
7,38,2,100000,724,0.00724,1319,0.01319
7,38,3,100000,606,0.00606,1041,0.01041
7,38,4,100000,672,0.00672,1260,0.0126
7,38,5,100000,833,0.00833,1629,0.01629
7,39,0,100000,880,0.0088,1520,0.0152
7,39,1,100000,966,0.00966,1646,0.01646
7,39,2,100000,810,0.0081,1428,0.01428
7,39,3,100000,545,0.00545,921,0.00921
7,39,4,100000,620,0.0062,1141,0.01141
7,39,5,100000,819,0.00819,1457,0.01457
7,40,0,100000,497,0.00497,832,0.00832
7,40,1,100000,493,0.00493,891,0.00891
7,40,2,100000,508,0.00508,888,0.00888
7,40,3,100000,304,0.00304,548,0.00548
7,40,4,100000,346,0.00346,672,0.00672
7,40,5,100000,462,0.00462,827,0.00827
7,41,0,100000,158,0.00158,265,0.00265
7,41,1,100000,171,0.00171,319,0.00319
7,41,2,100000,167,0.00167,362,0.00362
7,41,3,100000,116,0.00116,219,0.00219
7,41,4,100000,77,0.00077,155,0.00155
7,41,5,100000,89,0.00089,194,0.00194
7,42,0,100000,24,0.00024,86,0.00086
7,42,1,100000,44,0.00044,120,0.0012
7,42,2,100000,48,0.00048,105,0.00105
7,42,3,100000,35,0.00035,86,0.00086
7,42,4,100000,38,0.00038,69,0.00069
7,42,5,100000,44,0.00044,75,0.00075
7,43,0,100000,26,0.00026,76,0.00076
7,43,1,100000,23,0.00023,94,0.00094
7,43,2,100000,31,0.00031,60,0.0006
7,43,3,100000,38,0.00038,84,0.00084
7,43,4,100000,45,0.00045,82,0.00082
7,43,5,100000,25,0.00025,73,0.00073
7,44,0,100000,33,0.00033,86,0.00086
7,44,1,100000,28,0.00028,105,0.00105
7,44,2,100000,40,0.0004,85,0.00085
7,44,3,100000,39,0.00039,75,0.00075
7,44,4,100000,25,0.00025,61,0.00061
7,44,5,100000,14,0.00014,82,0.00082
7,45,0,100000,44,0.00044,90,0.0009
7,45,1,100000,26,0.00026,84,0.00084
7,45,2,100000,42,0.00042,92,0.00092
7,45,3,100000,46,0.00046,86,0.00086
7,45,4,100000,47,0.00047,88,0.00088
7,45,5,100000,28,0.00028,78,0.00078
7,46,0,100000,18,0.00018,69,0.00069
7,46,1,100000,34,0.00034,73,0.00073
7,46,2,100000,32,0.00032,70,0.0007
7,46,3,100000,40,0.0004,95,0.00095
7,46,4,100000,46,0.00046,82,0.00082
7,46,5,100000,18,0.00018,61,0.00061
7,47,0,100000,29,0.00029,67,0.00067
7,47,1,100000,42,0.00042,78,0.00078
7,47,2,100000,39,0.00039,91,0.00091
7,47,3,100000,28,0.00028,84,0.00084
7,47,4,100000,37,0.00037,78,0.00078
7,47,5,100000,29,0.00029,79,0.00079
7,48,0,100000,21,0.00021,82,0.00082
7,48,1,100000,20,0.0002,64,0.00064
7,48,2,100000,42,0.00042,69,0.00069
7,48,3,100000,22,0.00022,66,0.00066
7,48,4,100000,29,0.00029,73,0.00073
7,48,5,100000,22,0.00022,76,0.00076
7,49,0,100000,30,0.0003,61,0.00061
7,49,1,100000,43,0.00043,93,0.00093
7,49,2,100000,29,0.00029,74,0.00074
7,49,3,100000,42,0.00042,86,0.00086
7,49,4,100000,27,0.00027,61,0.00061
7,49,5,100000,36,0.00036,71,0.00071
7,50,0,100000,39,0.00039,78,0.00078
7,50,1,100000,34,0.00034,71,0.00071
7,50,2,100000,23,0.00023,53,0.00053
7,50,3,100000,31,0.00031,72,0.00072
7,50,4,100000,18,0.00018,75,0.00075
7,50,5,100000,31,0.00031,77,0.00077
8,-50,0,100000,35,0.00035,99,0.00099
8,-50,1,100000,21,0.00021,73,0.00073
8,-50,2,100000,43,0.00043,82,0.00082
8,-50,3,100000,35,0.00035,77,0.00077
8,-50,4,100000,61,0.00061,81,0.00081
8,-50,5,100000,21,0.00021,67,0.00067
8,-49,0,100000,48,0.00048,81,0.00081
8,-49,1,100000,29,0.00029,74,0.00074
8,-49,2,100000,38,0.00038,88,0.00088
8,-49,3,100000,30,0.0003,74,0.00074
8,-49,4,100000,29,0.00029,65,0.00065
8,-49,5,100000,20,0.0002,74,0.00074
8,-48,0,100000,28,0.00028,89,0.00089
8,-48,1,100000,33,0.00033,73,0.00073
8,-48,2,100000,41,0.00041,91,0.00091
8,-48,3,100000,55,0.00055,75,0.00075
8,-48,4,100000,33,0.00033,71,0.00071
8,-48,5,100000,39,0.00039,72,0.00072
8,-47,0,100000,34,0.00034,80,0.0008
8,-47,1,100000,30,0.0003,76,0.00076
8,-47,2,100000,27,0.00027,67,0.00067
8,-47,3,100000,39,0.00039,75,0.00075
8,-47,4,100000,42,0.00042,82,0.00082
8,-47,5,100000,24,0.00024,67,0.00067
8,-46,0,100000,51,0.00051,87,0.00087
8,-46,1,100000,56,0.00056,94,0.00094
8,-46,2,100000,33,0.00033,68,0.00068
8,-46,3,100000,41,0.00041,81,0.00081
8,-46,4,100000,32,0.00032,74,0.00074
8,-46,5,100000,42,0.00042,72,0.00072
8,-45,0,100000,35,0.00035,77,0.00077
8,-45,1,100000,52,0.00052,91,0.00091
8,-45,2,100000,30,0.0003,78,0.00078
8,-45,3,100000,33,0.00033,83,0.00083
8,-45,4,100000,49,0.00049,73,0.00073
8,-45,5,100000,39,0.00039,77,0.00077
8,-44,0,100000,20,0.0002,71,0.00071
8,-44,1,100000,43,0.00043,82,0.00082
8,-44,2,100000,30,0.0003,80,0.0008
8,-44,3,100000,54,0.00054,99,0.00099
8,-44,4,100000,27,0.00027,80,0.0008
8,-44,5,100000,18,0.00018,64,0.00064
8,-43,0,100000,35,0.00035,83,0.00083
8,-43,1,100000,32,0.00032,72,0.00072
8,-43,2,100000,42,0.00042,77,0.00077
8,-43,3,100000,39,0.00039,88,0.00088
8,-43,4,100000,25,0.00025,79,0.00079
8,-43,5,100000,36,0.00036,87,0.00087
8,-42,0,100000,45,0.00045,104,0.00104
8,-42,1,100000,27,0.00027,77,0.00077
8,-42,2,100000,56,0.00056,90,0.0009
8,-42,3,100000,60,0.0006,105,0.00105
8,-42,4,100000,41,0.00041,85,0.00085
8,-42,5,100000,48,0.00048,92,0.00092
8,-41,0,100000,155,0.00155,264,0.00264
8,-41,1,100000,129,0.00129,249,0.00249
8,-41,2,100000,93,0.00093,200,0.002
8,-41,3,100000,107,0.00107,193,0.00193
8,-41,4,100000,188,0.00188,343,0.00343
8,-41,5,100000,175,0.00175,342,0.00342
8,-40,0,100000,438,0.00438,826,0.00826
8,-40,1,100000,508,0.00508,867,0.00867
8,-40,2,100000,364,0.00364,636,0.00636
8,-40,3,100000,280,0.0028,528,0.00528
8,-40,4,100000,415,0.00415,816,0.00816
8,-40,5,100000,450,0.0045,839,0.00839
8,-39,0,100000,827,0.00827,1487,0.01487
8,-39,1,100000,722,0.00722,1417,0.01417
8,-39,2,100000,596,0.00596,1022,0.01022
8,-39,3,100000,476,0.00476,861,0.00861
8,-39,4,100000,692,0.00692,1325,0.01325
8,-39,5,100000,779,0.00779,1449,0.01449
8,-38,0,100000,890,0.0089,1614,0.01614
8,-38,1,100000,820,0.0082,1549,0.01549
8,-38,2,100000,650,0.0065,1166,0.01166
8,-38,3,100000,474,0.00474,948,0.00948
8,-38,4,100000,645,0.00645,1200,0.012
8,-38,5,100000,841,0.00841,1568,0.01568
8,-37,0,100000,948,0.00948,1684,0.01684
8,-37,1,100000,853,0.00853,1517,0.01517
8,-37,2,100000,628,0.00628,1154,0.01154
8,-37,3,100000,567,0.00567,1005,0.01005
8,-37,4,100000,588,0.00588,1151,0.01151
8,-37,5,100000,876,0.00876,1535,0.01535
8,-36,0,100000,882,0.00882,1758,0.01758
8,-36,1,100000,825,0.00825,1523,0.01523
8,-36,2,100000,591,0.00591,1153,0.01153
8,-36,3,100000,539,0.00539,1018,0.01018
8,-36,4,100000,617,0.00617,1187,0.01187
8,-36,5,100000,769,0.00769,1538,0.01538
8,-35,0,100000,916,0.00916,1682,0.01682
8,-35,1,100000,780,0.0078,1519,0.01519
8,-35,2,100000,637,0.00637,1099,0.01099
8,-35,3,100000,527,0.00527,972,0.00972
8,-35,4,100000,634,0.00634,1111,0.01111
8,-35,5,100000,839,0.00839,1552,0.01552
8,-34,0,100000,884,0.00884,1713,0.01713
8,-34,1,100000,797,0.00797,1556,0.01556
8,-34,2,100000,613,0.00613,1149,0.01149
8,-34,3,100000,523,0.00523,1010,0.0101
8,-34,4,100000,614,0.00614,1136,0.01136
8,-34,5,100000,757,0.00757,1462,0.01462
8,-33,0,100000,950,0.0095,1722,0.01722
8,-33,1,100000,788,0.00788,1497,0.01497
8,-33,2,100000,648,0.00648,1191,0.01191
8,-33,3,100000,515,0.00515,950,0.0095
8,-33,4,100000,567,0.00567,1169,0.01169
8,-33,5,100000,803,0.00803,1596,0.01596
8,-32,0,100000,862,0.00862,1674,0.01674
8,-32,1,100000,793,0.00793,1489,0.01489
8,-32,2,100000,637,0.00637,1161,0.01161
8,-32,3,100000,517,0.00517,955,0.00955
8,-32,4,100000,648,0.00648,1164,0.01164
8,-32,5,100000,769,0.00769,1510,0.0151
8,-31,0,100000,827,0.00827,1699,0.01699
8,-31,1,100000,862,0.00862,1556,0.01556
8,-31,2,100000,628,0.00628,1234,0.01234
8,-31,3,100000,529,0.00529,960,0.0096
8,-31,4,100000,596,0.00596,1160,0.0116
8,-31,5,100000,839,0.00839,1515,0.01515
8,-30,0,100000,927,0.00927,1688,0.01688
8,-30,1,100000,797,0.00797,1584,0.01584
8,-30,2,100000,597,0.00597,1142,0.01142
8,-30,3,100000,491,0.00491,981,0.00981
8,-30,4,100000,596,0.00596,1165,0.01165
8,-30,5,100000,760,0.0076,1480,0.0148
8,-29,0,100000,945,0.00945,1722,0.01722
8,-29,1,100000,847,0.00847,1566,0.01566
8,-29,2,100000,669,0.00669,1155,0.01155
8,-29,3,100000,549,0.00549,979,0.00979
8,-29,4,100000,617,0.00617,1121,0.01121
8,-29,5,100000,754,0.00754,1500,0.015
8,-28,0,100000,995,0.00995,1741,0.01741
8,-28,1,100000,805,0.00805,1535,0.01535
8,-28,2,100000,636,0.00636,1213,0.01213
8,-28,3,100000,555,0.00555,1012,0.01012
8,-28,4,100000,601,0.00601,1146,0.01146
8,-28,5,100000,756,0.00756,1529,0.01529
8,-27,0,100000,918,0.00918,1714,0.01714
8,-27,1,100000,806,0.00806,1556,0.01556
8,-27,2,100000,631,0.00631,1203,0.01203
8,-27,3,100000,590,0.0059,1018,0.01018
8,-27,4,100000,632,0.00632,1183,0.01183
8,-27,5,100000,872,0.00872,1594,0.01594
8,-26,0,100000,862,0.00862,1740,0.0174
8,-26,1,100000,864,0.00864,1556,0.01556
8,-26,2,100000,690,0.0069,1217,0.01217
8,-26,3,100000,555,0.00555,993,0.00993
8,-26,4,100000,615,0.00615,1148,0.01148
8,-26,5,100000,834,0.00834,1584,0.01584
8,-25,0,100000,851,0.00851,1683,0.01683
8,-25,1,100000,802,0.00802,1540,0.0154
8,-25,2,100000,627,0.00627,1164,0.01164
8,-25,3,100000,484,0.00484,934,0.00934
8,-25,4,100000,659,0.00659,1214,0.01214
8,-25,5,100000,842,0.00842,1555,0.01555
8,-24,0,100000,869,0.00869,1641,0.01641
8,-24,1,100000,817,0.00817,1521,0.01521
8,-24,2,100000,709,0.00709,1246,0.01246
8,-24,3,100000,551,0.00551,993,0.00993
8,-24,4,100000,645,0.00645,1136,0.01136
8,-24,5,100000,828,0.00828,1562,0.01562
8,-23,0,100000,925,0.00925,1751,0.01751
8,-23,1,100000,757,0.00757,1543,0.01543
8,-23,2,100000,581,0.00581,1140,0.0114
8,-23,3,100000,497,0.00497,945,0.00945
8,-23,4,100000,648,0.00648,1175,0.01175
8,-23,5,100000,751,0.00751,1519,0.01519
8,-22,0,100000,939,0.00939,1683,0.01683
8,-22,1,100000,820,0.0082,1562,0.01562
8,-22,2,100000,626,0.00626,1213,0.01213
8,-22,3,100000,551,0.00551,1034,0.01034
8,-22,4,100000,645,0.00645,1223,0.01223
8,-22,5,100000,766,0.00766,1530,0.0153
8,-21,0,100000,911,0.00911,1692,0.01692
8,-21,1,100000,797,0.00797,1517,0.01517
8,-21,2,100000,651,0.00651,1168,0.01168
8,-21,3,100000,533,0.00533,1005,0.01005
8,-21,4,100000,624,0.00624,1140,0.0114
8,-21,5,100000,820,0.0082,1540,0.0154
8,-20,0,100000,973,0.00973,1742,0.01742
8,-20,1,100000,796,0.00796,1549,0.01549
8,-20,2,100000,639,0.00639,1196,0.01196
8,-20,3,100000,536,0.00536,991,0.00991
8,-20,4,100000,656,0.00656,1169,0.01169
8,-20,5,100000,755,0.00755,1585,0.01585
8,-19,0,100000,931,0.00931,1693,0.01693
8,-19,1,100000,848,0.00848,1545,0.01545
8,-19,2,100000,613,0.00613,1143,0.01143
8,-19,3,100000,511,0.00511,1010,0.0101
8,-19,4,100000,606,0.00606,1144,0.01144
8,-19,5,100000,835,0.00835,1535,0.01535
8,-18,0,100000,848,0.00848,1648,0.01648
8,-18,1,100000,785,0.00785,1519,0.01519
8,-18,2,100000,665,0.00665,1172,0.01172
8,-18,3,100000,583,0.00583,1007,0.01007
8,-18,4,100000,637,0.00637,1153,0.01153
8,-18,5,100000,850,0.0085,1575,0.01575
8,-17,0,100000,850,0.0085,1668,0.01668
8,-17,1,100000,825,0.00825,1510,0.0151
8,-17,2,100000,666,0.00666,1202,0.01202
8,-17,3,100000,500,0.005,928,0.00928
8,-17,4,100000,632,0.00632,1146,0.01146
8,-17,5,100000,858,0.00858,1629,0.01629
8,-16,0,100000,909,0.00909,1765,0.01765
8,-16,1,100000,778,0.00778,1568,0.01568
8,-16,2,100000,628,0.00628,1179,0.01179
8,-16,3,100000,564,0.00564,982,0.00982
8,-16,4,100000,618,0.00618,1173,0.01173
8,-16,5,100000,809,0.00809,1586,0.01586
8,-15,0,100000,933,0.00933,1730,0.0173
8,-15,1,100000,805,0.00805,1499,0.01499
8,-15,2,100000,650,0.0065,1140,0.0114
8,-15,3,100000,506,0.00506,975,0.00975
8,-15,4,100000,674,0.00674,1199,0.01199
8,-15,5,100000,847,0.00847,1564,0.01564
8,-14,0,100000,892,0.00892,1730,0.0173
8,-14,1,100000,794,0.00794,1550,0.0155
8,-14,2,100000,638,0.00638,1164,0.01164
8,-14,3,100000,489,0.00489,959,0.00959
8,-14,4,100000,591,0.00591,1100,0.011
8,-14,5,100000,812,0.00812,1521,0.01521
8,-13,0,100000,868,0.00868,1697,0.01697
8,-13,1,100000,890,0.0089,1603,0.01603
8,-13,2,100000,675,0.00675,1250,0.0125
8,-13,3,100000,526,0.00526,933,0.00933
8,-13,4,100000,592,0.00592,1134,0.01134
8,-13,5,100000,826,0.00826,1601,0.01601
8,-12,0,100000,904,0.00904,1718,0.01718
8,-12,1,100000,790,0.0079,1544,0.01544
8,-12,2,100000,661,0.00661,1189,0.01189
8,-12,3,100000,549,0.00549,1003,0.01003
8,-12,4,100000,614,0.00614,1181,0.01181
8,-12,5,100000,826,0.00826,1524,0.01524
8,-11,0,100000,876,0.00876,1733,0.01733
8,-11,1,100000,849,0.00849,1599,0.01599
8,-11,2,100000,679,0.00679,1189,0.01189
8,-11,3,100000,539,0.00539,1014,0.01014
8,-11,4,100000,619,0.00619,1126,0.01126
8,-11,5,100000,773,0.00773,1440,0.0144
8,-10,0,100000,914,0.00914,1731,0.01731
8,-10,1,100000,859,0.00859,1598,0.01598
8,-10,2,100000,629,0.00629,1140,0.0114
8,-10,3,100000,551,0.00551,997,0.00997
8,-10,4,100000,652,0.00652,1174,0.01174
8,-10,5,100000,766,0.00766,1578,0.01578
8,-9,0,100000,790,0.0079,1622,0.01622
8,-9,1,100000,801,0.00801,1571,0.01571
8,-9,2,100000,597,0.00597,1151,0.01151
8,-9,3,100000,527,0.00527,966,0.00966
8,-9,4,100000,641,0.00641,1195,0.01195
8,-9,5,100000,782,0.00782,1544,0.01544
8,-8,0,100000,836,0.00836,1606,0.01606
8,-8,1,100000,865,0.00865,1575,0.01575
8,-8,2,100000,651,0.00651,1192,0.01192
8,-8,3,100000,495,0.00495,986,0.00986
8,-8,4,100000,642,0.00642,1210,0.0121
8,-8,5,100000,792,0.00792,1581,0.01581
8,-7,0,100000,856,0.00856,1688,0.01688
8,-7,1,100000,819,0.00819,1519,0.01519
8,-7,2,100000,632,0.00632,1186,0.01186
8,-7,3,100000,548,0.00548,1000,0.01
8,-7,4,100000,619,0.00619,1133,0.01133
8,-7,5,100000,795,0.00795,1545,0.01545
8,-6,0,100000,920,0.0092,1746,0.01746
8,-6,1,100000,816,0.00816,1537,0.01537
8,-6,2,100000,655,0.00655,1158,0.01158
8,-6,3,100000,552,0.00552,987,0.00987
8,-6,4,100000,677,0.00677,1198,0.01198
8,-6,5,100000,789,0.00789,1571,0.01571
8,-5,0,100000,885,0.00885,1704,0.01704
8,-5,1,100000,759,0.00759,1506,0.01506
8,-5,2,100000,649,0.00649,1216,0.01216
8,-5,3,100000,540,0.0054,987,0.00987
8,-5,4,100000,649,0.00649,1133,0.01133
8,-5,5,100000,806,0.00806,1452,0.01452
8,-4,0,100000,867,0.00867,1741,0.01741
8,-4,1,100000,787,0.00787,1533,0.01533
8,-4,2,100000,665,0.00665,1176,0.01176
8,-4,3,100000,526,0.00526,988,0.00988
8,-4,4,100000,643,0.00643,1211,0.01211
8,-4,5,100000,844,0.00844,1605,0.01605
8,-3,0,100000,898,0.00898,1736,0.01736
8,-3,1,100000,798,0.00798,1499,0.01499
8,-3,2,100000,628,0.00628,1200,0.012
8,-3,3,100000,535,0.00535,954,0.00954
8,-3,4,100000,564,0.00564,1090,0.0109
8,-3,5,100000,843,0.00843,1593,0.01593
8,-2,0,100000,867,0.00867,1678,0.01678
8,-2,1,100000,834,0.00834,1505,0.01505
8,-2,2,100000,710,0.0071,1205,0.01205
8,-2,3,100000,499,0.00499,1020,0.0102
8,-2,4,100000,622,0.00622,1179,0.01179
8,-2,5,100000,780,0.0078,1510,0.0151
8,-1,0,100000,890,0.0089,1658,0.01658
8,-1,1,100000,833,0.00833,1543,0.01543
8,-1,2,100000,624,0.00624,1154,0.01154
8,-1,3,100000,549,0.00549,991,0.00991
8,-1,4,100000,595,0.00595,1157,0.01157
8,-1,5,100000,772,0.00772,1560,0.0156
8,0,0,100000,910,0.0091,1697,0.01697
8,0,1,100000,845,0.00845,1578,0.01578
8,0,2,100000,670,0.0067,1245,0.01245
8,0,3,100000,525,0.00525,967,0.00967
8,0,4,100000,665,0.00665,1192,0.01192
8,0,5,100000,800,0.008,1517,0.01517
8,1,0,100000,863,0.00863,1694,0.01694
8,1,1,100000,809,0.00809,1523,0.01523
8,1,2,100000,562,0.00562,1167,0.01167
8,1,3,100000,582,0.00582,971,0.00971
8,1,4,100000,645,0.00645,1167,0.01167
8,1,5,100000,788,0.00788,1523,0.01523
8,2,0,100000,852,0.00852,1684,0.01684
8,2,1,100000,804,0.00804,1505,0.01505
8,2,2,100000,655,0.00655,1193,0.01193
8,2,3,100000,550,0.0055,1009,0.01009
8,2,4,100000,615,0.00615,1181,0.01181
8,2,5,100000,767,0.00767,1491,0.01491
8,3,0,100000,930,0.0093,1708,0.01708
8,3,1,100000,794,0.00794,1536,0.01536
8,3,2,100000,584,0.00584,1145,0.01145
8,3,3,100000,537,0.00537,997,0.00997
8,3,4,100000,635,0.00635,1146,0.01146
8,3,5,100000,817,0.00817,1508,0.01508
8,4,0,100000,907,0.00907,1673,0.01673
8,4,1,100000,758,0.00758,1527,0.01527
8,4,2,100000,662,0.00662,1175,0.01175
8,4,3,100000,542,0.00542,944,0.00944
8,4,4,100000,571,0.00571,1139,0.01139
8,4,5,100000,802,0.00802,1556,0.01556
8,5,0,100000,947,0.00947,1717,0.01717
8,5,1,100000,802,0.00802,1592,0.01592
8,5,2,100000,648,0.00648,1163,0.01163
8,5,3,100000,557,0.00557,1001,0.01001
8,5,4,100000,572,0.00572,1083,0.01083
8,5,5,100000,774,0.00774,1475,0.01475
8,6,0,100000,891,0.00891,1719,0.01719
8,6,1,100000,805,0.00805,1538,0.01538
8,6,2,100000,656,0.00656,1161,0.01161
8,6,3,100000,552,0.00552,982,0.00982
8,6,4,100000,639,0.00639,1214,0.01214
8,6,5,100000,796,0.00796,1539,0.01539
8,7,0,100000,913,0.00913,1786,0.01786
8,7,1,100000,867,0.00867,1613,0.01613
8,7,2,100000,617,0.00617,1121,0.01121
8,7,3,100000,548,0.00548,989,0.00989
8,7,4,100000,603,0.00603,1161,0.01161
8,7,5,100000,834,0.00834,1611,0.01611
8,8,0,100000,937,0.00937,1736,0.01736
8,8,1,100000,809,0.00809,1530,0.0153
8,8,2,100000,604,0.00604,1147,0.01147
8,8,3,100000,487,0.00487,961,0.00961
8,8,4,100000,577,0.00577,1107,0.01107
8,8,5,100000,796,0.00796,1570,0.0157
8,9,0,100000,897,0.00897,1708,0.01708
8,9,1,100000,782,0.00782,1532,0.01532
8,9,2,100000,592,0.00592,1143,0.01143
8,9,3,100000,516,0.00516,965,0.00965
8,9,4,100000,604,0.00604,1141,0.01141
8,9,5,100000,801,0.00801,1558,0.01558
8,10,0,100000,812,0.00812,1639,0.01639
8,10,1,100000,832,0.00832,1544,0.01544
8,10,2,100000,660,0.0066,1158,0.01158
8,10,3,100000,487,0.00487,957,0.00957
8,10,4,100000,607,0.00607,1179,0.01179
8,10,5,100000,841,0.00841,1541,0.01541
8,11,0,100000,882,0.00882,1684,0.01684
8,11,1,100000,836,0.00836,1595,0.01595
8,11,2,100000,685,0.00685,1153,0.01153
8,11,3,100000,519,0.00519,1002,0.01002
8,11,4,100000,592,0.00592,1182,0.01182
8,11,5,100000,834,0.00834,1530,0.0153
8,12,0,100000,877,0.00877,1680,0.0168
8,12,1,100000,770,0.0077,1517,0.01517
8,12,2,100000,657,0.00657,1188,0.01188
8,12,3,100000,542,0.00542,974,0.00974
8,12,4,100000,597,0.00597,1166,0.01166
8,12,5,100000,836,0.00836,1570,0.0157
8,13,0,100000,884,0.00884,1683,0.01683
8,13,1,100000,836,0.00836,1571,0.01571
8,13,2,100000,617,0.00617,1148,0.01148
8,13,3,100000,453,0.00453,964,0.00964
8,13,4,100000,590,0.0059,1177,0.01177
8,13,5,100000,809,0.00809,1595,0.01595
8,14,0,100000,835,0.00835,1587,0.01587
8,14,1,100000,842,0.00842,1552,0.01552
8,14,2,100000,583,0.00583,1158,0.01158
8,14,3,100000,499,0.00499,952,0.00952
8,14,4,100000,617,0.00617,1139,0.01139
8,14,5,100000,851,0.00851,1554,0.01554
8,15,0,100000,925,0.00925,1767,0.01767
8,15,1,100000,818,0.00818,1549,0.01549
8,15,2,100000,623,0.00623,1149,0.01149
8,15,3,100000,512,0.00512,1005,0.01005
8,15,4,100000,622,0.00622,1152,0.01152
8,15,5,100000,766,0.00766,1501,0.01501
8,16,0,100000,829,0.00829,1604,0.01604
8,16,1,100000,853,0.00853,1561,0.01561
8,16,2,100000,606,0.00606,1129,0.01129
8,16,3,100000,502,0.00502,979,0.00979
8,16,4,100000,649,0.00649,1173,0.01173
8,16,5,100000,848,0.00848,1542,0.01542
8,17,0,100000,922,0.00922,1646,0.01646
8,17,1,100000,838,0.00838,1507,0.01507
8,17,2,100000,598,0.00598,1131,0.01131
8,17,3,100000,475,0.00475,936,0.00936
8,17,4,100000,608,0.00608,1163,0.01163
8,17,5,100000,843,0.00843,1579,0.01579
8,18,0,100000,896,0.00896,1677,0.01677
8,18,1,100000,802,0.00802,1572,0.01572
8,18,2,100000,652,0.00652,1188,0.01188
8,18,3,100000,517,0.00517,962,0.00962
8,18,4,100000,650,0.0065,1232,0.01232
8,18,5,100000,856,0.00856,1521,0.01521
8,19,0,100000,910,0.0091,1749,0.01749
8,19,1,100000,841,0.00841,1555,0.01555
8,19,2,100000,613,0.00613,1180,0.0118
8,19,3,100000,540,0.0054,999,0.00999
8,19,4,100000,600,0.006,1184,0.01184
8,19,5,100000,746,0.00746,1487,0.01487
8,20,0,100000,904,0.00904,1727,0.01727
8,20,1,100000,832,0.00832,1522,0.01522
8,20,2,100000,652,0.00652,1158,0.01158
8,20,3,100000,532,0.00532,974,0.00974
8,20,4,100000,607,0.00607,1146,0.01146
8,20,5,100000,758,0.00758,1535,0.01535
8,21,0,100000,930,0.0093,1673,0.01673
8,21,1,100000,769,0.00769,1466,0.01466
8,21,2,100000,614,0.00614,1163,0.01163
8,21,3,100000,602,0.00602,1029,0.01029
8,21,4,100000,604,0.00604,1128,0.01128
8,21,5,100000,838,0.00838,1483,0.01483
8,22,0,100000,899,0.00899,1655,0.01655
8,22,1,100000,885,0.00885,1601,0.01601
8,22,2,100000,659,0.00659,1226,0.01226
8,22,3,100000,520,0.0052,944,0.00944
8,22,4,100000,643,0.00643,1208,0.01208
8,22,5,100000,893,0.00893,1548,0.01548
8,23,0,100000,933,0.00933,1777,0.01777
8,23,1,100000,780,0.0078,1520,0.0152
8,23,2,100000,619,0.00619,1156,0.01156
8,23,3,100000,545,0.00545,934,0.00934
8,23,4,100000,636,0.00636,1189,0.01189
8,23,5,100000,824,0.00824,1605,0.01605
8,24,0,100000,933,0.00933,1700,0.017
8,24,1,100000,839,0.00839,1532,0.01532
8,24,2,100000,614,0.00614,1180,0.0118
8,24,3,100000,529,0.00529,946,0.00946
8,24,4,100000,584,0.00584,1112,0.01112
8,24,5,100000,825,0.00825,1489,0.01489
8,25,0,100000,906,0.00906,1778,0.01778
8,25,1,100000,770,0.0077,1558,0.01558
8,25,2,100000,626,0.00626,1133,0.01133
8,25,3,100000,482,0.00482,979,0.00979
8,25,4,100000,608,0.00608,1182,0.01182
8,25,5,100000,858,0.00858,1565,0.01565
8,26,0,100000,877,0.00877,1645,0.01645
8,26,1,100000,738,0.00738,1496,0.01496
8,26,2,100000,619,0.00619,1172,0.01172
8,26,3,100000,541,0.00541,956,0.00956
8,26,4,100000,631,0.00631,1147,0.01147
8,26,5,100000,784,0.00784,1496,0.01496
8,27,0,100000,871,0.00871,1677,0.01677
8,27,1,100000,873,0.00873,1589,0.01589
8,27,2,100000,667,0.00667,1210,0.0121
8,27,3,100000,567,0.00567,1024,0.01024
8,27,4,100000,606,0.00606,1191,0.01191
8,27,5,100000,795,0.00795,1533,0.01533
8,28,0,100000,936,0.00936,1668,0.01668
8,28,1,100000,809,0.00809,1507,0.01507
8,28,2,100000,648,0.00648,1198,0.01198
8,28,3,100000,535,0.00535,1004,0.01004
8,28,4,100000,643,0.00643,1180,0.0118
8,28,5,100000,836,0.00836,1567,0.01567
8,29,0,100000,809,0.00809,1661,0.01661
8,29,1,100000,855,0.00855,1614,0.01614
8,29,2,100000,638,0.00638,1214,0.01214
8,29,3,100000,504,0.00504,932,0.00932
8,29,4,100000,679,0.00679,1207,0.01207
8,29,5,100000,822,0.00822,1549,0.01549
8,30,0,100000,955,0.00955,1719,0.01719
8,30,1,100000,795,0.00795,1487,0.01487
8,30,2,100000,648,0.00648,1167,0.01167
8,30,3,100000,597,0.00597,1055,0.01055
8,30,4,100000,670,0.0067,1199,0.01199
8,30,5,100000,853,0.00853,1573,0.01573
8,31,0,100000,966,0.00966,1711,0.01711
8,31,1,100000,775,0.00775,1507,0.01507
8,31,2,100000,651,0.00651,1152,0.01152
8,31,3,100000,526,0.00526,976,0.00976
8,31,4,100000,603,0.00603,1169,0.01169
8,31,5,100000,827,0.00827,1521,0.01521
8,32,0,100000,819,0.00819,1673,0.01673
8,32,1,100000,807,0.00807,1560,0.0156
8,32,2,100000,637,0.00637,1180,0.0118
8,32,3,100000,508,0.00508,997,0.00997
8,32,4,100000,703,0.00703,1224,0.01224
8,32,5,100000,791,0.00791,1533,0.01533
8,33,0,100000,935,0.00935,1673,0.01673
8,33,1,100000,798,0.00798,1536,0.01536
8,33,2,100000,634,0.00634,1159,0.01159
8,33,3,100000,526,0.00526,952,0.00952
8,33,4,100000,619,0.00619,1202,0.01202
8,33,5,100000,834,0.00834,1528,0.01528
8,34,0,100000,930,0.0093,1724,0.01724
8,34,1,100000,788,0.00788,1518,0.01518
8,34,2,100000,605,0.00605,1144,0.01144
8,34,3,100000,546,0.00546,975,0.00975
8,34,4,100000,662,0.00662,1173,0.01173
8,34,5,100000,835,0.00835,1514,0.01514
8,35,0,100000,873,0.00873,1703,0.01703
8,35,1,100000,829,0.00829,1543,0.01543
8,35,2,100000,648,0.00648,1201,0.01201
8,35,3,100000,487,0.00487,964,0.00964
8,35,4,100000,545,0.00545,1095,0.01095
8,35,5,100000,835,0.00835,1519,0.01519
8,36,0,100000,928,0.00928,1708,0.01708
8,36,1,100000,824,0.00824,1549,0.01549
8,36,2,100000,590,0.0059,1133,0.01133
8,36,3,100000,526,0.00526,986,0.00986
8,36,4,100000,623,0.00623,1168,0.01168
8,36,5,100000,819,0.00819,1529,0.01529
8,37,0,100000,858,0.00858,1638,0.01638
8,37,1,100000,796,0.00796,1524,0.01524
8,37,2,100000,640,0.0064,1217,0.01217
8,37,3,100000,563,0.00563,998,0.00998
8,37,4,100000,657,0.00657,1180,0.0118
8,37,5,100000,781,0.00781,1539,0.01539
8,38,0,100000,894,0.00894,1683,0.01683
8,38,1,100000,902,0.00902,1630,0.0163
8,38,2,100000,669,0.00669,1261,0.01261
8,38,3,100000,512,0.00512,953,0.00953
8,38,4,100000,616,0.00616,1188,0.01188
8,38,5,100000,790,0.0079,1551,0.01551
8,39,0,100000,783,0.00783,1479,0.01479
8,39,1,100000,842,0.00842,1531,0.01531
8,39,2,100000,690,0.0069,1319,0.01319
8,39,3,100000,489,0.00489,917,0.00917
8,39,4,100000,632,0.00632,1094,0.01094
8,39,5,100000,739,0.00739,1362,0.01362
8,40,0,100000,446,0.00446,813,0.00813
8,40,1,100000,517,0.00517,892,0.00892
8,40,2,100000,471,0.00471,855,0.00855
8,40,3,100000,286,0.00286,530,0.0053
8,40,4,100000,368,0.00368,655,0.00655
8,40,5,100000,443,0.00443,813,0.00813
8,41,0,100000,117,0.00117,236,0.00236
8,41,1,100000,169,0.00169,352,0.00352
8,41,2,100000,228,0.00228,336,0.00336
8,41,3,100000,112,0.00112,196,0.00196
8,41,4,100000,83,0.00083,164,0.00164
8,41,5,100000,133,0.00133,233,0.00233
8,42,0,100000,64,0.00064,92,0.00092
8,42,1,100000,31,0.00031,98,0.00098
8,42,2,100000,54,0.00054,107,0.00107
8,42,3,100000,51,0.00051,103,0.00103
8,42,4,100000,34,0.00034,95,0.00095
8,42,5,100000,38,0.00038,64,0.00064
8,43,0,100000,41,0.00041,95,0.00095
8,43,1,100000,40,0.0004,77,0.00077
8,43,2,100000,38,0.00038,97,0.00097
8,43,3,100000,32,0.00032,82,0.00082
8,43,4,100000,17,0.00017,74,0.00074
8,43,5,100000,31,0.00031,73,0.00073
8,44,0,100000,29,0.00029,81,0.00081
8,44,1,100000,27,0.00027,91,0.00091
8,44,2,100000,50,0.0005,85,0.00085
8,44,3,100000,35,0.00035,91,0.00091
8,44,4,100000,13,0.00013,63,0.00063
8,44,5,100000,47,0.00047,85,0.00085
8,45,0,100000,34,0.00034,102,0.00102
8,45,1,100000,47,0.00047,86,0.00086
8,45,2,100000,16,0.00016,65,0.00065
8,45,3,100000,25,0.00025,86,0.00086
8,45,4,100000,20,0.0002,66,0.00066
8,45,5,100000,38,0.00038,74,0.00074
8,46,0,100000,47,0.00047,62,0.00062
8,46,1,100000,33,0.00033,76,0.00076
8,46,2,100000,54,0.00054,82,0.00082
8,46,3,100000,38,0.00038,86,0.00086
8,46,4,100000,41,0.00041,69,0.00069
8,46,5,100000,38,0.00038,82,0.00082
8,47,0,100000,27,0.00027,76,0.00076
8,47,1,100000,31,0.00031,78,0.00078
8,47,2,100000,34,0.00034,64,0.00064
8,47,3,100000,51,0.00051,71,0.00071
8,47,4,100000,24,0.00024,72,0.00072
8,47,5,100000,39,0.00039,86,0.00086
8,48,0,100000,42,0.00042,91,0.00091
8,48,1,100000,39,0.00039,67,0.00067
8,48,2,100000,40,0.0004,75,0.00075
8,48,3,100000,22,0.00022,78,0.00078
8,48,4,100000,47,0.00047,84,0.00084
8,48,5,100000,37,0.00037,67,0.00067
8,49,0,100000,21,0.00021,73,0.00073
8,49,1,100000,19,0.00019,59,0.00059
8,49,2,100000,39,0.00039,90,0.0009
8,49,3,100000,30,0.0003,86,0.00086
8,49,4,100000,28,0.00028,71,0.00071
8,49,5,100000,26,0.00026,68,0.00068
8,50,0,100000,28,0.00028,65,0.00065
8,50,1,100000,30,0.0003,69,0.00069
8,50,2,100000,28,0.00028,82,0.00082
8,50,3,100000,27,0.00027,71,0.00071
8,50,4,100000,21,0.00021,67,0.00067
8,50,5,100000,36,0.00036,79,0.00079
9,-50,0,100000,29,0.00029,81,0.00081
9,-50,1,100000,52,0.00052,67,0.00067
9,-50,2,100000,35,0.00035,91,0.00091
9,-50,3,100000,22,0.00022,64,0.00064
9,-50,4,100000,28,0.00028,80,0.0008
9,-50,5,100000,33,0.00033,57,0.00057
9,-49,0,100000,29,0.00029,80,0.0008
9,-49,1,100000,34,0.00034,62,0.00062
9,-49,2,100000,26,0.00026,91,0.00091
9,-49,3,100000,42,0.00042,83,0.00083
9,-49,4,100000,35,0.00035,69,0.00069
9,-49,5,100000,53,0.00053,68,0.00068
9,-48,0,100000,36,0.00036,80,0.0008
9,-48,1,100000,26,0.00026,84,0.00084
9,-48,2,100000,39,0.00039,78,0.00078
9,-48,3,100000,30,0.0003,84,0.00084
9,-48,4,100000,40,0.0004,88,0.00088
9,-48,5,100000,39,0.00039,88,0.00088
9,-47,0,100000,39,0.00039,83,0.00083
9,-47,1,100000,38,0.00038,95,0.00095
9,-47,2,100000,47,0.00047,80,0.0008
9,-47,3,100000,32,0.00032,68,0.00068
9,-47,4,100000,37,0.00037,77,0.00077
9,-47,5,100000,34,0.00034,83,0.00083
9,-46,0,100000,19,0.00019,86,0.00086
9,-46,1,100000,38,0.00038,88,0.00088
9,-46,2,100000,30,0.0003,82,0.00082
9,-46,3,100000,21,0.00021,48,0.00048
9,-46,4,100000,33,0.00033,76,0.00076
9,-46,5,100000,26,0.00026,77,0.00077
9,-45,0,100000,30,0.0003,80,0.0008
9,-45,1,100000,41,0.00041,95,0.00095
9,-45,2,100000,28,0.00028,83,0.00083
9,-45,3,100000,32,0.00032,87,0.00087
9,-45,4,100000,33,0.00033,82,0.00082
9,-45,5,100000,43,0.00043,73,0.00073
9,-44,0,100000,46,0.00046,98,0.00098
9,-44,1,100000,18,0.00018,67,0.00067
9,-44,2,100000,31,0.00031,74,0.00074
9,-44,3,100000,48,0.00048,81,0.00081
9,-44,4,100000,48,0.00048,82,0.00082
9,-44,5,100000,55,0.00055,79,0.00079
9,-43,0,100000,27,0.00027,75,0.00075
9,-43,1,100000,41,0.00041,81,0.00081
9,-43,2,100000,44,0.00044,78,0.00078
9,-43,3,100000,33,0.00033,79,0.00079
9,-43,4,100000,54,0.00054,90,0.0009
9,-43,5,100000,24,0.00024,77,0.00077
9,-42,0,100000,44,0.00044,110,0.0011
9,-42,1,100000,44,0.00044,76,0.00076
9,-42,2,100000,35,0.00035,75,0.00075
9,-42,3,100000,42,0.00042,82,0.00082
9,-42,4,100000,46,0.00046,117,0.00117
9,-42,5,100000,59,0.00059,116,0.00116
9,-41,0,100000,146,0.00146,259,0.00259
9,-41,1,100000,112,0.00112,229,0.00229
9,-41,2,100000,116,0.00116,228,0.00228
9,-41,3,100000,145,0.00145,245,0.00245
9,-41,4,100000,204,0.00204,326,0.00326
9,-41,5,100000,142,0.00142,318,0.00318
9,-40,0,100000,379,0.00379,751,0.00751
9,-40,1,100000,465,0.00465,873,0.00873
9,-40,2,100000,359,0.00359,626,0.00626
9,-40,3,100000,250,0.0025,461,0.00461
9,-40,4,100000,405,0.00405,770,0.0077
9,-40,5,100000,449,0.00449,848,0.00848
9,-39,0,100000,722,0.00722,1323,0.01323
9,-39,1,100000,635,0.00635,1249,0.01249
9,-39,2,100000,556,0.00556,1053,0.01053
9,-39,3,100000,410,0.0041,742,0.00742
9,-39,4,100000,637,0.00637,1162,0.01162
9,-39,5,100000,764,0.00764,1382,0.01382
9,-38,0,100000,845,0.00845,1595,0.01595
9,-38,1,100000,767,0.00767,1435,0.01435
9,-38,2,100000,619,0.00619,1095,0.01095
9,-38,3,100000,459,0.00459,840,0.0084
9,-38,4,100000,631,0.00631,1128,0.01128
9,-38,5,100000,724,0.00724,1426,0.01426
9,-37,0,100000,832,0.00832,1567,0.01567
9,-37,1,100000,758,0.00758,1473,0.01473
9,-37,2,100000,607,0.00607,1143,0.01143
9,-37,3,100000,440,0.0044,851,0.00851
9,-37,4,100000,547,0.00547,1082,0.01082
9,-37,5,100000,727,0.00727,1424,0.01424
9,-36,0,100000,768,0.00768,1525,0.01525
9,-36,1,100000,712,0.00712,1436,0.01436
9,-36,2,100000,621,0.00621,1157,0.01157
9,-36,3,100000,471,0.00471,905,0.00905
9,-36,4,100000,600,0.006,1101,0.01101
9,-36,5,100000,810,0.0081,1458,0.01458
9,-35,0,100000,845,0.00845,1655,0.01655
9,-35,1,100000,743,0.00743,1499,0.01499
9,-35,2,100000,551,0.00551,1082,0.01082
9,-35,3,100000,470,0.0047,892,0.00892
9,-35,4,100000,596,0.00596,1114,0.01114
9,-35,5,100000,722,0.00722,1451,0.01451
9,-34,0,100000,771,0.00771,1569,0.01569
9,-34,1,100000,764,0.00764,1414,0.01414
9,-34,2,100000,574,0.00574,1101,0.01101
9,-34,3,100000,522,0.00522,936,0.00936
9,-34,4,100000,578,0.00578,1105,0.01105
9,-34,5,100000,729,0.00729,1468,0.01468
9,-33,0,100000,833,0.00833,1577,0.01577
9,-33,1,100000,762,0.00762,1479,0.01479
9,-33,2,100000,578,0.00578,1055,0.01055
9,-33,3,100000,524,0.00524,897,0.00897
9,-33,4,100000,572,0.00572,1055,0.01055
9,-33,5,100000,782,0.00782,1515,0.01515
9,-32,0,100000,858,0.00858,1624,0.01624
9,-32,1,100000,810,0.0081,1478,0.01478
9,-32,2,100000,592,0.00592,1124,0.01124
9,-32,3,100000,474,0.00474,884,0.00884
9,-32,4,100000,600,0.006,1133,0.01133
9,-32,5,100000,709,0.00709,1477,0.01477
9,-31,0,100000,798,0.00798,1558,0.01558
9,-31,1,100000,784,0.00784,1519,0.01519
9,-31,2,100000,552,0.00552,1092,0.01092
9,-31,3,100000,526,0.00526,904,0.00904
9,-31,4,100000,595,0.00595,1134,0.01134
9,-31,5,100000,725,0.00725,1461,0.01461
9,-30,0,100000,799,0.00799,1646,0.01646
9,-30,1,100000,784,0.00784,1418,0.01418
9,-30,2,100000,573,0.00573,1073,0.01073
9,-30,3,100000,480,0.0048,846,0.00846
9,-30,4,100000,635,0.00635,1141,0.01141
9,-30,5,100000,810,0.0081,1516,0.01516
9,-29,0,100000,830,0.0083,1574,0.01574
9,-29,1,100000,732,0.00732,1489,0.01489
9,-29,2,100000,548,0.00548,1110,0.0111
9,-29,3,100000,449,0.00449,885,0.00885
9,-29,4,100000,603,0.00603,1128,0.01128
9,-29,5,100000,766,0.00766,1398,0.01398
9,-28,0,100000,844,0.00844,1604,0.01604
9,-28,1,100000,766,0.00766,1431,0.01431
9,-28,2,100000,587,0.00587,1097,0.01097
9,-28,3,100000,496,0.00496,906,0.00906
9,-28,4,100000,570,0.0057,1067,0.01067
9,-28,5,100000,766,0.00766,1464,0.01464
9,-27,0,100000,851,0.00851,1630,0.0163
9,-27,1,100000,779,0.00779,1454,0.01454
9,-27,2,100000,569,0.00569,1083,0.01083
9,-27,3,100000,544,0.00544,910,0.0091
9,-27,4,100000,574,0.00574,1103,0.01103
9,-27,5,100000,749,0.00749,1390,0.0139
9,-26,0,100000,877,0.00877,1621,0.01621
9,-26,1,100000,688,0.00688,1416,0.01416
9,-26,2,100000,541,0.00541,1078,0.01078
9,-26,3,100000,560,0.0056,901,0.00901
9,-26,4,100000,589,0.00589,1154,0.01154
9,-26,5,100000,769,0.00769,1468,0.01468
9,-25,0,100000,873,0.00873,1630,0.0163
9,-25,1,100000,777,0.00777,1471,0.01471
9,-25,2,100000,600,0.006,1087,0.01087
9,-25,3,100000,487,0.00487,889,0.00889
9,-25,4,100000,553,0.00553,1124,0.01124
9,-25,5,100000,760,0.0076,1441,0.01441
9,-24,0,100000,853,0.00853,1584,0.01584
9,-24,1,100000,796,0.00796,1511,0.01511
9,-24,2,100000,571,0.00571,1089,0.01089
9,-24,3,100000,511,0.00511,931,0.00931
9,-24,4,100000,607,0.00607,1140,0.0114
9,-24,5,100000,762,0.00762,1474,0.01474
9,-23,0,100000,846,0.00846,1623,0.01623
9,-23,1,100000,764,0.00764,1471,0.01471
9,-23,2,100000,581,0.00581,1168,0.01168
9,-23,3,100000,492,0.00492,882,0.00882
9,-23,4,100000,616,0.00616,1088,0.01088
9,-23,5,100000,731,0.00731,1412,0.01412
9,-22,0,100000,832,0.00832,1623,0.01623
9,-22,1,100000,836,0.00836,1493,0.01493
9,-22,2,100000,557,0.00557,1102,0.01102
9,-22,3,100000,470,0.0047,857,0.00857
9,-22,4,100000,601,0.00601,1115,0.01115
9,-22,5,100000,757,0.00757,1465,0.01465
9,-21,0,100000,844,0.00844,1646,0.01646
9,-21,1,100000,800,0.008,1474,0.01474
9,-21,2,100000,559,0.00559,1050,0.0105
9,-21,3,100000,513,0.00513,866,0.00866
9,-21,4,100000,569,0.00569,1106,0.01106
9,-21,5,100000,774,0.00774,1483,0.01483
9,-20,0,100000,852,0.00852,1586,0.01586
9,-20,1,100000,791,0.00791,1449,0.01449
9,-20,2,100000,570,0.0057,1093,0.01093
9,-20,3,100000,431,0.00431,888,0.00888
9,-20,4,100000,581,0.00581,1101,0.01101
9,-20,5,100000,772,0.00772,1487,0.01487
9,-19,0,100000,819,0.00819,1597,0.01597
9,-19,1,100000,736,0.00736,1450,0.0145
9,-19,2,100000,688,0.00688,1173,0.01173
9,-19,3,100000,455,0.00455,858,0.00858
9,-19,4,100000,571,0.00571,1090,0.0109
9,-19,5,100000,787,0.00787,1490,0.0149
9,-18,0,100000,819,0.00819,1609,0.01609
9,-18,1,100000,773,0.00773,1475,0.01475
9,-18,2,100000,621,0.00621,1115,0.01115
9,-18,3,100000,456,0.00456,925,0.00925
9,-18,4,100000,569,0.00569,1104,0.01104
9,-18,5,100000,748,0.00748,1441,0.01441
9,-17,0,100000,890,0.0089,1641,0.01641
9,-17,1,100000,791,0.00791,1459,0.01459
9,-17,2,100000,619,0.00619,1102,0.01102
9,-17,3,100000,436,0.00436,860,0.0086
9,-17,4,100000,583,0.00583,1093,0.01093
9,-17,5,100000,826,0.00826,1553,0.01553
9,-16,0,100000,873,0.00873,1710,0.0171
9,-16,1,100000,794,0.00794,1484,0.01484
9,-16,2,100000,612,0.00612,1146,0.01146
9,-16,3,100000,476,0.00476,855,0.00855
9,-16,4,100000,550,0.0055,1052,0.01052
9,-16,5,100000,753,0.00753,1444,0.01444
9,-15,0,100000,879,0.00879,1606,0.01606
9,-15,1,100000,804,0.00804,1531,0.01531
9,-15,2,100000,560,0.0056,1122,0.01122
9,-15,3,100000,471,0.00471,890,0.0089
9,-15,4,100000,595,0.00595,1110,0.0111
9,-15,5,100000,782,0.00782,1504,0.01504
9,-14,0,100000,877,0.00877,1649,0.01649
9,-14,1,100000,845,0.00845,1521,0.01521
9,-14,2,100000,566,0.00566,1063,0.01063
9,-14,3,100000,483,0.00483,888,0.00888
9,-14,4,100000,606,0.00606,1084,0.01084
9,-14,5,100000,848,0.00848,1437,0.01437
9,-13,0,100000,874,0.00874,1612,0.01612
9,-13,1,100000,778,0.00778,1491,0.01491
9,-13,2,100000,562,0.00562,1089,0.01089
9,-13,3,100000,469,0.00469,886,0.00886
9,-13,4,100000,577,0.00577,1084,0.01084
9,-13,5,100000,739,0.00739,1443,0.01443
9,-12,0,100000,798,0.00798,1592,0.01592
9,-12,1,100000,778,0.00778,1442,0.01442
9,-12,2,100000,552,0.00552,1047,0.01047
9,-12,3,100000,519,0.00519,923,0.00923
9,-12,4,100000,536,0.00536,1090,0.0109
9,-12,5,100000,698,0.00698,1417,0.01417
9,-11,0,100000,872,0.00872,1659,0.01659
9,-11,1,100000,830,0.0083,1548,0.01548
9,-11,2,100000,573,0.00573,1084,0.01084
9,-11,3,100000,476,0.00476,884,0.00884
9,-11,4,100000,585,0.00585,1097,0.01097
9,-11,5,100000,742,0.00742,1428,0.01428
9,-10,0,100000,903,0.00903,1634,0.01634
9,-10,1,100000,809,0.00809,1508,0.01508
9,-10,2,100000,582,0.00582,1097,0.01097
9,-10,3,100000,526,0.00526,866,0.00866
9,-10,4,100000,564,0.00564,1069,0.01069
9,-10,5,100000,752,0.00752,1466,0.01466
9,-9,0,100000,758,0.00758,1480,0.0148
9,-9,1,100000,776,0.00776,1451,0.01451
9,-9,2,100000,570,0.0057,1118,0.01118
9,-9,3,100000,462,0.00462,860,0.0086
9,-9,4,100000,613,0.00613,1130,0.0113
9,-9,5,100000,700,0.007,1384,0.01384
9,-8,0,100000,818,0.00818,1578,0.01578
9,-8,1,100000,727,0.00727,1487,0.01487
9,-8,2,100000,584,0.00584,1098,0.01098
9,-8,3,100000,475,0.00475,916,0.00916
9,-8,4,100000,580,0.0058,1096,0.01096
9,-8,5,100000,765,0.00765,1460,0.0146
9,-7,0,100000,822,0.00822,1636,0.01636
9,-7,1,100000,768,0.00768,1502,0.01502
9,-7,2,100000,610,0.0061,1122,0.01122
9,-7,3,100000,440,0.0044,904,0.00904
9,-7,4,100000,530,0.0053,1065,0.01065
9,-7,5,100000,750,0.0075,1436,0.01436
9,-6,0,100000,819,0.00819,1553,0.01553
9,-6,1,100000,730,0.0073,1419,0.01419
9,-6,2,100000,609,0.00609,1134,0.01134
9,-6,3,100000,531,0.00531,870,0.0087
9,-6,4,100000,563,0.00563,1099,0.01099
9,-6,5,100000,840,0.0084,1534,0.01534
9,-5,0,100000,753,0.00753,1533,0.01533
9,-5,1,100000,788,0.00788,1478,0.01478
9,-5,2,100000,603,0.00603,1124,0.01124
9,-5,3,100000,443,0.00443,884,0.00884
9,-5,4,100000,595,0.00595,1081,0.01081
9,-5,5,100000,753,0.00753,1491,0.01491
9,-4,0,100000,814,0.00814,1580,0.0158
9,-4,1,100000,783,0.00783,1472,0.01472
9,-4,2,100000,625,0.00625,1067,0.01067
9,-4,3,100000,516,0.00516,874,0.00874
9,-4,4,100000,619,0.00619,1136,0.01136
9,-4,5,100000,783,0.00783,1496,0.01496
9,-3,0,100000,859,0.00859,1648,0.01648
9,-3,1,100000,761,0.00761,1474,0.01474
9,-3,2,100000,631,0.00631,1126,0.01126
9,-3,3,100000,476,0.00476,919,0.00919
9,-3,4,100000,589,0.00589,1100,0.011
9,-3,5,100000,829,0.00829,1464,0.01464
9,-2,0,100000,841,0.00841,1594,0.01594
9,-2,1,100000,788,0.00788,1528,0.01528
9,-2,2,100000,586,0.00586,1100,0.011
9,-2,3,100000,514,0.00514,935,0.00935
9,-2,4,100000,546,0.00546,1069,0.01069
9,-2,5,100000,848,0.00848,1548,0.01548
9,-1,0,100000,875,0.00875,1656,0.01656
9,-1,1,100000,759,0.00759,1454,0.01454
9,-1,2,100000,591,0.00591,1089,0.01089
9,-1,3,100000,462,0.00462,843,0.00843
9,-1,4,100000,557,0.00557,1089,0.01089
9,-1,5,100000,735,0.00735,1408,0.01408
9,0,0,100000,841,0.00841,1592,0.01592
9,0,1,100000,849,0.00849,1488,0.01488
9,0,2,100000,540,0.0054,1056,0.01056
9,0,3,100000,482,0.00482,895,0.00895
9,0,4,100000,602,0.00602,1100,0.011
9,0,5,100000,742,0.00742,1463,0.01463
9,1,0,100000,833,0.00833,1636,0.01636
9,1,1,100000,808,0.00808,1522,0.01522
9,1,2,100000,560,0.0056,1086,0.01086
9,1,3,100000,470,0.0047,883,0.00883
9,1,4,100000,574,0.00574,1078,0.01078
9,1,5,100000,784,0.00784,1484,0.01484
9,2,0,100000,850,0.0085,1593,0.01593
9,2,1,100000,773,0.00773,1498,0.01498
9,2,2,100000,596,0.00596,1095,0.01095
9,2,3,100000,472,0.00472,887,0.00887
9,2,4,100000,540,0.0054,1056,0.01056
9,2,5,100000,749,0.00749,1440,0.0144
9,3,0,100000,828,0.00828,1669,0.01669
9,3,1,100000,791,0.00791,1506,0.01506
9,3,2,100000,592,0.00592,1102,0.01102
9,3,3,100000,555,0.00555,936,0.00936
9,3,4,100000,586,0.00586,1114,0.01114
9,3,5,100000,783,0.00783,1482,0.01482
9,4,0,100000,829,0.00829,1612,0.01612
9,4,1,100000,751,0.00751,1483,0.01483
9,4,2,100000,636,0.00636,1091,0.01091
9,4,3,100000,480,0.0048,943,0.00943
9,4,4,100000,614,0.00614,1158,0.01158
9,4,5,100000,890,0.0089,1488,0.01488
9,5,0,100000,785,0.00785,1546,0.01546
9,5,1,100000,723,0.00723,1471,0.01471
9,5,2,100000,606,0.00606,1080,0.0108
9,5,3,100000,503,0.00503,926,0.00926
9,5,4,100000,654,0.00654,1135,0.01135
9,5,5,100000,784,0.00784,1461,0.01461
9,6,0,100000,845,0.00845,1632,0.01632
9,6,1,100000,739,0.00739,1446,0.01446
9,6,2,100000,620,0.0062,1130,0.0113
9,6,3,100000,486,0.00486,901,0.00901
9,6,4,100000,628,0.00628,1121,0.01121
9,6,5,100000,767,0.00767,1449,0.01449
9,7,0,100000,845,0.00845,1722,0.01722
9,7,1,100000,824,0.00824,1515,0.01515
9,7,2,100000,568,0.00568,1068,0.01068
9,7,3,100000,504,0.00504,888,0.00888
9,7,4,100000,561,0.00561,1062,0.01062
9,7,5,100000,787,0.00787,1511,0.01511
9,8,0,100000,843,0.00843,1647,0.01647
9,8,1,100000,798,0.00798,1463,0.01463
9,8,2,100000,539,0.00539,976,0.00976
9,8,3,100000,480,0.0048,898,0.00898
9,8,4,100000,585,0.00585,1078,0.01078
9,8,5,100000,746,0.00746,1439,0.01439
9,9,0,100000,780,0.0078,1597,0.01597
9,9,1,100000,749,0.00749,1465,0.01465
9,9,2,100000,570,0.0057,1075,0.01075
9,9,3,100000,457,0.00457,881,0.00881
9,9,4,100000,587,0.00587,1113,0.01113
9,9,5,100000,763,0.00763,1441,0.01441
9,10,0,100000,903,0.00903,1683,0.01683
9,10,1,100000,729,0.00729,1434,0.01434
9,10,2,100000,532,0.00532,1006,0.01006
9,10,3,100000,486,0.00486,866,0.00866
9,10,4,100000,543,0.00543,1079,0.01079
9,10,5,100000,792,0.00792,1533,0.01533
9,11,0,100000,751,0.00751,1578,0.01578
9,11,1,100000,750,0.0075,1416,0.01416
9,11,2,100000,621,0.00621,1091,0.01091
9,11,3,100000,534,0.00534,936,0.00936
9,11,4,100000,593,0.00593,1118,0.01118
9,11,5,100000,680,0.0068,1426,0.01426
9,12,0,100000,827,0.00827,1591,0.01591
9,12,1,100000,726,0.00726,1438,0.01438
9,12,2,100000,580,0.0058,1117,0.01117
9,12,3,100000,459,0.00459,900,0.009
9,12,4,100000,567,0.00567,1106,0.01106
9,12,5,100000,792,0.00792,1456,0.01456
9,13,0,100000,790,0.0079,1553,0.01553
9,13,1,100000,795,0.00795,1512,0.01512
9,13,2,100000,546,0.00546,1068,0.01068
9,13,3,100000,501,0.00501,851,0.00851
9,13,4,100000,556,0.00556,1078,0.01078
9,13,5,100000,721,0.00721,1410,0.0141
9,14,0,100000,871,0.00871,1543,0.01543
9,14,1,100000,795,0.00795,1456,0.01456
9,14,2,100000,612,0.00612,1133,0.01133
9,14,3,100000,501,0.00501,922,0.00922
9,14,4,100000,567,0.00567,1023,0.01023
9,14,5,100000,821,0.00821,1439,0.01439
9,15,0,100000,840,0.0084,1575,0.01575
9,15,1,100000,726,0.00726,1422,0.01422
9,15,2,100000,638,0.00638,1085,0.01085
9,15,3,100000,482,0.00482,868,0.00868
9,15,4,100000,617,0.00617,1101,0.01101
9,15,5,100000,724,0.00724,1431,0.01431
9,16,0,100000,846,0.00846,1591,0.01591
9,16,1,100000,776,0.00776,1484,0.01484
9,16,2,100000,575,0.00575,1072,0.01072
9,16,3,100000,475,0.00475,885,0.00885
9,16,4,100000,603,0.00603,1125,0.01125
9,16,5,100000,726,0.00726,1435,0.01435
9,17,0,100000,762,0.00762,1577,0.01577
9,17,1,100000,784,0.00784,1471,0.01471
9,17,2,100000,557,0.00557,1071,0.01071
9,17,3,100000,477,0.00477,889,0.00889
9,17,4,100000,597,0.00597,1111,0.01111
9,17,5,100000,718,0.00718,1468,0.01468
9,18,0,100000,855,0.00855,1675,0.01675
9,18,1,100000,780,0.0078,1479,0.01479
9,18,2,100000,585,0.00585,1099,0.01099
9,18,3,100000,485,0.00485,896,0.00896
9,18,4,100000,577,0.00577,1085,0.01085
9,18,5,100000,805,0.00805,1451,0.01451
9,19,0,100000,869,0.00869,1640,0.0164
9,19,1,100000,758,0.00758,1471,0.01471
9,19,2,100000,650,0.0065,1134,0.01134
9,19,3,100000,461,0.00461,853,0.00853
9,19,4,100000,564,0.00564,1104,0.01104
9,19,5,100000,786,0.00786,1466,0.01466
9,20,0,100000,907,0.00907,1705,0.01705
9,20,1,100000,784,0.00784,1475,0.01475
9,20,2,100000,603,0.00603,1063,0.01063
9,20,3,100000,488,0.00488,928,0.00928
9,20,4,100000,565,0.00565,1065,0.01065
9,20,5,100000,860,0.0086,1511,0.01511
9,21,0,100000,869,0.00869,1607,0.01607
9,21,1,100000,773,0.00773,1437,0.01437
9,21,2,100000,617,0.00617,1095,0.01095
9,21,3,100000,495,0.00495,917,0.00917
9,21,4,100000,583,0.00583,1111,0.01111
9,21,5,100000,683,0.00683,1496,0.01496
9,22,0,100000,894,0.00894,1641,0.01641
9,22,1,100000,697,0.00697,1415,0.01415
9,22,2,100000,614,0.00614,1130,0.0113
9,22,3,100000,441,0.00441,865,0.00865
9,22,4,100000,528,0.00528,1086,0.01086
9,22,5,100000,747,0.00747,1542,0.01542
9,23,0,100000,856,0.00856,1637,0.01637
9,23,1,100000,717,0.00717,1507,0.01507
9,23,2,100000,584,0.00584,1106,0.01106
9,23,3,100000,550,0.0055,940,0.0094
9,23,4,100000,541,0.00541,1106,0.01106
9,23,5,100000,728,0.00728,1433,0.01433
9,24,0,100000,803,0.00803,1651,0.01651
9,24,1,100000,824,0.00824,1487,0.01487
9,24,2,100000,590,0.0059,1065,0.01065
9,24,3,100000,472,0.00472,895,0.00895
9,24,4,100000,562,0.00562,1075,0.01075
9,24,5,100000,761,0.00761,1452,0.01452
9,25,0,100000,843,0.00843,1631,0.01631
9,25,1,100000,749,0.00749,1457,0.01457
9,25,2,100000,575,0.00575,1134,0.01134
9,25,3,100000,518,0.00518,943,0.00943
9,25,4,100000,490,0.0049,998,0.00998
9,25,5,100000,739,0.00739,1468,0.01468
9,26,0,100000,841,0.00841,1604,0.01604
9,26,1,100000,762,0.00762,1509,0.01509
9,26,2,100000,619,0.00619,1134,0.01134
9,26,3,100000,497,0.00497,862,0.00862
9,26,4,100000,552,0.00552,1092,0.01092
9,26,5,100000,782,0.00782,1455,0.01455
9,27,0,100000,835,0.00835,1626,0.01626
9,27,1,100000,745,0.00745,1457,0.01457
9,27,2,100000,634,0.00634,1118,0.01118
9,27,3,100000,483,0.00483,919,0.00919
9,27,4,100000,590,0.0059,1099,0.01099
9,27,5,100000,756,0.00756,1470,0.0147
9,28,0,100000,795,0.00795,1615,0.01615
9,28,1,100000,759,0.00759,1425,0.01425
9,28,2,100000,543,0.00543,1106,0.01106
9,28,3,100000,449,0.00449,853,0.00853
9,28,4,100000,571,0.00571,1122,0.01122
9,28,5,100000,767,0.00767,1503,0.01503
9,29,0,100000,882,0.00882,1650,0.0165
9,29,1,100000,776,0.00776,1474,0.01474
9,29,2,100000,582,0.00582,1088,0.01088
9,29,3,100000,443,0.00443,853,0.00853
9,29,4,100000,573,0.00573,1114,0.01114
9,29,5,100000,741,0.00741,1415,0.01415
9,30,0,100000,852,0.00852,1588,0.01588
9,30,1,100000,775,0.00775,1448,0.01448
9,30,2,100000,571,0.00571,1062,0.01062
9,30,3,100000,474,0.00474,919,0.00919
9,30,4,100000,562,0.00562,1101,0.01101
9,30,5,100000,758,0.00758,1477,0.01477
9,31,0,100000,840,0.0084,1639,0.01639
9,31,1,100000,781,0.00781,1467,0.01467
9,31,2,100000,630,0.0063,1112,0.01112
9,31,3,100000,435,0.00435,848,0.00848
9,31,4,100000,595,0.00595,1106,0.01106
9,31,5,100000,765,0.00765,1439,0.01439
9,32,0,100000,802,0.00802,1630,0.0163
9,32,1,100000,744,0.00744,1448,0.01448
9,32,2,100000,533,0.00533,1083,0.01083
9,32,3,100000,472,0.00472,883,0.00883
9,32,4,100000,619,0.00619,1112,0.01112
9,32,5,100000,796,0.00796,1432,0.01432
9,33,0,100000,832,0.00832,1637,0.01637
9,33,1,100000,757,0.00757,1467,0.01467
9,33,2,100000,605,0.00605,1112,0.01112
9,33,3,100000,496,0.00496,886,0.00886
9,33,4,100000,587,0.00587,1133,0.01133
9,33,5,100000,726,0.00726,1396,0.01396
9,34,0,100000,820,0.0082,1615,0.01615
9,34,1,100000,719,0.00719,1420,0.0142
9,34,2,100000,557,0.00557,1028,0.01028
9,34,3,100000,486,0.00486,910,0.0091
9,34,4,100000,554,0.00554,1038,0.01038
9,34,5,100000,714,0.00714,1401,0.01401
9,35,0,100000,823,0.00823,1590,0.0159
9,35,1,100000,830,0.0083,1497,0.01497
9,35,2,100000,575,0.00575,1078,0.01078
9,35,3,100000,513,0.00513,935,0.00935
9,35,4,100000,600,0.006,1116,0.01116
9,35,5,100000,729,0.00729,1459,0.01459
9,36,0,100000,862,0.00862,1626,0.01626
9,36,1,100000,807,0.00807,1499,0.01499
9,36,2,100000,572,0.00572,1066,0.01066
9,36,3,100000,477,0.00477,905,0.00905
9,36,4,100000,537,0.00537,1093,0.01093
9,36,5,100000,777,0.00777,1433,0.01433
9,37,0,100000,847,0.00847,1609,0.01609
9,37,1,100000,721,0.00721,1438,0.01438
9,37,2,100000,538,0.00538,1013,0.01013
9,37,3,100000,488,0.00488,873,0.00873
9,37,4,100000,543,0.00543,1081,0.01081
9,37,5,100000,785,0.00785,1510,0.0151
9,38,0,100000,810,0.0081,1590,0.0159
9,38,1,100000,802,0.00802,1554,0.01554
9,38,2,100000,617,0.00617,1149,0.01149
9,38,3,100000,561,0.00561,932,0.00932
9,38,4,100000,581,0.00581,1026,0.01026
9,38,5,100000,771,0.00771,1455,0.01455
9,39,0,100000,729,0.00729,1386,0.01386
9,39,1,100000,800,0.008,1421,0.01421
9,39,2,100000,627,0.00627,1201,0.01201
9,39,3,100000,448,0.00448,797,0.00797
9,39,4,100000,524,0.00524,1000,0.01
9,39,5,100000,770,0.0077,1359,0.01359
9,40,0,100000,383,0.00383,741,0.00741
9,40,1,100000,467,0.00467,855,0.00855
9,40,2,100000,399,0.00399,771,0.00771
9,40,3,100000,272,0.00272,499,0.00499
9,40,4,100000,382,0.00382,633,0.00633
9,40,5,100000,419,0.00419,786,0.00786
9,41,0,100000,147,0.00147,261,0.00261
9,41,1,100000,150,0.0015,335,0.00335
9,41,2,100000,175,0.00175,330,0.0033
9,41,3,100000,102,0.00102,235,0.00235
9,41,4,100000,108,0.00108,210,0.0021
9,41,5,100000,140,0.0014,229,0.00229
9,42,0,100000,38,0.00038,88,0.00088
9,42,1,100000,49,0.00049,104,0.00104
9,42,2,100000,60,0.0006,115,0.00115
9,42,3,100000,39,0.00039,80,0.0008
9,42,4,100000,39,0.00039,95,0.00095
9,42,5,100000,49,0.00049,86,0.00086
9,43,0,100000,28,0.00028,77,0.00077
9,43,1,100000,24,0.00024,71,0.00071
9,43,2,100000,40,0.0004,78,0.00078
9,43,3,100000,30,0.0003,90,0.0009
9,43,4,100000,42,0.00042,90,0.0009
9,43,5,100000,27,0.00027,72,0.00072
9,44,0,100000,36,0.00036,89,0.00089
9,44,1,100000,20,0.0002,77,0.00077
9,44,2,100000,37,0.00037,96,0.00096
9,44,3,100000,52,0.00052,93,0.00093
9,44,4,100000,27,0.00027,71,0.00071
9,44,5,100000,31,0.00031,67,0.00067
9,45,0,100000,40,0.0004,82,0.00082
9,45,1,100000,29,0.00029,92,0.00092
9,45,2,100000,32,0.00032,94,0.00094
9,45,3,100000,52,0.00052,88,0.00088
9,45,4,100000,49,0.00049,85,0.00085
9,45,5,100000,27,0.00027,89,0.00089
9,46,0,100000,40,0.0004,85,0.00085
9,46,1,100000,31,0.00031,74,0.00074
9,46,2,100000,34,0.00034,69,0.00069
9,46,3,100000,37,0.00037,88,0.00088
9,46,4,100000,43,0.00043,85,0.00085
9,46,5,100000,33,0.00033,74,0.00074
9,47,0,100000,33,0.00033,69,0.00069
9,47,1,100000,29,0.00029,81,0.00081
9,47,2,100000,43,0.00043,76,0.00076
9,47,3,100000,41,0.00041,93,0.00093
9,47,4,100000,44,0.00044,82,0.00082
9,47,5,100000,27,0.00027,75,0.00075
9,48,0,100000,24,0.00024,73,0.00073
9,48,1,100000,26,0.00026,72,0.00072
9,48,2,100000,20,0.0002,69,0.00069
9,48,3,100000,25,0.00025,88,0.00088
9,48,4,100000,49,0.00049,77,0.00077
9,48,5,100000,53,0.00053,64,0.00064
9,49,0,100000,40,0.0004,87,0.00087
9,49,1,100000,43,0.00043,79,0.00079
9,49,2,100000,30,0.0003,67,0.00067
9,49,3,100000,29,0.00029,93,0.00093
9,49,4,100000,32,0.00032,75,0.00075
9,49,5,100000,24,0.00024,72,0.00072
9,50,0,100000,17,0.00017,73,0.00073
9,50,1,100000,47,0.00047,83,0.00083
9,50,2,100000,32,0.00032,67,0.00067
9,50,3,100000,28,0.00028,65,0.00065
9,50,4,100000,39,0.00039,96,0.00096
9,50,5,100000,34,0.00034,69,0.00069
10,-50,0,100000,35,0.00035,62,0.00062
10,-50,1,100000,21,0.00021,58,0.00058
10,-50,2,100000,49,0.00049,91,0.00091
10,-50,3,100000,27,0.00027,68,0.00068
10,-50,4,100000,43,0.00043,93,0.00093
10,-50,5,100000,34,0.00034,73,0.00073
10,-49,0,100000,28,0.00028,58,0.00058
10,-49,1,100000,28,0.00028,74,0.00074
10,-49,2,100000,39,0.00039,82,0.00082
10,-49,3,100000,19,0.00019,64,0.00064
10,-49,4,100000,26,0.00026,73,0.00073
10,-49,5,100000,31,0.00031,76,0.00076
10,-48,0,100000,40,0.0004,72,0.00072
10,-48,1,100000,26,0.00026,71,0.00071
10,-48,2,100000,23,0.00023,68,0.00068
10,-48,3,100000,32,0.00032,70,0.0007
10,-48,4,100000,31,0.00031,61,0.00061
10,-48,5,100000,20,0.0002,59,0.00059
10,-47,0,100000,41,0.00041,73,0.00073
10,-47,1,100000,41,0.00041,76,0.00076
10,-47,2,100000,35,0.00035,79,0.00079
10,-47,3,100000,24,0.00024,81,0.00081
10,-47,4,100000,42,0.00042,85,0.00085
10,-47,5,100000,16,0.00016,81,0.00081
10,-46,0,100000,27,0.00027,75,0.00075
10,-46,1,100000,32,0.00032,104,0.00104
10,-46,2,100000,33,0.00033,66,0.00066
10,-46,3,100000,30,0.0003,69,0.00069
10,-46,4,100000,37,0.00037,85,0.00085
10,-46,5,100000,25,0.00025,80,0.0008
10,-45,0,100000,31,0.00031,79,0.00079
10,-45,1,100000,21,0.00021,90,0.0009
10,-45,2,100000,23,0.00023,76,0.00076
10,-45,3,100000,25,0.00025,73,0.00073
10,-45,4,100000,44,0.00044,83,0.00083
10,-45,5,100000,32,0.00032,86,0.00086
10,-44,0,100000,23,0.00023,88,0.00088
10,-44,1,100000,41,0.00041,83,0.00083
10,-44,2,100000,25,0.00025,80,0.0008
10,-44,3,100000,31,0.00031,70,0.0007
10,-44,4,100000,33,0.00033,70,0.0007
10,-44,5,100000,28,0.00028,83,0.00083
10,-43,0,100000,33,0.00033,99,0.00099
10,-43,1,100000,46,0.00046,77,0.00077
10,-43,2,100000,39,0.00039,76,0.00076
10,-43,3,100000,29,0.00029,75,0.00075
10,-43,4,100000,32,0.00032,71,0.00071
10,-43,5,100000,45,0.00045,95,0.00095
10,-42,0,100000,54,0.00054,119,0.00119
10,-42,1,100000,43,0.00043,78,0.00078
10,-42,2,100000,35,0.00035,66,0.00066
10,-42,3,100000,45,0.00045,96,0.00096
10,-42,4,100000,67,0.00067,100,0.001
10,-42,5,100000,62,0.00062,127,0.00127
10,-41,0,100000,164,0.00164,308,0.00308
10,-41,1,100000,144,0.00144,270,0.0027
10,-41,2,100000,136,0.00136,202,0.00202
10,-41,3,100000,121,0.00121,239,0.00239
10,-41,4,100000,155,0.00155,363,0.00363
10,-41,5,100000,180,0.0018,355,0.00355
10,-40,0,100000,370,0.0037,677,0.00677
10,-40,1,100000,417,0.00417,732,0.00732
10,-40,2,100000,309,0.00309,576,0.00576
10,-40,3,100000,256,0.00256,482,0.00482
10,-40,4,100000,336,0.00336,705,0.00705
10,-40,5,100000,392,0.00392,749,0.00749
10,-39,0,100000,589,0.00589,1166,0.01166
10,-39,1,100000,648,0.00648,1241,0.01241
10,-39,2,100000,463,0.00463,876,0.00876
10,-39,3,100000,408,0.00408,723,0.00723
10,-39,4,100000,557,0.00557,1066,0.01066
10,-39,5,100000,714,0.00714,1268,0.01268
10,-38,0,100000,732,0.00732,1480,0.0148
10,-38,1,100000,714,0.00714,1352,0.01352
10,-38,2,100000,520,0.0052,1008,0.01008
10,-38,3,100000,462,0.00462,821,0.00821
10,-38,4,100000,576,0.00576,1077,0.01077
10,-38,5,100000,714,0.00714,1315,0.01315
10,-37,0,100000,749,0.00749,1482,0.01482
10,-37,1,100000,665,0.00665,1286,0.01286
10,-37,2,100000,536,0.00536,1013,0.01013
10,-37,3,100000,427,0.00427,805,0.00805
10,-37,4,100000,575,0.00575,1013,0.01013
10,-37,5,100000,722,0.00722,1383,0.01383
10,-36,0,100000,758,0.00758,1524,0.01524
10,-36,1,100000,733,0.00733,1366,0.01366
10,-36,2,100000,551,0.00551,1047,0.01047
10,-36,3,100000,427,0.00427,794,0.00794
10,-36,4,100000,499,0.00499,994,0.00994
10,-36,5,100000,732,0.00732,1392,0.01392
10,-35,0,100000,786,0.00786,1529,0.01529
10,-35,1,100000,699,0.00699,1354,0.01354
10,-35,2,100000,508,0.00508,947,0.00947
10,-35,3,100000,423,0.00423,782,0.00782
10,-35,4,100000,542,0.00542,969,0.00969
10,-35,5,100000,668,0.00668,1350,0.0135
10,-34,0,100000,795,0.00795,1477,0.01477
10,-34,1,100000,691,0.00691,1356,0.01356
10,-34,2,100000,545,0.00545,991,0.00991
10,-34,3,100000,433,0.00433,803,0.00803
10,-34,4,100000,523,0.00523,1073,0.01073
10,-34,5,100000,663,0.00663,1296,0.01296
10,-33,0,100000,748,0.00748,1504,0.01504
10,-33,1,100000,677,0.00677,1388,0.01388
10,-33,2,100000,563,0.00563,1033,0.01033
10,-33,3,100000,461,0.00461,829,0.00829
10,-33,4,100000,526,0.00526,1037,0.01037
10,-33,5,100000,714,0.00714,1354,0.01354
10,-32,0,100000,749,0.00749,1432,0.01432
10,-32,1,100000,736,0.00736,1409,0.01409
10,-32,2,100000,550,0.0055,1033,0.01033
10,-32,3,100000,433,0.00433,857,0.00857
10,-32,4,100000,541,0.00541,988,0.00988
10,-32,5,100000,689,0.00689,1345,0.01345
10,-31,0,100000,730,0.0073,1509,0.01509
10,-31,1,100000,658,0.00658,1286,0.01286
10,-31,2,100000,508,0.00508,1067,0.01067
10,-31,3,100000,437,0.00437,818,0.00818
10,-31,4,100000,569,0.00569,1009,0.01009
10,-31,5,100000,639,0.00639,1326,0.01326
10,-30,0,100000,750,0.0075,1497,0.01497
10,-30,1,100000,650,0.0065,1352,0.01352
10,-30,2,100000,563,0.00563,1011,0.01011
10,-30,3,100000,474,0.00474,866,0.00866
10,-30,4,100000,547,0.00547,976,0.00976
10,-30,5,100000,678,0.00678,1381,0.01381
10,-29,0,100000,729,0.00729,1516,0.01516
10,-29,1,100000,687,0.00687,1329,0.01329
10,-29,2,100000,491,0.00491,989,0.00989
10,-29,3,100000,396,0.00396,799,0.00799
10,-29,4,100000,572,0.00572,1057,0.01057
10,-29,5,100000,744,0.00744,1360,0.0136
10,-28,0,100000,720,0.0072,1495,0.01495
10,-28,1,100000,665,0.00665,1384,0.01384
10,-28,2,100000,537,0.00537,1022,0.01022
10,-28,3,100000,422,0.00422,784,0.00784
10,-28,4,100000,572,0.00572,1030,0.0103
10,-28,5,100000,730,0.0073,1374,0.01374
10,-27,0,100000,807,0.00807,1513,0.01513
10,-27,1,100000,697,0.00697,1398,0.01398
10,-27,2,100000,533,0.00533,1037,0.01037
10,-27,3,100000,419,0.00419,831,0.00831
10,-27,4,100000,519,0.00519,956,0.00956
10,-27,5,100000,709,0.00709,1328,0.01328
10,-26,0,100000,791,0.00791,1506,0.01506
10,-26,1,100000,714,0.00714,1379,0.01379
10,-26,2,100000,605,0.00605,1042,0.01042
10,-26,3,100000,415,0.00415,804,0.00804
10,-26,4,100000,504,0.00504,1036,0.01036
10,-26,5,100000,718,0.00718,1408,0.01408
10,-25,0,100000,754,0.00754,1468,0.01468
10,-25,1,100000,608,0.00608,1259,0.01259
10,-25,2,100000,545,0.00545,1034,0.01034
10,-25,3,100000,446,0.00446,793,0.00793
10,-25,4,100000,551,0.00551,1057,0.01057
10,-25,5,100000,703,0.00703,1354,0.01354
10,-24,0,100000,775,0.00775,1486,0.01486
10,-24,1,100000,718,0.00718,1318,0.01318
10,-24,2,100000,531,0.00531,994,0.00994
10,-24,3,100000,435,0.00435,807,0.00807
10,-24,4,100000,528,0.00528,1016,0.01016
10,-24,5,100000,675,0.00675,1347,0.01347
10,-23,0,100000,720,0.0072,1508,0.01508
10,-23,1,100000,732,0.00732,1417,0.01417
10,-23,2,100000,529,0.00529,1057,0.01057
10,-23,3,100000,436,0.00436,807,0.00807
10,-23,4,100000,522,0.00522,989,0.00989
10,-23,5,100000,691,0.00691,1339,0.01339
10,-22,0,100000,746,0.00746,1466,0.01466
10,-22,1,100000,701,0.00701,1332,0.01332
10,-22,2,100000,516,0.00516,973,0.00973
10,-22,3,100000,451,0.00451,831,0.00831
10,-22,4,100000,547,0.00547,985,0.00985
10,-22,5,100000,746,0.00746,1411,0.01411
10,-21,0,100000,784,0.00784,1529,0.01529
10,-21,1,100000,727,0.00727,1381,0.01381
10,-21,2,100000,584,0.00584,1067,0.01067
10,-21,3,100000,433,0.00433,822,0.00822
10,-21,4,100000,580,0.0058,1083,0.01083
10,-21,5,100000,684,0.00684,1375,0.01375
10,-20,0,100000,813,0.00813,1531,0.01531
10,-20,1,100000,692,0.00692,1339,0.01339
10,-20,2,100000,544,0.00544,998,0.00998
10,-20,3,100000,441,0.00441,856,0.00856
10,-20,4,100000,578,0.00578,1073,0.01073
10,-20,5,100000,637,0.00637,1360,0.0136
10,-19,0,100000,784,0.00784,1587,0.01587
10,-19,1,100000,723,0.00723,1371,0.01371
10,-19,2,100000,555,0.00555,1030,0.0103
10,-19,3,100000,472,0.00472,801,0.00801
10,-19,4,100000,509,0.00509,1017,0.01017
10,-19,5,100000,696,0.00696,1321,0.01321
10,-18,0,100000,729,0.00729,1497,0.01497
10,-18,1,100000,725,0.00725,1307,0.01307
10,-18,2,100000,528,0.00528,1075,0.01075
10,-18,3,100000,424,0.00424,792,0.00792
10,-18,4,100000,505,0.00505,1010,0.0101
10,-18,5,100000,645,0.00645,1346,0.01346
10,-17,0,100000,750,0.0075,1452,0.01452
10,-17,1,100000,696,0.00696,1342,0.01342
10,-17,2,100000,541,0.00541,1029,0.01029
10,-17,3,100000,424,0.00424,809,0.00809
10,-17,4,100000,530,0.0053,994,0.00994
10,-17,5,100000,757,0.00757,1413,0.01413
10,-16,0,100000,775,0.00775,1563,0.01563
10,-16,1,100000,668,0.00668,1330,0.0133
10,-16,2,100000,580,0.0058,1087,0.01087
10,-16,3,100000,425,0.00425,792,0.00792
10,-16,4,100000,552,0.00552,1038,0.01038
10,-16,5,100000,702,0.00702,1357,0.01357
10,-15,0,100000,743,0.00743,1425,0.01425
10,-15,1,100000,724,0.00724,1399,0.01399
10,-15,2,100000,549,0.00549,982,0.00982
10,-15,3,100000,422,0.00422,835,0.00835
10,-15,4,100000,553,0.00553,984,0.00984
10,-15,5,100000,687,0.00687,1374,0.01374
10,-14,0,100000,692,0.00692,1506,0.01506
10,-14,1,100000,680,0.0068,1367,0.01367
10,-14,2,100000,574,0.00574,1070,0.0107
10,-14,3,100000,418,0.00418,854,0.00854
10,-14,4,100000,534,0.00534,1058,0.01058
10,-14,5,100000,691,0.00691,1338,0.01338
10,-13,0,100000,786,0.00786,1531,0.01531
10,-13,1,100000,654,0.00654,1340,0.0134
10,-13,2,100000,560,0.0056,1027,0.01027
10,-13,3,100000,464,0.00464,856,0.00856
10,-13,4,100000,496,0.00496,957,0.00957
10,-13,5,100000,627,0.00627,1321,0.01321
10,-12,0,100000,737,0.00737,1531,0.01531
10,-12,1,100000,758,0.00758,1393,0.01393
10,-12,2,100000,562,0.00562,1025,0.01025
10,-12,3,100000,427,0.00427,837,0.00837
10,-12,4,100000,520,0.0052,967,0.00967
10,-12,5,100000,676,0.00676,1426,0.01426
10,-11,0,100000,758,0.00758,1521,0.01521
10,-11,1,100000,663,0.00663,1331,0.01331
10,-11,2,100000,536,0.00536,1040,0.0104
10,-11,3,100000,474,0.00474,854,0.00854
10,-11,4,100000,574,0.00574,1063,0.01063
10,-11,5,100000,747,0.00747,1393,0.01393
10,-10,0,100000,817,0.00817,1548,0.01548
10,-10,1,100000,690,0.0069,1413,0.01413
10,-10,2,100000,549,0.00549,1044,0.01044
10,-10,3,100000,406,0.00406,797,0.00797
10,-10,4,100000,579,0.00579,1073,0.01073
10,-10,5,100000,738,0.00738,1398,0.01398
10,-9,0,100000,787,0.00787,1566,0.01566
10,-9,1,100000,669,0.00669,1391,0.01391
10,-9,2,100000,506,0.00506,1011,0.01011
10,-9,3,100000,509,0.00509,857,0.00857
10,-9,4,100000,543,0.00543,1047,0.01047
10,-9,5,100000,739,0.00739,1401,0.01401
10,-8,0,100000,798,0.00798,1550,0.0155
10,-8,1,100000,697,0.00697,1399,0.01399
10,-8,2,100000,547,0.00547,983,0.00983
10,-8,3,100000,453,0.00453,858,0.00858
10,-8,4,100000,592,0.00592,1056,0.01056
10,-8,5,100000,671,0.00671,1393,0.01393
10,-7,0,100000,783,0.00783,1551,0.01551
10,-7,1,100000,763,0.00763,1442,0.01442
10,-7,2,100000,527,0.00527,1085,0.01085
10,-7,3,100000,431,0.00431,772,0.00772
10,-7,4,100000,565,0.00565,1046,0.01046
10,-7,5,100000,667,0.00667,1344,0.01344
10,-6,0,100000,796,0.00796,1533,0.01533
10,-6,1,100000,684,0.00684,1409,0.01409
10,-6,2,100000,573,0.00573,1055,0.01055
10,-6,3,100000,440,0.0044,855,0.00855
10,-6,4,100000,496,0.00496,1055,0.01055
10,-6,5,100000,659,0.00659,1391,0.01391
10,-5,0,100000,807,0.00807,1574,0.01574
10,-5,1,100000,645,0.00645,1306,0.01306
10,-5,2,100000,556,0.00556,1015,0.01015
10,-5,3,100000,441,0.00441,835,0.00835
10,-5,4,100000,506,0.00506,1028,0.01028
10,-5,5,100000,736,0.00736,1347,0.01347
10,-4,0,100000,792,0.00792,1541,0.01541
10,-4,1,100000,724,0.00724,1350,0.0135
10,-4,2,100000,567,0.00567,1014,0.01014
10,-4,3,100000,441,0.00441,828,0.00828
10,-4,4,100000,533,0.00533,1022,0.01022
10,-4,5,100000,669,0.00669,1366,0.01366
10,-3,0,100000,742,0.00742,1548,0.01548
10,-3,1,100000,632,0.00632,1326,0.01326
10,-3,2,100000,496,0.00496,1004,0.01004
10,-3,3,100000,456,0.00456,810,0.0081
10,-3,4,100000,577,0.00577,1024,0.01024
10,-3,5,100000,665,0.00665,1349,0.01349
10,-2,0,100000,732,0.00732,1542,0.01542
10,-2,1,100000,743,0.00743,1388,0.01388
10,-2,2,100000,507,0.00507,995,0.00995
10,-2,3,100000,463,0.00463,825,0.00825
10,-2,4,100000,558,0.00558,1031,0.01031
10,-2,5,100000,723,0.00723,1371,0.01371
10,-1,0,100000,733,0.00733,1465,0.01465
10,-1,1,100000,744,0.00744,1357,0.01357
10,-1,2,100000,598,0.00598,1120,0.0112
10,-1,3,100000,429,0.00429,790,0.0079
10,-1,4,100000,536,0.00536,1047,0.01047
10,-1,5,100000,667,0.00667,1403,0.01403
10,0,0,100000,790,0.0079,1503,0.01503
10,0,1,100000,691,0.00691,1313,0.01313
10,0,2,100000,460,0.0046,981,0.00981
10,0,3,100000,495,0.00495,836,0.00836
10,0,4,100000,512,0.00512,1019,0.01019
10,0,5,100000,729,0.00729,1438,0.01438
10,1,0,100000,778,0.00778,1565,0.01565
10,1,1,100000,737,0.00737,1455,0.01455
10,1,2,100000,505,0.00505,1002,0.01002
10,1,3,100000,429,0.00429,815,0.00815
10,1,4,100000,540,0.0054,1031,0.01031
10,1,5,100000,706,0.00706,1376,0.01376
10,2,0,100000,761,0.00761,1521,0.01521
10,2,1,100000,753,0.00753,1417,0.01417
10,2,2,100000,517,0.00517,1031,0.01031
10,2,3,100000,433,0.00433,841,0.00841
10,2,4,100000,573,0.00573,1045,0.01045
10,2,5,100000,760,0.0076,1421,0.01421
10,3,0,100000,793,0.00793,1528,0.01528
10,3,1,100000,695,0.00695,1335,0.01335
10,3,2,100000,521,0.00521,981,0.00981
10,3,3,100000,454,0.00454,822,0.00822
10,3,4,100000,583,0.00583,1034,0.01034
10,3,5,100000,706,0.00706,1346,0.01346
10,4,0,100000,803,0.00803,1522,0.01522
10,4,1,100000,677,0.00677,1334,0.01334
10,4,2,100000,574,0.00574,1048,0.01048
10,4,3,100000,470,0.0047,853,0.00853
10,4,4,100000,564,0.00564,1038,0.01038
10,4,5,100000,727,0.00727,1387,0.01387
10,5,0,100000,732,0.00732,1488,0.01488
10,5,1,100000,676,0.00676,1326,0.01326
10,5,2,100000,549,0.00549,1029,0.01029
10,5,3,100000,415,0.00415,842,0.00842
10,5,4,100000,532,0.00532,1019,0.01019
10,5,5,100000,675,0.00675,1341,0.01341
10,6,0,100000,781,0.00781,1508,0.01508
10,6,1,100000,641,0.00641,1295,0.01295
10,6,2,100000,602,0.00602,1058,0.01058
10,6,3,100000,428,0.00428,840,0.0084
10,6,4,100000,551,0.00551,1048,0.01048
10,6,5,100000,750,0.0075,1383,0.01383
10,7,0,100000,759,0.00759,1545,0.01545
10,7,1,100000,730,0.0073,1305,0.01305
10,7,2,100000,529,0.00529,1057,0.01057
10,7,3,100000,504,0.00504,867,0.00867
10,7,4,100000,577,0.00577,1064,0.01064
10,7,5,100000,727,0.00727,1358,0.01358
10,8,0,100000,742,0.00742,1555,0.01555
10,8,1,100000,638,0.00638,1324,0.01324
10,8,2,100000,558,0.00558,1010,0.0101
10,8,3,100000,427,0.00427,766,0.00766
10,8,4,100000,515,0.00515,1012,0.01012
10,8,5,100000,724,0.00724,1339,0.01339
10,9,0,100000,789,0.00789,1569,0.01569
10,9,1,100000,661,0.00661,1349,0.01349
10,9,2,100000,528,0.00528,993,0.00993
10,9,3,100000,413,0.00413,816,0.00816
10,9,4,100000,509,0.00509,957,0.00957
10,9,5,100000,711,0.00711,1352,0.01352
10,10,0,100000,763,0.00763,1524,0.01524
10,10,1,100000,695,0.00695,1376,0.01376
10,10,2,100000,573,0.00573,1014,0.01014
10,10,3,100000,412,0.00412,782,0.00782
10,10,4,100000,588,0.00588,1051,0.01051
10,10,5,100000,725,0.00725,1342,0.01342
10,11,0,100000,763,0.00763,1508,0.01508
10,11,1,100000,745,0.00745,1376,0.01376
10,11,2,100000,527,0.00527,1014,0.01014
10,11,3,100000,445,0.00445,802,0.00802
10,11,4,100000,545,0.00545,1039,0.01039
10,11,5,100000,688,0.00688,1320,0.0132
10,12,0,100000,734,0.00734,1483,0.01483
10,12,1,100000,644,0.00644,1340,0.0134
10,12,2,100000,498,0.00498,1024,0.01024
10,12,3,100000,422,0.00422,792,0.00792
10,12,4,100000,557,0.00557,1049,0.01049
10,12,5,100000,691,0.00691,1374,0.01374
10,13,0,100000,734,0.00734,1510,0.0151
10,13,1,100000,657,0.00657,1365,0.01365
10,13,2,100000,521,0.00521,1033,0.01033
10,13,3,100000,422,0.00422,778,0.00778
10,13,4,100000,552,0.00552,1052,0.01052
10,13,5,100000,673,0.00673,1363,0.01363
10,14,0,100000,772,0.00772,1516,0.01516
10,14,1,100000,720,0.0072,1393,0.01393
10,14,2,100000,560,0.0056,1028,0.01028
10,14,3,100000,456,0.00456,815,0.00815
10,14,4,100000,546,0.00546,1050,0.0105
10,14,5,100000,767,0.00767,1363,0.01363
10,15,0,100000,788,0.00788,1482,0.01482
10,15,1,100000,685,0.00685,1310,0.0131
10,15,2,100000,550,0.0055,1070,0.0107
10,15,3,100000,434,0.00434,797,0.00797
10,15,4,100000,520,0.0052,1004,0.01004
10,15,5,100000,699,0.00699,1347,0.01347
10,16,0,100000,721,0.00721,1485,0.01485
10,16,1,100000,715,0.00715,1373,0.01373
10,16,2,100000,514,0.00514,1026,0.01026
10,16,3,100000,457,0.00457,822,0.00822
10,16,4,100000,546,0.00546,1011,0.01011
10,16,5,100000,715,0.00715,1346,0.01346
10,17,0,100000,736,0.00736,1525,0.01525
10,17,1,100000,717,0.00717,1414,0.01414
10,17,2,100000,517,0.00517,1039,0.01039
10,17,3,100000,399,0.00399,806,0.00806
10,17,4,100000,558,0.00558,1028,0.01028
10,17,5,100000,679,0.00679,1376,0.01376
10,18,0,100000,734,0.00734,1519,0.01519
10,18,1,100000,739,0.00739,1392,0.01392
10,18,2,100000,510,0.0051,987,0.00987
10,18,3,100000,451,0.00451,852,0.00852
10,18,4,100000,568,0.00568,1046,0.01046
10,18,5,100000,674,0.00674,1272,0.01272
10,19,0,100000,845,0.00845,1554,0.01554
10,19,1,100000,691,0.00691,1340,0.0134
10,19,2,100000,500,0.005,1002,0.01002
10,19,3,100000,446,0.00446,802,0.00802
10,19,4,100000,516,0.00516,1016,0.01016
10,19,5,100000,728,0.00728,1396,0.01396
10,20,0,100000,709,0.00709,1549,0.01549
10,20,1,100000,686,0.00686,1369,0.01369
10,20,2,100000,530,0.0053,1025,0.01025
10,20,3,100000,458,0.00458,777,0.00777
10,20,4,100000,548,0.00548,1027,0.01027
10,20,5,100000,774,0.00774,1365,0.01365
10,21,0,100000,701,0.00701,1529,0.01529
10,21,1,100000,646,0.00646,1303,0.01303
10,21,2,100000,523,0.00523,950,0.0095
10,21,3,100000,437,0.00437,816,0.00816
10,21,4,100000,502,0.00502,982,0.00982
10,21,5,100000,661,0.00661,1325,0.01325
10,22,0,100000,755,0.00755,1508,0.01508
10,22,1,100000,663,0.00663,1326,0.01326
10,22,2,100000,522,0.00522,1039,0.01039
10,22,3,100000,451,0.00451,836,0.00836
10,22,4,100000,506,0.00506,1014,0.01014
10,22,5,100000,739,0.00739,1377,0.01377
10,23,0,100000,741,0.00741,1470,0.0147
10,23,1,100000,718,0.00718,1398,0.01398
10,23,2,100000,593,0.00593,1078,0.01078
10,23,3,100000,456,0.00456,771,0.00771
10,23,4,100000,527,0.00527,1076,0.01076
10,23,5,100000,708,0.00708,1436,0.01436
10,24,0,100000,771,0.00771,1553,0.01553
10,24,1,100000,738,0.00738,1284,0.01284
10,24,2,100000,583,0.00583,1019,0.01019
10,24,3,100000,436,0.00436,838,0.00838
10,24,4,100000,481,0.00481,1057,0.01057
10,24,5,100000,698,0.00698,1373,0.01373
10,25,0,100000,765,0.00765,1492,0.01492
10,25,1,100000,755,0.00755,1427,0.01427
10,25,2,100000,579,0.00579,1050,0.0105
10,25,3,100000,429,0.00429,807,0.00807
10,25,4,100000,510,0.0051,984,0.00984
10,25,5,100000,777,0.00777,1404,0.01404
10,26,0,100000,756,0.00756,1506,0.01506
10,26,1,100000,722,0.00722,1386,0.01386
10,26,2,100000,567,0.00567,1005,0.01005
10,26,3,100000,453,0.00453,865,0.00865
10,26,4,100000,511,0.00511,1006,0.01006
10,26,5,100000,711,0.00711,1386,0.01386
10,27,0,100000,823,0.00823,1560,0.0156
10,27,1,100000,706,0.00706,1369,0.01369
10,27,2,100000,505,0.00505,1044,0.01044
10,27,3,100000,415,0.00415,772,0.00772
10,27,4,100000,519,0.00519,984,0.00984
10,27,5,100000,701,0.00701,1312,0.01312
10,28,0,100000,804,0.00804,1534,0.01534
10,28,1,100000,733,0.00733,1365,0.01365
10,28,2,100000,528,0.00528,996,0.00996
10,28,3,100000,430,0.0043,806,0.00806
10,28,4,100000,572,0.00572,1002,0.01002
10,28,5,100000,721,0.00721,1360,0.0136
10,29,0,100000,702,0.00702,1443,0.01443
10,29,1,100000,763,0.00763,1411,0.01411
10,29,2,100000,531,0.00531,1048,0.01048
10,29,3,100000,416,0.00416,840,0.0084
10,29,4,100000,577,0.00577,1039,0.01039
10,29,5,100000,723,0.00723,1407,0.01407
10,30,0,100000,776,0.00776,1534,0.01534
10,30,1,100000,705,0.00705,1372,0.01372
10,30,2,100000,558,0.00558,1059,0.01059
10,30,3,100000,422,0.00422,807,0.00807
10,30,4,100000,549,0.00549,1037,0.01037
10,30,5,100000,714,0.00714,1393,0.01393
10,31,0,100000,775,0.00775,1490,0.0149
10,31,1,100000,718,0.00718,1364,0.01364
10,31,2,100000,573,0.00573,1062,0.01062
10,31,3,100000,406,0.00406,782,0.00782
10,31,4,100000,547,0.00547,1056,0.01056
10,31,5,100000,665,0.00665,1289,0.01289
10,32,0,100000,813,0.00813,1580,0.0158
10,32,1,100000,734,0.00734,1386,0.01386
10,32,2,100000,519,0.00519,983,0.00983
10,32,3,100000,396,0.00396,770,0.0077
10,32,4,100000,537,0.00537,1025,0.01025
10,32,5,100000,716,0.00716,1364,0.01364
10,33,0,100000,751,0.00751,1535,0.01535
10,33,1,100000,761,0.00761,1436,0.01436
10,33,2,100000,480,0.0048,1001,0.01001
10,33,3,100000,442,0.00442,799,0.00799
10,33,4,100000,513,0.00513,967,0.00967
10,33,5,100000,696,0.00696,1317,0.01317
10,34,0,100000,725,0.00725,1520,0.0152
10,34,1,100000,672,0.00672,1376,0.01376
10,34,2,100000,529,0.00529,1003,0.01003
10,34,3,100000,460,0.0046,841,0.00841
10,34,4,100000,517,0.00517,1022,0.01022
10,34,5,100000,669,0.00669,1376,0.01376
10,35,0,100000,792,0.00792,1575,0.01575
10,35,1,100000,634,0.00634,1353,0.01353
10,35,2,100000,503,0.00503,998,0.00998
10,35,3,100000,460,0.0046,847,0.00847
10,35,4,100000,567,0.00567,1040,0.0104
10,35,5,100000,741,0.00741,1442,0.01442
10,36,0,100000,700,0.007,1437,0.01437
10,36,1,100000,732,0.00732,1368,0.01368
10,36,2,100000,541,0.00541,1028,0.01028
10,36,3,100000,415,0.00415,834,0.00834
10,36,4,100000,620,0.0062,1032,0.01032
10,36,5,100000,683,0.00683,1290,0.0129
10,37,0,100000,739,0.00739,1485,0.01485
10,37,1,100000,658,0.00658,1295,0.01295
10,37,2,100000,540,0.0054,995,0.00995
10,37,3,100000,468,0.00468,849,0.00849
10,37,4,100000,514,0.00514,965,0.00965
10,37,5,100000,672,0.00672,1351,0.01351
10,38,0,100000,760,0.0076,1454,0.01454
10,38,1,100000,714,0.00714,1375,0.01375
10,38,2,100000,582,0.00582,1084,0.01084
10,38,3,100000,372,0.00372,730,0.0073
10,38,4,100000,521,0.00521,978,0.00978
10,38,5,100000,713,0.00713,1374,0.01374
10,39,0,100000,613,0.00613,1265,0.01265
10,39,1,100000,606,0.00606,1223,0.01223
10,39,2,100000,560,0.0056,1067,0.01067
10,39,3,100000,399,0.00399,700,0.007
10,39,4,100000,518,0.00518,896,0.00896
10,39,5,100000,657,0.00657,1280,0.0128
10,40,0,100000,400,0.004,718,0.00718
10,40,1,100000,346,0.00346,685,0.00685
10,40,2,100000,379,0.00379,689,0.00689
10,40,3,100000,248,0.00248,415,0.00415
10,40,4,100000,310,0.0031,534,0.00534
10,40,5,100000,415,0.00415,739,0.00739
10,41,0,100000,163,0.00163,291,0.00291
10,41,1,100000,178,0.00178,331,0.00331
10,41,2,100000,169,0.00169,339,0.00339
10,41,3,100000,129,0.00129,226,0.00226
10,41,4,100000,130,0.0013,226,0.00226
10,41,5,100000,138,0.00138,283,0.00283
10,42,0,100000,39,0.00039,96,0.00096
10,42,1,100000,56,0.00056,103,0.00103
10,42,2,100000,68,0.00068,127,0.00127
10,42,3,100000,41,0.00041,85,0.00085
10,42,4,100000,22,0.00022,64,0.00064
10,42,5,100000,30,0.0003,65,0.00065
10,43,0,100000,42,0.00042,91,0.00091
10,43,1,100000,34,0.00034,101,0.00101
10,43,2,100000,35,0.00035,69,0.00069
10,43,3,100000,32,0.00032,74,0.00074
10,43,4,100000,30,0.0003,79,0.00079
10,43,5,100000,38,0.00038,94,0.00094
10,44,0,100000,28,0.00028,94,0.00094
10,44,1,100000,26,0.00026,74,0.00074
10,44,2,100000,29,0.00029,83,0.00083
10,44,3,100000,32,0.00032,81,0.00081
10,44,4,100000,27,0.00027,87,0.00087
10,44,5,100000,35,0.00035,94,0.00094
10,45,0,100000,36,0.00036,76,0.00076
10,45,1,100000,34,0.00034,74,0.00074
10,45,2,100000,49,0.00049,99,0.00099
10,45,3,100000,28,0.00028,86,0.00086
10,45,4,100000,33,0.00033,80,0.0008
10,45,5,100000,32,0.00032,80,0.0008
10,46,0,100000,48,0.00048,86,0.00086
10,46,1,100000,34,0.00034,78,0.00078
10,46,2,100000,24,0.00024,65,0.00065
10,46,3,100000,36,0.00036,85,0.00085
10,46,4,100000,35,0.00035,80,0.0008
10,46,5,100000,21,0.00021,76,0.00076
10,47,0,100000,37,0.00037,69,0.00069
10,47,1,100000,42,0.00042,81,0.00081
10,47,2,100000,19,0.00019,83,0.00083
10,47,3,100000,29,0.00029,86,0.00086
10,47,4,100000,23,0.00023,74,0.00074
10,47,5,100000,26,0.00026,79,0.00079
10,48,0,100000,48,0.00048,82,0.00082
10,48,1,100000,36,0.00036,80,0.0008
10,48,2,100000,32,0.00032,67,0.00067
10,48,3,100000,43,0.00043,65,0.00065
10,48,4,100000,14,0.00014,58,0.00058
10,48,5,100000,53,0.00053,86,0.00086
10,49,0,100000,23,0.00023,62,0.00062
10,49,1,100000,40,0.0004,74,0.00074
10,49,2,100000,39,0.00039,75,0.00075
10,49,3,100000,26,0.00026,78,0.00078
10,49,4,100000,28,0.00028,65,0.00065
10,49,5,100000,42,0.00042,79,0.00079
10,50,0,100000,28,0.00028,74,0.00074
10,50,1,100000,17,0.00017,85,0.00085
10,50,2,100000,20,0.0002,68,0.00068
10,50,3,100000,35,0.00035,72,0.00072
10,50,4,100000,33,0.00033,67,0.00067
10,50,5,100000,36,0.00036,65,0.00065
11,-50,0,100000,25,0.00025,71,0.00071
11,-50,1,100000,34,0.00034,75,0.00075
11,-50,2,100000,30,0.0003,90,0.0009
11,-50,3,100000,25,0.00025,76,0.00076
11,-50,4,100000,40,0.0004,77,0.00077
11,-50,5,100000,22,0.00022,68,0.00068
11,-49,0,100000,40,0.0004,69,0.00069
11,-49,1,100000,38,0.00038,84,0.00084
11,-49,2,100000,20,0.0002,64,0.00064
11,-49,3,100000,51,0.00051,72,0.00072
11,-49,4,100000,38,0.00038,87,0.00087
11,-49,5,100000,27,0.00027,72,0.00072
11,-48,0,100000,14,0.00014,71,0.00071
11,-48,1,100000,33,0.00033,78,0.00078
11,-48,2,100000,32,0.00032,72,0.00072
11,-48,3,100000,23,0.00023,71,0.00071
11,-48,4,100000,28,0.00028,66,0.00066
11,-48,5,100000,30,0.0003,80,0.0008
11,-47,0,100000,27,0.00027,70,0.0007
11,-47,1,100000,34,0.00034,86,0.00086
11,-47,2,100000,32,0.00032,79,0.00079
11,-47,3,100000,48,0.00048,69,0.00069
11,-47,4,100000,28,0.00028,60,0.0006
11,-47,5,100000,46,0.00046,96,0.00096
11,-46,0,100000,26,0.00026,77,0.00077
11,-46,1,100000,51,0.00051,85,0.00085
11,-46,2,100000,24,0.00024,71,0.00071
11,-46,3,100000,51,0.00051,87,0.00087
11,-46,4,100000,40,0.0004,89,0.00089
11,-46,5,100000,35,0.00035,72,0.00072
11,-45,0,100000,20,0.0002,77,0.00077
11,-45,1,100000,39,0.00039,63,0.00063
11,-45,2,100000,58,0.00058,69,0.00069
11,-45,3,100000,19,0.00019,76,0.00076
11,-45,4,100000,57,0.00057,81,0.00081
11,-45,5,100000,28,0.00028,80,0.0008
11,-44,0,100000,25,0.00025,81,0.00081
11,-44,1,100000,22,0.00022,84,0.00084
11,-44,2,100000,42,0.00042,80,0.0008
11,-44,3,100000,46,0.00046,72,0.00072
11,-44,4,100000,47,0.00047,79,0.00079
11,-44,5,100000,36,0.00036,83,0.00083
11,-43,0,100000,35,0.00035,90,0.0009
11,-43,1,100000,30,0.0003,70,0.0007
11,-43,2,100000,39,0.00039,75,0.00075
11,-43,3,100000,32,0.00032,85,0.00085
11,-43,4,100000,32,0.00032,87,0.00087
11,-43,5,100000,42,0.00042,101,0.00101
11,-42,0,100000,49,0.00049,79,0.00079
11,-42,1,100000,33,0.00033,85,0.00085
11,-42,2,100000,43,0.00043,90,0.0009
11,-42,3,100000,42,0.00042,101,0.00101
11,-42,4,100000,58,0.00058,126,0.00126
11,-42,5,100000,65,0.00065,141,0.00141
11,-41,0,100000,151,0.00151,312,0.00312
11,-41,1,100000,163,0.00163,292,0.00292
11,-41,2,100000,129,0.00129,228,0.00228
11,-41,3,100000,117,0.00117,214,0.00214
11,-41,4,100000,148,0.00148,325,0.00325
11,-41,5,100000,149,0.00149,310,0.0031
11,-40,0,100000,317,0.00317,665,0.00665
11,-40,1,100000,410,0.0041,719,0.00719
11,-40,2,100000,301,0.00301,540,0.0054
11,-40,3,100000,238,0.00238,417,0.00417
11,-40,4,100000,314,0.00314,610,0.0061
11,-40,5,100000,323,0.00323,654,0.00654
11,-39,0,100000,581,0.00581,1110,0.0111
11,-39,1,100000,568,0.00568,1103,0.01103
11,-39,2,100000,424,0.00424,769,0.00769
11,-39,3,100000,378,0.00378,644,0.00644
11,-39,4,100000,461,0.00461,912,0.00912
11,-39,5,100000,515,0.00515,1034,0.01034
11,-38,0,100000,690,0.0069,1348,0.01348
11,-38,1,100000,666,0.00666,1312,0.01312
11,-38,2,100000,521,0.00521,912,0.00912
11,-38,3,100000,360,0.0036,734,0.00734
11,-38,4,100000,467,0.00467,988,0.00988
11,-38,5,100000,611,0.00611,1272,0.01272
11,-37,0,100000,658,0.00658,1337,0.01337
11,-37,1,100000,717,0.00717,1336,0.01336
11,-37,2,100000,548,0.00548,998,0.00998
11,-37,3,100000,352,0.00352,726,0.00726
11,-37,4,100000,478,0.00478,938,0.00938
11,-37,5,100000,657,0.00657,1301,0.01301
11,-36,0,100000,717,0.00717,1416,0.01416
11,-36,1,100000,609,0.00609,1243,0.01243
11,-36,2,100000,507,0.00507,1033,0.01033
11,-36,3,100000,411,0.00411,753,0.00753
11,-36,4,100000,488,0.00488,943,0.00943
11,-36,5,100000,652,0.00652,1306,0.01306
11,-35,0,100000,736,0.00736,1419,0.01419
11,-35,1,100000,593,0.00593,1183,0.01183
11,-35,2,100000,527,0.00527,947,0.00947
11,-35,3,100000,381,0.00381,734,0.00734
11,-35,4,100000,504,0.00504,918,0.00918
11,-35,5,100000,608,0.00608,1245,0.01245
11,-34,0,100000,687,0.00687,1367,0.01367
11,-34,1,100000,659,0.00659,1253,0.01253
11,-34,2,100000,455,0.00455,883,0.00883
11,-34,3,100000,382,0.00382,767,0.00767
11,-34,4,100000,456,0.00456,969,0.00969
11,-34,5,100000,653,0.00653,1271,0.01271
11,-33,0,100000,724,0.00724,1398,0.01398
11,-33,1,100000,629,0.00629,1204,0.01204
11,-33,2,100000,466,0.00466,952,0.00952
11,-33,3,100000,390,0.0039,730,0.0073
11,-33,4,100000,506,0.00506,916,0.00916
11,-33,5,100000,659,0.00659,1269,0.01269
11,-32,0,100000,712,0.00712,1456,0.01456
11,-32,1,100000,589,0.00589,1265,0.01265
11,-32,2,100000,481,0.00481,932,0.00932
11,-32,3,100000,411,0.00411,756,0.00756
11,-32,4,100000,525,0.00525,944,0.00944
11,-32,5,100000,625,0.00625,1269,0.01269
11,-31,0,100000,703,0.00703,1377,0.01377
11,-31,1,100000,677,0.00677,1271,0.01271
11,-31,2,100000,500,0.005,947,0.00947
11,-31,3,100000,407,0.00407,752,0.00752
11,-31,4,100000,501,0.00501,991,0.00991
11,-31,5,100000,689,0.00689,1358,0.01358
11,-30,0,100000,734,0.00734,1400,0.014
11,-30,1,100000,622,0.00622,1243,0.01243
11,-30,2,100000,472,0.00472,897,0.00897
11,-30,3,100000,369,0.00369,734,0.00734
11,-30,4,100000,523,0.00523,963,0.00963
11,-30,5,100000,679,0.00679,1309,0.01309
11,-29,0,100000,650,0.0065,1344,0.01344
11,-29,1,100000,635,0.00635,1294,0.01294
11,-29,2,100000,482,0.00482,912,0.00912
11,-29,3,100000,371,0.00371,738,0.00738
11,-29,4,100000,501,0.00501,913,0.00913
11,-29,5,100000,583,0.00583,1247,0.01247
11,-28,0,100000,710,0.0071,1472,0.01472
11,-28,1,100000,577,0.00577,1303,0.01303
11,-28,2,100000,460,0.0046,919,0.00919
11,-28,3,100000,429,0.00429,760,0.0076
11,-28,4,100000,475,0.00475,916,0.00916
11,-28,5,100000,668,0.00668,1293,0.01293
11,-27,0,100000,679,0.00679,1358,0.01358
11,-27,1,100000,644,0.00644,1274,0.01274
11,-27,2,100000,477,0.00477,927,0.00927
11,-27,3,100000,418,0.00418,758,0.00758
11,-27,4,100000,514,0.00514,918,0.00918
11,-27,5,100000,625,0.00625,1242,0.01242
11,-26,0,100000,708,0.00708,1455,0.01455
11,-26,1,100000,640,0.0064,1268,0.01268
11,-26,2,100000,523,0.00523,994,0.00994
11,-26,3,100000,349,0.00349,707,0.00707
11,-26,4,100000,500,0.005,960,0.0096
11,-26,5,100000,656,0.00656,1259,0.01259
11,-25,0,100000,667,0.00667,1300,0.013
11,-25,1,100000,638,0.00638,1316,0.01316
11,-25,2,100000,476,0.00476,917,0.00917
11,-25,3,100000,383,0.00383,759,0.00759
11,-25,4,100000,476,0.00476,952,0.00952
11,-25,5,100000,618,0.00618,1291,0.01291
11,-24,0,100000,661,0.00661,1419,0.01419
11,-24,1,100000,635,0.00635,1246,0.01246
11,-24,2,100000,463,0.00463,924,0.00924
11,-24,3,100000,420,0.0042,780,0.0078
11,-24,4,100000,487,0.00487,942,0.00942
11,-24,5,100000,651,0.00651,1255,0.01255
11,-23,0,100000,798,0.00798,1484,0.01484
11,-23,1,100000,627,0.00627,1262,0.01262
11,-23,2,100000,514,0.00514,969,0.00969
11,-23,3,100000,422,0.00422,792,0.00792
11,-23,4,100000,476,0.00476,918,0.00918
11,-23,5,100000,638,0.00638,1319,0.01319
11,-22,0,100000,636,0.00636,1362,0.01362
11,-22,1,100000,615,0.00615,1242,0.01242
11,-22,2,100000,489,0.00489,944,0.00944
11,-22,3,100000,417,0.00417,797,0.00797
11,-22,4,100000,490,0.0049,991,0.00991
11,-22,5,100000,645,0.00645,1278,0.01278
11,-21,0,100000,716,0.00716,1409,0.01409
11,-21,1,100000,615,0.00615,1258,0.01258
11,-21,2,100000,466,0.00466,905,0.00905
11,-21,3,100000,402,0.00402,765,0.00765
11,-21,4,100000,511,0.00511,929,0.00929
11,-21,5,100000,620,0.0062,1226,0.01226
11,-20,0,100000,688,0.00688,1367,0.01367
11,-20,1,100000,603,0.00603,1280,0.0128
11,-20,2,100000,508,0.00508,966,0.00966
11,-20,3,100000,374,0.00374,781,0.00781
11,-20,4,100000,477,0.00477,908,0.00908
11,-20,5,100000,680,0.0068,1303,0.01303
11,-19,0,100000,698,0.00698,1447,0.01447
11,-19,1,100000,637,0.00637,1296,0.01296
11,-19,2,100000,491,0.00491,923,0.00923
11,-19,3,100000,450,0.0045,776,0.00776
11,-19,4,100000,527,0.00527,950,0.0095
11,-19,5,100000,612,0.00612,1224,0.01224
11,-18,0,100000,620,0.0062,1312,0.01312
11,-18,1,100000,615,0.00615,1288,0.01288
11,-18,2,100000,471,0.00471,972,0.00972
11,-18,3,100000,381,0.00381,759,0.00759
11,-18,4,100000,460,0.0046,872,0.00872
11,-18,5,100000,638,0.00638,1266,0.01266
11,-17,0,100000,639,0.00639,1397,0.01397
11,-17,1,100000,570,0.0057,1236,0.01236
11,-17,2,100000,487,0.00487,1015,0.01015
11,-17,3,100000,374,0.00374,736,0.00736
11,-17,4,100000,517,0.00517,1004,0.01004
11,-17,5,100000,625,0.00625,1225,0.01225
11,-16,0,100000,706,0.00706,1350,0.0135
11,-16,1,100000,628,0.00628,1203,0.01203
11,-16,2,100000,527,0.00527,949,0.00949
11,-16,3,100000,421,0.00421,770,0.0077
11,-16,4,100000,461,0.00461,895,0.00895
11,-16,5,100000,647,0.00647,1264,0.01264
11,-15,0,100000,675,0.00675,1389,0.01389
11,-15,1,100000,663,0.00663,1243,0.01243
11,-15,2,100000,500,0.005,929,0.00929
11,-15,3,100000,383,0.00383,709,0.00709
11,-15,4,100000,513,0.00513,946,0.00946
11,-15,5,100000,627,0.00627,1220,0.0122
11,-14,0,100000,754,0.00754,1475,0.01475
11,-14,1,100000,592,0.00592,1222,0.01222
11,-14,2,100000,467,0.00467,913,0.00913
11,-14,3,100000,415,0.00415,756,0.00756
11,-14,4,100000,466,0.00466,884,0.00884
11,-14,5,100000,638,0.00638,1270,0.0127
11,-13,0,100000,693,0.00693,1414,0.01414
11,-13,1,100000,647,0.00647,1269,0.01269
11,-13,2,100000,491,0.00491,953,0.00953
11,-13,3,100000,355,0.00355,727,0.00727
11,-13,4,100000,505,0.00505,972,0.00972
11,-13,5,100000,632,0.00632,1230,0.0123
11,-12,0,100000,707,0.00707,1419,0.01419
11,-12,1,100000,641,0.00641,1256,0.01256
11,-12,2,100000,495,0.00495,963,0.00963
11,-12,3,100000,401,0.00401,702,0.00702
11,-12,4,100000,526,0.00526,929,0.00929
11,-12,5,100000,592,0.00592,1259,0.01259
11,-11,0,100000,589,0.00589,1324,0.01324
11,-11,1,100000,691,0.00691,1310,0.0131
11,-11,2,100000,441,0.00441,938,0.00938
11,-11,3,100000,376,0.00376,766,0.00766
11,-11,4,100000,466,0.00466,927,0.00927
11,-11,5,100000,632,0.00632,1256,0.01256
11,-10,0,100000,633,0.00633,1362,0.01362
11,-10,1,100000,639,0.00639,1284,0.01284
11,-10,2,100000,456,0.00456,958,0.00958
11,-10,3,100000,394,0.00394,751,0.00751
11,-10,4,100000,419,0.00419,916,0.00916
11,-10,5,100000,595,0.00595,1248,0.01248
11,-9,0,100000,693,0.00693,1375,0.01375
11,-9,1,100000,635,0.00635,1186,0.01186
11,-9,2,100000,526,0.00526,980,0.0098
11,-9,3,100000,427,0.00427,778,0.00778
11,-9,4,100000,493,0.00493,915,0.00915
11,-9,5,100000,641,0.00641,1286,0.01286
11,-8,0,100000,680,0.0068,1359,0.01359
11,-8,1,100000,697,0.00697,1288,0.01288
11,-8,2,100000,465,0.00465,963,0.00963
11,-8,3,100000,391,0.00391,733,0.00733
11,-8,4,100000,464,0.00464,955,0.00955
11,-8,5,100000,628,0.00628,1235,0.01235
11,-7,0,100000,686,0.00686,1396,0.01396
11,-7,1,100000,664,0.00664,1298,0.01298
11,-7,2,100000,428,0.00428,927,0.00927
11,-7,3,100000,395,0.00395,767,0.00767
11,-7,4,100000,476,0.00476,975,0.00975
11,-7,5,100000,634,0.00634,1271,0.01271
11,-6,0,100000,750,0.0075,1419,0.01419
11,-6,1,100000,666,0.00666,1327,0.01327
11,-6,2,100000,483,0.00483,933,0.00933
11,-6,3,100000,372,0.00372,763,0.00763
11,-6,4,100000,456,0.00456,916,0.00916
11,-6,5,100000,621,0.00621,1241,0.01241
11,-5,0,100000,688,0.00688,1400,0.014
11,-5,1,100000,618,0.00618,1302,0.01302
11,-5,2,100000,476,0.00476,923,0.00923
11,-5,3,100000,385,0.00385,722,0.00722
11,-5,4,100000,470,0.0047,925,0.00925
11,-5,5,100000,626,0.00626,1211,0.01211
11,-4,0,100000,705,0.00705,1408,0.01408
11,-4,1,100000,660,0.0066,1288,0.01288
11,-4,2,100000,471,0.00471,942,0.00942
11,-4,3,100000,429,0.00429,750,0.0075
11,-4,4,100000,491,0.00491,914,0.00914
11,-4,5,100000,618,0.00618,1223,0.01223
11,-3,0,100000,721,0.00721,1448,0.01448
11,-3,1,100000,606,0.00606,1282,0.01282
11,-3,2,100000,503,0.00503,923,0.00923
11,-3,3,100000,363,0.00363,727,0.00727
11,-3,4,100000,526,0.00526,944,0.00944
11,-3,5,100000,581,0.00581,1210,0.0121
11,-2,0,100000,722,0.00722,1351,0.01351
11,-2,1,100000,640,0.0064,1213,0.01213
11,-2,2,100000,535,0.00535,955,0.00955
11,-2,3,100000,435,0.00435,762,0.00762
11,-2,4,100000,524,0.00524,964,0.00964
11,-2,5,100000,646,0.00646,1256,0.01256
11,-1,0,100000,687,0.00687,1437,0.01437
11,-1,1,100000,654,0.00654,1276,0.01276
11,-1,2,100000,542,0.00542,983,0.00983
11,-1,3,100000,423,0.00423,765,0.00765
11,-1,4,100000,530,0.0053,983,0.00983
11,-1,5,100000,637,0.00637,1324,0.01324
11,0,0,100000,688,0.00688,1363,0.01363
11,0,1,100000,609,0.00609,1222,0.01222
11,0,2,100000,432,0.00432,942,0.00942
11,0,3,100000,437,0.00437,761,0.00761
11,0,4,100000,473,0.00473,906,0.00906
11,0,5,100000,620,0.0062,1281,0.01281
11,1,0,100000,658,0.00658,1360,0.0136
11,1,1,100000,601,0.00601,1212,0.01212
11,1,2,100000,479,0.00479,955,0.00955
11,1,3,100000,398,0.00398,772,0.00772
11,1,4,100000,499,0.00499,976,0.00976
11,1,5,100000,645,0.00645,1307,0.01307
11,2,0,100000,724,0.00724,1430,0.0143
11,2,1,100000,613,0.00613,1236,0.01236
11,2,2,100000,435,0.00435,935,0.00935
11,2,3,100000,378,0.00378,772,0.00772
11,2,4,100000,491,0.00491,900,0.009
11,2,5,100000,642,0.00642,1329,0.01329
11,3,0,100000,700,0.007,1450,0.0145
11,3,1,100000,658,0.00658,1281,0.01281
11,3,2,100000,501,0.00501,942,0.00942
11,3,3,100000,430,0.0043,744,0.00744
11,3,4,100000,516,0.00516,947,0.00947
11,3,5,100000,671,0.00671,1306,0.01306
11,4,0,100000,673,0.00673,1392,0.01392
11,4,1,100000,643,0.00643,1253,0.01253
11,4,2,100000,503,0.00503,920,0.0092
11,4,3,100000,390,0.0039,733,0.00733
11,4,4,100000,533,0.00533,987,0.00987
11,4,5,100000,584,0.00584,1209,0.01209
11,5,0,100000,616,0.00616,1315,0.01315
11,5,1,100000,647,0.00647,1284,0.01284
11,5,2,100000,508,0.00508,961,0.00961
11,5,3,100000,426,0.00426,800,0.008
11,5,4,100000,521,0.00521,978,0.00978
11,5,5,100000,634,0.00634,1311,0.01311
11,6,0,100000,691,0.00691,1401,0.01401
11,6,1,100000,652,0.00652,1250,0.0125
11,6,2,100000,437,0.00437,921,0.00921
11,6,3,100000,392,0.00392,723,0.00723
11,6,4,100000,472,0.00472,917,0.00917
11,6,5,100000,593,0.00593,1236,0.01236
11,7,0,100000,681,0.00681,1376,0.01376
11,7,1,100000,611,0.00611,1230,0.0123
11,7,2,100000,454,0.00454,932,0.00932
11,7,3,100000,383,0.00383,738,0.00738
11,7,4,100000,526,0.00526,981,0.00981
11,7,5,100000,644,0.00644,1284,0.01284
11,8,0,100000,693,0.00693,1400,0.014
11,8,1,100000,596,0.00596,1229,0.01229
11,8,2,100000,453,0.00453,955,0.00955
11,8,3,100000,434,0.00434,771,0.00771
11,8,4,100000,511,0.00511,988,0.00988
11,8,5,100000,651,0.00651,1295,0.01295
11,9,0,100000,659,0.00659,1364,0.01364
11,9,1,100000,695,0.00695,1334,0.01334
11,9,2,100000,484,0.00484,952,0.00952
11,9,3,100000,419,0.00419,721,0.00721
11,9,4,100000,444,0.00444,917,0.00917
11,9,5,100000,602,0.00602,1290,0.0129
11,10,0,100000,686,0.00686,1427,0.01427
11,10,1,100000,588,0.00588,1181,0.01181
11,10,2,100000,477,0.00477,906,0.00906
11,10,3,100000,389,0.00389,746,0.00746
11,10,4,100000,500,0.005,942,0.00942
11,10,5,100000,653,0.00653,1288,0.01288
11,11,0,100000,676,0.00676,1390,0.0139
11,11,1,100000,658,0.00658,1294,0.01294
11,11,2,100000,478,0.00478,919,0.00919
11,11,3,100000,390,0.0039,759,0.00759
11,11,4,100000,517,0.00517,903,0.00903
11,11,5,100000,635,0.00635,1250,0.0125
11,12,0,100000,681,0.00681,1362,0.01362
11,12,1,100000,692,0.00692,1301,0.01301
11,12,2,100000,461,0.00461,936,0.00936
11,12,3,100000,400,0.004,778,0.00778
11,12,4,100000,475,0.00475,876,0.00876
11,12,5,100000,636,0.00636,1318,0.01318
11,13,0,100000,630,0.0063,1401,0.01401
11,13,1,100000,643,0.00643,1230,0.0123
11,13,2,100000,490,0.0049,931,0.00931
11,13,3,100000,391,0.00391,722,0.00722
11,13,4,100000,497,0.00497,947,0.00947
11,13,5,100000,682,0.00682,1344,0.01344
11,14,0,100000,688,0.00688,1414,0.01414
11,14,1,100000,673,0.00673,1286,0.01286
11,14,2,100000,492,0.00492,930,0.0093
11,14,3,100000,417,0.00417,768,0.00768
11,14,4,100000,435,0.00435,907,0.00907
11,14,5,100000,622,0.00622,1328,0.01328
11,15,0,100000,714,0.00714,1416,0.01416
11,15,1,100000,615,0.00615,1256,0.01256
11,15,2,100000,505,0.00505,950,0.0095
11,15,3,100000,386,0.00386,735,0.00735
11,15,4,100000,496,0.00496,987,0.00987
11,15,5,100000,663,0.00663,1285,0.01285
11,16,0,100000,640,0.0064,1382,0.01382
11,16,1,100000,621,0.00621,1267,0.01267
11,16,2,100000,507,0.00507,978,0.00978
11,16,3,100000,431,0.00431,790,0.0079
11,16,4,100000,527,0.00527,972,0.00972
11,16,5,100000,601,0.00601,1232,0.01232
11,17,0,100000,654,0.00654,1396,0.01396
11,17,1,100000,624,0.00624,1277,0.01277
11,17,2,100000,490,0.0049,971,0.00971
11,17,3,100000,394,0.00394,742,0.00742
11,17,4,100000,451,0.00451,889,0.00889
11,17,5,100000,682,0.00682,1315,0.01315
11,18,0,100000,697,0.00697,1382,0.01382
11,18,1,100000,630,0.0063,1260,0.0126
11,18,2,100000,502,0.00502,940,0.0094
11,18,3,100000,366,0.00366,734,0.00734
11,18,4,100000,494,0.00494,930,0.0093
11,18,5,100000,655,0.00655,1266,0.01266
11,19,0,100000,695,0.00695,1402,0.01402
11,19,1,100000,663,0.00663,1307,0.01307
11,19,2,100000,432,0.00432,887,0.00887
11,19,3,100000,410,0.0041,763,0.00763
11,19,4,100000,495,0.00495,956,0.00956
11,19,5,100000,686,0.00686,1275,0.01275
11,20,0,100000,662,0.00662,1390,0.0139
11,20,1,100000,593,0.00593,1267,0.01267
11,20,2,100000,493,0.00493,920,0.0092
11,20,3,100000,428,0.00428,752,0.00752
11,20,4,100000,457,0.00457,918,0.00918
11,20,5,100000,578,0.00578,1231,0.01231
11,21,0,100000,687,0.00687,1377,0.01377
11,21,1,100000,591,0.00591,1219,0.01219
11,21,2,100000,447,0.00447,914,0.00914
11,21,3,100000,421,0.00421,746,0.00746
11,21,4,100000,492,0.00492,942,0.00942
11,21,5,100000,706,0.00706,1288,0.01288
11,22,0,100000,695,0.00695,1402,0.01402
11,22,1,100000,577,0.00577,1220,0.0122
11,22,2,100000,493,0.00493,944,0.00944
11,22,3,100000,395,0.00395,724,0.00724
11,22,4,100000,448,0.00448,917,0.00917
11,22,5,100000,663,0.00663,1265,0.01265
11,23,0,100000,691,0.00691,1424,0.01424
11,23,1,100000,613,0.00613,1263,0.01263
11,23,2,100000,465,0.00465,944,0.00944
11,23,3,100000,390,0.0039,744,0.00744
11,23,4,100000,515,0.00515,967,0.00967
11,23,5,100000,701,0.00701,1261,0.01261
11,24,0,100000,700,0.007,1421,0.01421
11,24,1,100000,645,0.00645,1238,0.01238
11,24,2,100000,477,0.00477,992,0.00992
11,24,3,100000,388,0.00388,724,0.00724
11,24,4,100000,471,0.00471,958,0.00958
11,24,5,100000,659,0.00659,1314,0.01314
11,25,0,100000,668,0.00668,1378,0.01378
11,25,1,100000,645,0.00645,1266,0.01266
11,25,2,100000,478,0.00478,934,0.00934
11,25,3,100000,399,0.00399,726,0.00726
11,25,4,100000,501,0.00501,941,0.00941
11,25,5,100000,689,0.00689,1279,0.01279
11,26,0,100000,660,0.0066,1332,0.01332
11,26,1,100000,655,0.00655,1279,0.01279
11,26,2,100000,450,0.0045,915,0.00915
11,26,3,100000,391,0.00391,734,0.00734
11,26,4,100000,462,0.00462,921,0.00921
11,26,5,100000,665,0.00665,1255,0.01255
11,27,0,100000,649,0.00649,1332,0.01332
11,27,1,100000,664,0.00664,1289,0.01289
11,27,2,100000,457,0.00457,895,0.00895
11,27,3,100000,413,0.00413,765,0.00765
11,27,4,100000,479,0.00479,929,0.00929
11,27,5,100000,664,0.00664,1267,0.01267
11,28,0,100000,688,0.00688,1381,0.01381
11,28,1,100000,671,0.00671,1304,0.01304
11,28,2,100000,521,0.00521,935,0.00935
11,28,3,100000,394,0.00394,761,0.00761
11,28,4,100000,488,0.00488,957,0.00957
11,28,5,100000,657,0.00657,1268,0.01268
11,29,0,100000,720,0.0072,1394,0.01394
11,29,1,100000,637,0.00637,1294,0.01294
11,29,2,100000,496,0.00496,947,0.00947
11,29,3,100000,427,0.00427,743,0.00743
11,29,4,100000,426,0.00426,938,0.00938
11,29,5,100000,689,0.00689,1298,0.01298
11,30,0,100000,659,0.00659,1408,0.01408
11,30,1,100000,664,0.00664,1282,0.01282
11,30,2,100000,447,0.00447,915,0.00915
11,30,3,100000,410,0.0041,760,0.0076
11,30,4,100000,517,0.00517,958,0.00958
11,30,5,100000,643,0.00643,1192,0.01192
11,31,0,100000,747,0.00747,1421,0.01421
11,31,1,100000,603,0.00603,1282,0.01282
11,31,2,100000,438,0.00438,929,0.00929
11,31,3,100000,404,0.00404,751,0.00751
11,31,4,100000,525,0.00525,940,0.0094
11,31,5,100000,652,0.00652,1261,0.01261
11,32,0,100000,738,0.00738,1364,0.01364
11,32,1,100000,609,0.00609,1281,0.01281
11,32,2,100000,478,0.00478,949,0.00949
11,32,3,100000,365,0.00365,784,0.00784
11,32,4,100000,451,0.00451,916,0.00916
11,32,5,100000,615,0.00615,1274,0.01274
11,33,0,100000,741,0.00741,1451,0.01451
11,33,1,100000,610,0.0061,1211,0.01211
11,33,2,100000,475,0.00475,934,0.00934
11,33,3,100000,412,0.00412,778,0.00778
11,33,4,100000,460,0.0046,960,0.0096
11,33,5,100000,638,0.00638,1223,0.01223
11,34,0,100000,716,0.00716,1399,0.01399
11,34,1,100000,672,0.00672,1276,0.01276
11,34,2,100000,514,0.00514,965,0.00965
11,34,3,100000,377,0.00377,774,0.00774
11,34,4,100000,444,0.00444,901,0.00901
11,34,5,100000,644,0.00644,1292,0.01292
11,35,0,100000,670,0.0067,1408,0.01408
11,35,1,100000,634,0.00634,1276,0.01276
11,35,2,100000,508,0.00508,929,0.00929
11,35,3,100000,379,0.00379,725,0.00725
11,35,4,100000,457,0.00457,927,0.00927
11,35,5,100000,594,0.00594,1286,0.01286
11,36,0,100000,741,0.00741,1456,0.01456
11,36,1,100000,675,0.00675,1281,0.01281
11,36,2,100000,500,0.005,933,0.00933
11,36,3,100000,361,0.00361,730,0.0073
11,36,4,100000,503,0.00503,914,0.00914
11,36,5,100000,680,0.0068,1262,0.01262
11,37,0,100000,674,0.00674,1404,0.01404
11,37,1,100000,652,0.00652,1276,0.01276
11,37,2,100000,502,0.00502,957,0.00957
11,37,3,100000,376,0.00376,701,0.00701
11,37,4,100000,447,0.00447,891,0.00891
11,37,5,100000,666,0.00666,1238,0.01238
11,38,0,100000,618,0.00618,1276,0.01276
11,38,1,100000,635,0.00635,1257,0.01257
11,38,2,100000,529,0.00529,1008,0.01008
11,38,3,100000,386,0.00386,735,0.00735
11,38,4,100000,518,0.00518,954,0.00954
11,38,5,100000,604,0.00604,1243,0.01243
11,39,0,100000,532,0.00532,1098,0.01098
11,39,1,100000,559,0.00559,1073,0.01073
11,39,2,100000,474,0.00474,885,0.00885
11,39,3,100000,324,0.00324,624,0.00624
11,39,4,100000,460,0.0046,829,0.00829
11,39,5,100000,582,0.00582,1099,0.01099
11,40,0,100000,341,0.00341,654,0.00654
11,40,1,100000,348,0.00348,681,0.00681
11,40,2,100000,353,0.00353,615,0.00615
11,40,3,100000,223,0.00223,400,0.004
11,40,4,100000,262,0.00262,504,0.00504
11,40,5,100000,403,0.00403,712,0.00712
11,41,0,100000,152,0.00152,310,0.0031
11,41,1,100000,158,0.00158,345,0.00345
11,41,2,100000,213,0.00213,366,0.00366
11,41,3,100000,126,0.00126,240,0.0024
11,41,4,100000,137,0.00137,222,0.00222
11,41,5,100000,149,0.00149,287,0.00287
11,42,0,100000,48,0.00048,96,0.00096
11,42,1,100000,58,0.00058,125,0.00125
11,42,2,100000,54,0.00054,120,0.0012
11,42,3,100000,67,0.00067,100,0.001
11,42,4,100000,24,0.00024,64,0.00064
11,42,5,100000,33,0.00033,90,0.0009
11,43,0,100000,36,0.00036,85,0.00085
11,43,1,100000,41,0.00041,82,0.00082
11,43,2,100000,26,0.00026,87,0.00087
11,43,3,100000,37,0.00037,72,0.00072
11,43,4,100000,27,0.00027,70,0.0007
11,43,5,100000,34,0.00034,75,0.00075
11,44,0,100000,41,0.00041,88,0.00088
11,44,1,100000,38,0.00038,91,0.00091
11,44,2,100000,50,0.0005,92,0.00092
11,44,3,100000,31,0.00031,76,0.00076
11,44,4,100000,50,0.0005,80,0.0008
11,44,5,100000,46,0.00046,86,0.00086
11,45,0,100000,25,0.00025,80,0.0008
11,45,1,100000,27,0.00027,62,0.00062
11,45,2,100000,28,0.00028,84,0.00084
11,45,3,100000,38,0.00038,88,0.00088
11,45,4,100000,20,0.0002,89,0.00089
11,45,5,100000,41,0.00041,97,0.00097
11,46,0,100000,41,0.00041,75,0.00075
11,46,1,100000,24,0.00024,77,0.00077
11,46,2,100000,25,0.00025,74,0.00074
11,46,3,100000,21,0.00021,64,0.00064
11,46,4,100000,35,0.00035,76,0.00076
11,46,5,100000,44,0.00044,81,0.00081
11,47,0,100000,35,0.00035,69,0.00069
11,47,1,100000,39,0.00039,88,0.00088
11,47,2,100000,28,0.00028,74,0.00074
11,47,3,100000,27,0.00027,77,0.00077
11,47,4,100000,29,0.00029,86,0.00086
11,47,5,100000,24,0.00024,90,0.0009
11,48,0,100000,38,0.00038,72,0.00072
11,48,1,100000,24,0.00024,85,0.00085
11,48,2,100000,42,0.00042,78,0.00078
11,48,3,100000,19,0.00019,57,0.00057
11,48,4,100000,46,0.00046,90,0.0009
11,48,5,100000,20,0.0002,72,0.00072
11,49,0,100000,52,0.00052,80,0.0008
11,49,1,100000,29,0.00029,73,0.00073
11,49,2,100000,42,0.00042,81,0.00081
11,49,3,100000,20,0.0002,80,0.0008
11,49,4,100000,31,0.00031,71,0.00071
11,49,5,100000,21,0.00021,49,0.00049
11,50,0,100000,35,0.00035,73,0.00073
11,50,1,100000,34,0.00034,68,0.00068
11,50,2,100000,18,0.00018,59,0.00059
11,50,3,100000,14,0.00014,65,0.00065
11,50,4,100000,28,0.00028,63,0.00063
11,50,5,100000,43,0.00043,80,0.0008
12,-50,0,100000,17,0.00017,49,0.00049
12,-50,1,100000,17,0.00017,68,0.00068
12,-50,2,100000,36,0.00036,76,0.00076
12,-50,3,100000,29,0.00029,66,0.00066
12,-50,4,100000,22,0.00022,75,0.00075
12,-50,5,100000,36,0.00036,88,0.00088
12,-49,0,100000,38,0.00038,64,0.00064
12,-49,1,100000,45,0.00045,75,0.00075
12,-49,2,100000,32,0.00032,76,0.00076
12,-49,3,100000,20,0.0002,71,0.00071
12,-49,4,100000,35,0.00035,64,0.00064
12,-49,5,100000,14,0.00014,60,0.0006
12,-48,0,100000,32,0.00032,83,0.00083
12,-48,1,100000,22,0.00022,71,0.00071
12,-48,2,100000,29,0.00029,78,0.00078
12,-48,3,100000,28,0.00028,78,0.00078
12,-48,4,100000,18,0.00018,62,0.00062
12,-48,5,100000,38,0.00038,84,0.00084
12,-47,0,100000,7,7e-05,57,0.00057
12,-47,1,100000,26,0.00026,69,0.00069
12,-47,2,100000,39,0.00039,82,0.00082
12,-47,3,100000,44,0.00044,94,0.00094
12,-47,4,100000,29,0.00029,75,0.00075
12,-47,5,100000,44,0.00044,76,0.00076
12,-46,0,100000,30,0.0003,92,0.00092
12,-46,1,100000,28,0.00028,79,0.00079
12,-46,2,100000,25,0.00025,75,0.00075
12,-46,3,100000,35,0.00035,81,0.00081
12,-46,4,100000,22,0.00022,64,0.00064
12,-46,5,100000,35,0.00035,79,0.00079
12,-45,0,100000,28,0.00028,82,0.00082
12,-45,1,100000,34,0.00034,76,0.00076
12,-45,2,100000,20,0.0002,80,0.0008
12,-45,3,100000,36,0.00036,89,0.00089
12,-45,4,100000,24,0.00024,86,0.00086
12,-45,5,100000,31,0.00031,83,0.00083
12,-44,0,100000,38,0.00038,88,0.00088
12,-44,1,100000,44,0.00044,70,0.0007
12,-44,2,100000,15,0.00015,91,0.00091
12,-44,3,100000,28,0.00028,82,0.00082
12,-44,4,100000,26,0.00026,86,0.00086
12,-44,5,100000,40,0.0004,80,0.0008
12,-43,0,100000,36,0.00036,67,0.00067
12,-43,1,100000,28,0.00028,79,0.00079
12,-43,2,100000,26,0.00026,74,0.00074
12,-43,3,100000,30,0.0003,87,0.00087
12,-43,4,100000,48,0.00048,95,0.00095
12,-43,5,100000,32,0.00032,91,0.00091
12,-42,0,100000,97,0.00097,143,0.00143
12,-42,1,100000,43,0.00043,89,0.00089
12,-42,2,100000,52,0.00052,89,0.00089
12,-42,3,100000,55,0.00055,114,0.00114
12,-42,4,100000,64,0.00064,129,0.00129
12,-42,5,100000,45,0.00045,139,0.00139
12,-41,0,100000,138,0.00138,300,0.003
12,-41,1,100000,122,0.00122,275,0.00275
12,-41,2,100000,114,0.00114,232,0.00232
12,-41,3,100000,103,0.00103,191,0.00191
12,-41,4,100000,177,0.00177,330,0.0033
12,-41,5,100000,166,0.00166,348,0.00348
12,-40,0,100000,293,0.00293,602,0.00602
12,-40,1,100000,364,0.00364,649,0.00649
12,-40,2,100000,241,0.00241,467,0.00467
12,-40,3,100000,193,0.00193,377,0.00377
12,-40,4,100000,287,0.00287,539,0.00539
12,-40,5,100000,321,0.00321,615,0.00615
12,-39,0,100000,542,0.00542,1033,0.01033
12,-39,1,100000,549,0.00549,1040,0.0104
12,-39,2,100000,422,0.00422,753,0.00753
12,-39,3,100000,312,0.00312,557,0.00557
12,-39,4,100000,409,0.00409,838,0.00838
12,-39,5,100000,482,0.00482,935,0.00935
12,-38,0,100000,604,0.00604,1197,0.01197
12,-38,1,100000,593,0.00593,1189,0.01189
12,-38,2,100000,448,0.00448,855,0.00855
12,-38,3,100000,339,0.00339,701,0.00701
12,-38,4,100000,475,0.00475,907,0.00907
12,-38,5,100000,531,0.00531,1121,0.01121
12,-37,0,100000,653,0.00653,1294,0.01294
12,-37,1,100000,575,0.00575,1133,0.01133
12,-37,2,100000,478,0.00478,900,0.009
12,-37,3,100000,367,0.00367,654,0.00654
12,-37,4,100000,425,0.00425,831,0.00831
12,-37,5,100000,561,0.00561,1189,0.01189
12,-36,0,100000,649,0.00649,1264,0.01264
12,-36,1,100000,499,0.00499,1109,0.01109
12,-36,2,100000,419,0.00419,827,0.00827
12,-36,3,100000,355,0.00355,719,0.00719
12,-36,4,100000,439,0.00439,836,0.00836
12,-36,5,100000,574,0.00574,1172,0.01172
12,-35,0,100000,618,0.00618,1301,0.01301
12,-35,1,100000,581,0.00581,1185,0.01185
12,-35,2,100000,382,0.00382,812,0.00812
12,-35,3,100000,417,0.00417,713,0.00713
12,-35,4,100000,412,0.00412,868,0.00868
12,-35,5,100000,560,0.0056,1167,0.01167
12,-34,0,100000,597,0.00597,1265,0.01265
12,-34,1,100000,564,0.00564,1169,0.01169
12,-34,2,100000,436,0.00436,880,0.0088
12,-34,3,100000,390,0.0039,695,0.00695
12,-34,4,100000,427,0.00427,823,0.00823
12,-34,5,100000,596,0.00596,1108,0.01108
12,-33,0,100000,608,0.00608,1232,0.01232
12,-33,1,100000,604,0.00604,1155,0.01155
12,-33,2,100000,448,0.00448,861,0.00861
12,-33,3,100000,320,0.0032,671,0.00671
12,-33,4,100000,397,0.00397,810,0.0081
12,-33,5,100000,542,0.00542,1098,0.01098
12,-32,0,100000,612,0.00612,1227,0.01227
12,-32,1,100000,582,0.00582,1178,0.01178
12,-32,2,100000,431,0.00431,874,0.00874
12,-32,3,100000,364,0.00364,681,0.00681
12,-32,4,100000,430,0.0043,889,0.00889
12,-32,5,100000,566,0.00566,1164,0.01164
12,-31,0,100000,589,0.00589,1226,0.01226
12,-31,1,100000,619,0.00619,1122,0.01122
12,-31,2,100000,428,0.00428,853,0.00853
12,-31,3,100000,321,0.00321,689,0.00689
12,-31,4,100000,461,0.00461,880,0.0088
12,-31,5,100000,611,0.00611,1226,0.01226
12,-30,0,100000,594,0.00594,1269,0.01269
12,-30,1,100000,571,0.00571,1203,0.01203
12,-30,2,100000,457,0.00457,857,0.00857
12,-30,3,100000,330,0.0033,691,0.00691
12,-30,4,100000,444,0.00444,879,0.00879
12,-30,5,100000,576,0.00576,1142,0.01142
12,-29,0,100000,638,0.00638,1244,0.01244
12,-29,1,100000,567,0.00567,1186,0.01186
12,-29,2,100000,466,0.00466,838,0.00838
12,-29,3,100000,372,0.00372,711,0.00711
12,-29,4,100000,430,0.0043,852,0.00852
12,-29,5,100000,527,0.00527,1134,0.01134
12,-28,0,100000,609,0.00609,1271,0.01271
12,-28,1,100000,561,0.00561,1141,0.01141
12,-28,2,100000,427,0.00427,829,0.00829
12,-28,3,100000,375,0.00375,689,0.00689
12,-28,4,100000,418,0.00418,826,0.00826
12,-28,5,100000,588,0.00588,1165,0.01165
12,-27,0,100000,551,0.00551,1197,0.01197
12,-27,1,100000,539,0.00539,1130,0.0113
12,-27,2,100000,441,0.00441,840,0.0084
12,-27,3,100000,362,0.00362,661,0.00661
12,-27,4,100000,414,0.00414,859,0.00859
12,-27,5,100000,547,0.00547,1124,0.01124
12,-26,0,100000,562,0.00562,1207,0.01207
12,-26,1,100000,588,0.00588,1231,0.01231
12,-26,2,100000,466,0.00466,855,0.00855
12,-26,3,100000,391,0.00391,729,0.00729
12,-26,4,100000,429,0.00429,867,0.00867
12,-26,5,100000,533,0.00533,1121,0.01121
12,-25,0,100000,601,0.00601,1199,0.01199
12,-25,1,100000,553,0.00553,1108,0.01108
12,-25,2,100000,427,0.00427,856,0.00856
12,-25,3,100000,353,0.00353,692,0.00692
12,-25,4,100000,418,0.00418,844,0.00844
12,-25,5,100000,562,0.00562,1138,0.01138
12,-24,0,100000,642,0.00642,1270,0.0127
12,-24,1,100000,577,0.00577,1129,0.01129
12,-24,2,100000,429,0.00429,862,0.00862
12,-24,3,100000,351,0.00351,664,0.00664
12,-24,4,100000,429,0.00429,861,0.00861
12,-24,5,100000,497,0.00497,1164,0.01164
12,-23,0,100000,655,0.00655,1340,0.0134
12,-23,1,100000,617,0.00617,1169,0.01169
12,-23,2,100000,397,0.00397,801,0.00801
12,-23,3,100000,378,0.00378,704,0.00704
12,-23,4,100000,447,0.00447,872,0.00872
12,-23,5,100000,617,0.00617,1242,0.01242
12,-22,0,100000,634,0.00634,1279,0.01279
12,-22,1,100000,624,0.00624,1196,0.01196
12,-22,2,100000,410,0.0041,838,0.00838
12,-22,3,100000,320,0.0032,662,0.00662
12,-22,4,100000,404,0.00404,821,0.00821
12,-22,5,100000,591,0.00591,1127,0.01127
12,-21,0,100000,634,0.00634,1321,0.01321
12,-21,1,100000,552,0.00552,1138,0.01138
12,-21,2,100000,419,0.00419,854,0.00854
12,-21,3,100000,355,0.00355,689,0.00689
12,-21,4,100000,444,0.00444,854,0.00854
12,-21,5,100000,572,0.00572,1141,0.01141
12,-20,0,100000,622,0.00622,1249,0.01249
12,-20,1,100000,602,0.00602,1143,0.01143
12,-20,2,100000,433,0.00433,916,0.00916
12,-20,3,100000,328,0.00328,676,0.00676
12,-20,4,100000,406,0.00406,846,0.00846
12,-20,5,100000,597,0.00597,1159,0.01159
12,-19,0,100000,576,0.00576,1273,0.01273
12,-19,1,100000,602,0.00602,1204,0.01204
12,-19,2,100000,455,0.00455,886,0.00886
12,-19,3,100000,398,0.00398,677,0.00677
12,-19,4,100000,442,0.00442,890,0.0089
12,-19,5,100000,568,0.00568,1211,0.01211
12,-18,0,100000,597,0.00597,1295,0.01295
12,-18,1,100000,549,0.00549,1135,0.01135
12,-18,2,100000,467,0.00467,866,0.00866
12,-18,3,100000,311,0.00311,655,0.00655
12,-18,4,100000,395,0.00395,836,0.00836
12,-18,5,100000,562,0.00562,1207,0.01207
12,-17,0,100000,647,0.00647,1261,0.01261
12,-17,1,100000,571,0.00571,1166,0.01166
12,-17,2,100000,468,0.00468,917,0.00917
12,-17,3,100000,298,0.00298,664,0.00664
12,-17,4,100000,458,0.00458,867,0.00867
12,-17,5,100000,588,0.00588,1173,0.01173
12,-16,0,100000,626,0.00626,1258,0.01258
12,-16,1,100000,625,0.00625,1191,0.01191
12,-16,2,100000,444,0.00444,864,0.00864
12,-16,3,100000,347,0.00347,680,0.0068
12,-16,4,100000,413,0.00413,853,0.00853
12,-16,5,100000,556,0.00556,1129,0.01129
12,-15,0,100000,636,0.00636,1283,0.01283
12,-15,1,100000,510,0.0051,1095,0.01095
12,-15,2,100000,471,0.00471,893,0.00893
12,-15,3,100000,361,0.00361,677,0.00677
12,-15,4,100000,382,0.00382,810,0.0081
12,-15,5,100000,534,0.00534,1116,0.01116
12,-14,0,100000,616,0.00616,1270,0.0127
12,-14,1,100000,543,0.00543,1082,0.01082
12,-14,2,100000,468,0.00468,911,0.00911
12,-14,3,100000,325,0.00325,629,0.00629
12,-14,4,100000,460,0.0046,816,0.00816
12,-14,5,100000,557,0.00557,1176,0.01176
12,-13,0,100000,608,0.00608,1250,0.0125
12,-13,1,100000,596,0.00596,1157,0.01157
12,-13,2,100000,437,0.00437,867,0.00867
12,-13,3,100000,363,0.00363,690,0.0069
12,-13,4,100000,506,0.00506,870,0.0087
12,-13,5,100000,526,0.00526,1157,0.01157
12,-12,0,100000,608,0.00608,1237,0.01237
12,-12,1,100000,542,0.00542,1126,0.01126
12,-12,2,100000,454,0.00454,856,0.00856
12,-12,3,100000,304,0.00304,606,0.00606
12,-12,4,100000,455,0.00455,856,0.00856
12,-12,5,100000,580,0.0058,1161,0.01161
12,-11,0,100000,599,0.00599,1230,0.0123
12,-11,1,100000,568,0.00568,1119,0.01119
12,-11,2,100000,441,0.00441,834,0.00834
12,-11,3,100000,366,0.00366,670,0.0067
12,-11,4,100000,471,0.00471,923,0.00923
12,-11,5,100000,568,0.00568,1180,0.0118
12,-10,0,100000,599,0.00599,1239,0.01239
12,-10,1,100000,613,0.00613,1202,0.01202
12,-10,2,100000,473,0.00473,872,0.00872
12,-10,3,100000,298,0.00298,615,0.00615
12,-10,4,100000,456,0.00456,867,0.00867
12,-10,5,100000,546,0.00546,1154,0.01154
12,-9,0,100000,604,0.00604,1307,0.01307
12,-9,1,100000,508,0.00508,1138,0.01138
12,-9,2,100000,462,0.00462,894,0.00894
12,-9,3,100000,349,0.00349,666,0.00666
12,-9,4,100000,432,0.00432,877,0.00877
12,-9,5,100000,580,0.0058,1201,0.01201
12,-8,0,100000,631,0.00631,1277,0.01277
12,-8,1,100000,632,0.00632,1249,0.01249
12,-8,2,100000,415,0.00415,849,0.00849
12,-8,3,100000,326,0.00326,666,0.00666
12,-8,4,100000,451,0.00451,867,0.00867
12,-8,5,100000,588,0.00588,1197,0.01197
12,-7,0,100000,609,0.00609,1220,0.0122
12,-7,1,100000,507,0.00507,1104,0.01104
12,-7,2,100000,465,0.00465,850,0.0085
12,-7,3,100000,335,0.00335,673,0.00673
12,-7,4,100000,402,0.00402,828,0.00828
12,-7,5,100000,545,0.00545,1125,0.01125
12,-6,0,100000,594,0.00594,1253,0.01253
12,-6,1,100000,540,0.0054,1135,0.01135
12,-6,2,100000,403,0.00403,818,0.00818
12,-6,3,100000,329,0.00329,660,0.0066
12,-6,4,100000,424,0.00424,864,0.00864
12,-6,5,100000,580,0.0058,1162,0.01162
12,-5,0,100000,630,0.0063,1295,0.01295
12,-5,1,100000,585,0.00585,1207,0.01207
12,-5,2,100000,497,0.00497,910,0.0091
12,-5,3,100000,355,0.00355,666,0.00666
12,-5,4,100000,459,0.00459,890,0.0089
12,-5,5,100000,529,0.00529,1137,0.01137
12,-4,0,100000,633,0.00633,1332,0.01332
12,-4,1,100000,528,0.00528,1118,0.01118
12,-4,2,100000,424,0.00424,845,0.00845
12,-4,3,100000,318,0.00318,682,0.00682
12,-4,4,100000,419,0.00419,833,0.00833
12,-4,5,100000,614,0.00614,1180,0.0118
12,-3,0,100000,661,0.00661,1338,0.01338
12,-3,1,100000,638,0.00638,1202,0.01202
12,-3,2,100000,412,0.00412,821,0.00821
12,-3,3,100000,362,0.00362,675,0.00675
12,-3,4,100000,406,0.00406,813,0.00813
12,-3,5,100000,557,0.00557,1147,0.01147
12,-2,0,100000,627,0.00627,1292,0.01292
12,-2,1,100000,540,0.0054,1122,0.01122
12,-2,2,100000,446,0.00446,880,0.0088
12,-2,3,100000,383,0.00383,670,0.0067
12,-2,4,100000,480,0.0048,863,0.00863
12,-2,5,100000,542,0.00542,1163,0.01163
12,-1,0,100000,633,0.00633,1292,0.01292
12,-1,1,100000,567,0.00567,1119,0.01119
12,-1,2,100000,454,0.00454,880,0.0088
12,-1,3,100000,355,0.00355,699,0.00699
12,-1,4,100000,473,0.00473,881,0.00881
12,-1,5,100000,518,0.00518,1142,0.01142
12,0,0,100000,551,0.00551,1234,0.01234
12,0,1,100000,560,0.0056,1116,0.01116
12,0,2,100000,450,0.0045,863,0.00863
12,0,3,100000,367,0.00367,692,0.00692
12,0,4,100000,461,0.00461,828,0.00828
12,0,5,100000,543,0.00543,1185,0.01185
12,1,0,100000,622,0.00622,1286,0.01286
12,1,1,100000,661,0.00661,1175,0.01175
12,1,2,100000,428,0.00428,830,0.0083
12,1,3,100000,368,0.00368,665,0.00665
12,1,4,100000,380,0.0038,830,0.0083
12,1,5,100000,562,0.00562,1174,0.01174
12,2,0,100000,615,0.00615,1189,0.01189
12,2,1,100000,540,0.0054,1096,0.01096
12,2,2,100000,433,0.00433,856,0.00856
12,2,3,100000,341,0.00341,687,0.00687
12,2,4,100000,462,0.00462,858,0.00858
12,2,5,100000,581,0.00581,1219,0.01219
12,3,0,100000,685,0.00685,1309,0.01309
12,3,1,100000,570,0.0057,1152,0.01152
12,3,2,100000,502,0.00502,906,0.00906
12,3,3,100000,363,0.00363,653,0.00653
12,3,4,100000,445,0.00445,891,0.00891
12,3,5,100000,562,0.00562,1137,0.01137
12,4,0,100000,647,0.00647,1307,0.01307
12,4,1,100000,577,0.00577,1173,0.01173
12,4,2,100000,447,0.00447,839,0.00839
12,4,3,100000,352,0.00352,669,0.00669
12,4,4,100000,444,0.00444,857,0.00857
12,4,5,100000,527,0.00527,1145,0.01145
12,5,0,100000,565,0.00565,1206,0.01206
12,5,1,100000,561,0.00561,1139,0.01139
12,5,2,100000,434,0.00434,859,0.00859
12,5,3,100000,357,0.00357,695,0.00695
12,5,4,100000,441,0.00441,865,0.00865
12,5,5,100000,550,0.0055,1174,0.01174
12,6,0,100000,625,0.00625,1243,0.01243
12,6,1,100000,570,0.0057,1194,0.01194
12,6,2,100000,423,0.00423,858,0.00858
12,6,3,100000,363,0.00363,729,0.00729
12,6,4,100000,393,0.00393,833,0.00833
12,6,5,100000,606,0.00606,1140,0.0114
12,7,0,100000,635,0.00635,1267,0.01267
12,7,1,100000,563,0.00563,1181,0.01181
12,7,2,100000,406,0.00406,839,0.00839
12,7,3,100000,331,0.00331,679,0.00679
12,7,4,100000,413,0.00413,836,0.00836
12,7,5,100000,574,0.00574,1139,0.01139
12,8,0,100000,595,0.00595,1221,0.01221
12,8,1,100000,577,0.00577,1174,0.01174
12,8,2,100000,420,0.0042,825,0.00825
12,8,3,100000,333,0.00333,649,0.00649
12,8,4,100000,476,0.00476,842,0.00842
12,8,5,100000,563,0.00563,1187,0.01187
12,9,0,100000,667,0.00667,1290,0.0129
12,9,1,100000,528,0.00528,1146,0.01146
12,9,2,100000,452,0.00452,841,0.00841
12,9,3,100000,340,0.0034,645,0.00645
12,9,4,100000,457,0.00457,878,0.00878
12,9,5,100000,538,0.00538,1150,0.0115
12,10,0,100000,646,0.00646,1304,0.01304
12,10,1,100000,534,0.00534,1143,0.01143
12,10,2,100000,422,0.00422,829,0.00829
12,10,3,100000,386,0.00386,687,0.00687
12,10,4,100000,408,0.00408,777,0.00777
12,10,5,100000,602,0.00602,1195,0.01195
12,11,0,100000,641,0.00641,1268,0.01268
12,11,1,100000,570,0.0057,1152,0.01152
12,11,2,100000,421,0.00421,839,0.00839
12,11,3,100000,402,0.00402,732,0.00732
12,11,4,100000,446,0.00446,864,0.00864
12,11,5,100000,530,0.0053,1099,0.01099
12,12,0,100000,637,0.00637,1334,0.01334
12,12,1,100000,569,0.00569,1201,0.01201
12,12,2,100000,420,0.0042,826,0.00826
12,12,3,100000,356,0.00356,670,0.0067
12,12,4,100000,453,0.00453,882,0.00882
12,12,5,100000,575,0.00575,1156,0.01156
12,13,0,100000,601,0.00601,1209,0.01209
12,13,1,100000,591,0.00591,1216,0.01216
12,13,2,100000,407,0.00407,837,0.00837
12,13,3,100000,348,0.00348,687,0.00687
12,13,4,100000,450,0.0045,819,0.00819
12,13,5,100000,558,0.00558,1171,0.01171
12,14,0,100000,582,0.00582,1275,0.01275
12,14,1,100000,582,0.00582,1226,0.01226
12,14,2,100000,421,0.00421,830,0.0083
12,14,3,100000,359,0.00359,679,0.00679
12,14,4,100000,447,0.00447,896,0.00896
12,14,5,100000,529,0.00529,1124,0.01124
12,15,0,100000,622,0.00622,1284,0.01284
12,15,1,100000,585,0.00585,1189,0.01189
12,15,2,100000,427,0.00427,828,0.00828
12,15,3,100000,325,0.00325,651,0.00651
12,15,4,100000,463,0.00463,879,0.00879
12,15,5,100000,531,0.00531,1156,0.01156
12,16,0,100000,669,0.00669,1288,0.01288
12,16,1,100000,613,0.00613,1180,0.0118
12,16,2,100000,450,0.0045,881,0.00881
12,16,3,100000,361,0.00361,657,0.00657
12,16,4,100000,404,0.00404,859,0.00859
12,16,5,100000,602,0.00602,1173,0.01173
12,17,0,100000,607,0.00607,1246,0.01246
12,17,1,100000,527,0.00527,1156,0.01156
12,17,2,100000,415,0.00415,821,0.00821
12,17,3,100000,349,0.00349,655,0.00655
12,17,4,100000,450,0.0045,845,0.00845
12,17,5,100000,561,0.00561,1173,0.01173
12,18,0,100000,635,0.00635,1287,0.01287
12,18,1,100000,542,0.00542,1145,0.01145
12,18,2,100000,427,0.00427,883,0.00883
12,18,3,100000,346,0.00346,628,0.00628
12,18,4,100000,426,0.00426,839,0.00839
12,18,5,100000,555,0.00555,1174,0.01174
12,19,0,100000,615,0.00615,1278,0.01278
12,19,1,100000,543,0.00543,1174,0.01174
12,19,2,100000,445,0.00445,862,0.00862
12,19,3,100000,337,0.00337,628,0.00628
12,19,4,100000,444,0.00444,866,0.00866
12,19,5,100000,526,0.00526,1171,0.01171
12,20,0,100000,564,0.00564,1242,0.01242
12,20,1,100000,590,0.0059,1174,0.01174
12,20,2,100000,421,0.00421,900,0.009
12,20,3,100000,335,0.00335,661,0.00661
12,20,4,100000,426,0.00426,919,0.00919
12,20,5,100000,563,0.00563,1138,0.01138
12,21,0,100000,602,0.00602,1252,0.01252
12,21,1,100000,556,0.00556,1186,0.01186
12,21,2,100000,416,0.00416,862,0.00862
12,21,3,100000,351,0.00351,653,0.00653
12,21,4,100000,421,0.00421,854,0.00854
12,21,5,100000,562,0.00562,1136,0.01136
12,22,0,100000,632,0.00632,1297,0.01297
12,22,1,100000,573,0.00573,1141,0.01141
12,22,2,100000,419,0.00419,880,0.0088
12,22,3,100000,401,0.00401,711,0.00711
12,22,4,100000,377,0.00377,838,0.00838
12,22,5,100000,577,0.00577,1233,0.01233
12,23,0,100000,616,0.00616,1266,0.01266
12,23,1,100000,572,0.00572,1168,0.01168
12,23,2,100000,461,0.00461,868,0.00868
12,23,3,100000,356,0.00356,637,0.00637
12,23,4,100000,491,0.00491,898,0.00898
12,23,5,100000,546,0.00546,1126,0.01126
12,24,0,100000,647,0.00647,1284,0.01284
12,24,1,100000,598,0.00598,1217,0.01217
12,24,2,100000,441,0.00441,929,0.00929
12,24,3,100000,377,0.00377,720,0.0072
12,24,4,100000,456,0.00456,828,0.00828
12,24,5,100000,608,0.00608,1205,0.01205
12,25,0,100000,624,0.00624,1265,0.01265
12,25,1,100000,561,0.00561,1144,0.01144
12,25,2,100000,416,0.00416,864,0.00864
12,25,3,100000,378,0.00378,665,0.00665
12,25,4,100000,476,0.00476,848,0.00848
12,25,5,100000,559,0.00559,1151,0.01151
12,26,0,100000,621,0.00621,1326,0.01326
12,26,1,100000,622,0.00622,1211,0.01211
12,26,2,100000,468,0.00468,868,0.00868
12,26,3,100000,375,0.00375,683,0.00683
12,26,4,100000,413,0.00413,840,0.0084
12,26,5,100000,577,0.00577,1154,0.01154
12,27,0,100000,550,0.0055,1207,0.01207
12,27,1,100000,538,0.00538,1123,0.01123
12,27,2,100000,428,0.00428,832,0.00832
12,27,3,100000,329,0.00329,644,0.00644
12,27,4,100000,466,0.00466,844,0.00844
12,27,5,100000,547,0.00547,1121,0.01121
12,28,0,100000,651,0.00651,1282,0.01282
12,28,1,100000,587,0.00587,1115,0.01115
12,28,2,100000,410,0.0041,874,0.00874
12,28,3,100000,364,0.00364,680,0.0068
12,28,4,100000,466,0.00466,891,0.00891
12,28,5,100000,584,0.00584,1142,0.01142
12,29,0,100000,586,0.00586,1291,0.01291
12,29,1,100000,583,0.00583,1171,0.01171
12,29,2,100000,383,0.00383,818,0.00818
12,29,3,100000,382,0.00382,705,0.00705
12,29,4,100000,409,0.00409,864,0.00864
12,29,5,100000,539,0.00539,1108,0.01108
12,30,0,100000,603,0.00603,1250,0.0125
12,30,1,100000,548,0.00548,1113,0.01113
12,30,2,100000,425,0.00425,838,0.00838
12,30,3,100000,353,0.00353,656,0.00656
12,30,4,100000,400,0.004,810,0.0081
12,30,5,100000,606,0.00606,1174,0.01174
12,31,0,100000,565,0.00565,1226,0.01226
12,31,1,100000,578,0.00578,1159,0.01159
12,31,2,100000,495,0.00495,930,0.0093
12,31,3,100000,335,0.00335,669,0.00669
12,31,4,100000,418,0.00418,850,0.0085
12,31,5,100000,544,0.00544,1138,0.01138
12,32,0,100000,610,0.0061,1261,0.01261
12,32,1,100000,552,0.00552,1141,0.01141
12,32,2,100000,450,0.0045,902,0.00902
12,32,3,100000,389,0.00389,682,0.00682
12,32,4,100000,446,0.00446,877,0.00877
12,32,5,100000,597,0.00597,1134,0.01134
12,33,0,100000,646,0.00646,1240,0.0124
12,33,1,100000,580,0.0058,1164,0.01164
12,33,2,100000,386,0.00386,795,0.00795
12,33,3,100000,316,0.00316,653,0.00653
12,33,4,100000,429,0.00429,853,0.00853
12,33,5,100000,516,0.00516,1119,0.01119
12,34,0,100000,600,0.006,1300,0.013
12,34,1,100000,576,0.00576,1132,0.01132
12,34,2,100000,414,0.00414,855,0.00855
12,34,3,100000,313,0.00313,654,0.00654
12,34,4,100000,427,0.00427,870,0.0087
12,34,5,100000,598,0.00598,1242,0.01242
12,35,0,100000,590,0.0059,1216,0.01216
12,35,1,100000,488,0.00488,1032,0.01032
12,35,2,100000,435,0.00435,852,0.00852
12,35,3,100000,394,0.00394,721,0.00721
12,35,4,100000,454,0.00454,867,0.00867
12,35,5,100000,570,0.0057,1213,0.01213
12,36,0,100000,632,0.00632,1284,0.01284
12,36,1,100000,539,0.00539,1091,0.01091
12,36,2,100000,446,0.00446,868,0.00868
12,36,3,100000,356,0.00356,704,0.00704
12,36,4,100000,407,0.00407,882,0.00882
12,36,5,100000,561,0.00561,1203,0.01203
12,37,0,100000,663,0.00663,1299,0.01299
12,37,1,100000,638,0.00638,1217,0.01217
12,37,2,100000,411,0.00411,820,0.0082
12,37,3,100000,368,0.00368,674,0.00674
12,37,4,100000,424,0.00424,841,0.00841
12,37,5,100000,565,0.00565,1152,0.01152
12,38,0,100000,579,0.00579,1193,0.01193
12,38,1,100000,593,0.00593,1177,0.01177
12,38,2,100000,404,0.00404,835,0.00835
12,38,3,100000,360,0.0036,676,0.00676
12,38,4,100000,458,0.00458,883,0.00883
12,38,5,100000,573,0.00573,1133,0.01133
12,39,0,100000,448,0.00448,974,0.00974
12,39,1,100000,456,0.00456,905,0.00905
12,39,2,100000,397,0.00397,819,0.00819
12,39,3,100000,298,0.00298,558,0.00558
12,39,4,100000,390,0.0039,716,0.00716
12,39,5,100000,480,0.0048,947,0.00947
12,40,0,100000,275,0.00275,583,0.00583
12,40,1,100000,309,0.00309,604,0.00604
12,40,2,100000,278,0.00278,547,0.00547
12,40,3,100000,214,0.00214,358,0.00358
12,40,4,100000,258,0.00258,454,0.00454
12,40,5,100000,309,0.00309,642,0.00642
12,41,0,100000,146,0.00146,309,0.00309
12,41,1,100000,153,0.00153,310,0.0031
12,41,2,100000,152,0.00152,302,0.00302
12,41,3,100000,117,0.00117,206,0.00206
12,41,4,100000,107,0.00107,217,0.00217
12,41,5,100000,102,0.00102,263,0.00263
12,42,0,100000,48,0.00048,102,0.00102
12,42,1,100000,70,0.0007,145,0.00145
12,42,2,100000,62,0.00062,147,0.00147
12,42,3,100000,43,0.00043,126,0.00126
12,42,4,100000,37,0.00037,101,0.00101
12,42,5,100000,58,0.00058,97,0.00097
12,43,0,100000,30,0.0003,73,0.00073
12,43,1,100000,31,0.00031,88,0.00088
12,43,2,100000,21,0.00021,91,0.00091
12,43,3,100000,36,0.00036,86,0.00086
12,43,4,100000,57,0.00057,77,0.00077
12,43,5,100000,39,0.00039,66,0.00066
12,44,0,100000,45,0.00045,93,0.00093
12,44,1,100000,34,0.00034,83,0.00083
12,44,2,100000,38,0.00038,92,0.00092
12,44,3,100000,41,0.00041,82,0.00082
12,44,4,100000,32,0.00032,64,0.00064
12,44,5,100000,32,0.00032,65,0.00065
12,45,0,100000,34,0.00034,77,0.00077
12,45,1,100000,23,0.00023,94,0.00094
12,45,2,100000,35,0.00035,72,0.00072
12,45,3,100000,33,0.00033,65,0.00065
12,45,4,100000,52,0.00052,82,0.00082
12,45,5,100000,20,0.0002,81,0.00081
12,46,0,100000,27,0.00027,75,0.00075
12,46,1,100000,29,0.00029,87,0.00087
12,46,2,100000,33,0.00033,81,0.00081
12,46,3,100000,35,0.00035,86,0.00086
12,46,4,100000,67,0.00067,79,0.00079
12,46,5,100000,29,0.00029,73,0.00073
12,47,0,100000,64,0.00064,93,0.00093
12,47,1,100000,27,0.00027,73,0.00073
12,47,2,100000,34,0.00034,75,0.00075
12,47,3,100000,19,0.00019,67,0.00067
12,47,4,100000,40,0.0004,88,0.00088
12,47,5,100000,25,0.00025,70,0.0007
12,48,0,100000,39,0.00039,66,0.00066
12,48,1,100000,27,0.00027,83,0.00083
12,48,2,100000,32,0.00032,73,0.00073
12,48,3,100000,28,0.00028,78,0.00078
12,48,4,100000,23,0.00023,79,0.00079
12,48,5,100000,37,0.00037,92,0.00092
12,49,0,100000,20,0.0002,67,0.00067
12,49,1,100000,27,0.00027,64,0.00064
12,49,2,100000,36,0.00036,66,0.00066
12,49,3,100000,26,0.00026,69,0.00069
12,49,4,100000,21,0.00021,79,0.00079
12,49,5,100000,44,0.00044,75,0.00075
12,50,0,100000,26,0.00026,88,0.00088
12,50,1,100000,35,0.00035,87,0.00087
12,50,2,100000,29,0.00029,53,0.00053
12,50,3,100000,31,0.00031,81,0.00081
12,50,4,100000,43,0.00043,74,0.00074
12,50,5,100000,24,0.00024,75,0.00075
13,-50,0,100000,25,0.00025,73,0.00073
13,-50,1,100000,32,0.00032,73,0.00073
13,-50,2,100000,28,0.00028,79,0.00079
13,-50,3,100000,34,0.00034,85,0.00085
13,-50,4,100000,45,0.00045,79,0.00079
13,-50,5,100000,26,0.00026,73,0.00073
13,-49,0,100000,37,0.00037,72,0.00072
13,-49,1,100000,20,0.0002,61,0.00061
13,-49,2,100000,40,0.0004,78,0.00078
13,-49,3,100000,46,0.00046,86,0.00086
13,-49,4,100000,28,0.00028,78,0.00078
13,-49,5,100000,38,0.00038,78,0.00078
13,-48,0,100000,33,0.00033,78,0.00078
13,-48,1,100000,34,0.00034,72,0.00072
13,-48,2,100000,24,0.00024,76,0.00076
13,-48,3,100000,31,0.00031,79,0.00079
13,-48,4,100000,21,0.00021,77,0.00077
13,-48,5,100000,24,0.00024,77,0.00077
13,-47,0,100000,31,0.00031,72,0.00072
13,-47,1,100000,29,0.00029,83,0.00083
13,-47,2,100000,34,0.00034,70,0.0007
13,-47,3,100000,37,0.00037,82,0.00082
13,-47,4,100000,24,0.00024,70,0.0007
13,-47,5,100000,29,0.00029,71,0.00071
13,-46,0,100000,35,0.00035,85,0.00085
13,-46,1,100000,38,0.00038,79,0.00079
13,-46,2,100000,37,0.00037,80,0.0008
13,-46,3,100000,27,0.00027,62,0.00062
13,-46,4,100000,51,0.00051,78,0.00078
13,-46,5,100000,28,0.00028,73,0.00073
13,-45,0,100000,38,0.00038,82,0.00082
13,-45,1,100000,21,0.00021,58,0.00058
13,-45,2,100000,25,0.00025,85,0.00085
13,-45,3,100000,16,0.00016,90,0.0009
13,-45,4,100000,25,0.00025,81,0.00081
13,-45,5,100000,33,0.00033,80,0.0008
13,-44,0,100000,24,0.00024,86,0.00086
13,-44,1,100000,21,0.00021,73,0.00073
13,-44,2,100000,31,0.00031,88,0.00088
13,-44,3,100000,30,0.0003,85,0.00085
13,-44,4,100000,27,0.00027,92,0.00092
13,-44,5,100000,48,0.00048,85,0.00085
13,-43,0,100000,41,0.00041,72,0.00072
13,-43,1,100000,49,0.00049,87,0.00087
13,-43,2,100000,33,0.00033,79,0.00079
13,-43,3,100000,72,0.00072,113,0.00113
13,-43,4,100000,50,0.0005,86,0.00086
13,-43,5,100000,31,0.00031,88,0.00088
13,-42,0,100000,71,0.00071,143,0.00143
13,-42,1,100000,28,0.00028,82,0.00082
13,-42,2,100000,44,0.00044,111,0.00111
13,-42,3,100000,58,0.00058,119,0.00119
13,-42,4,100000,66,0.00066,136,0.00136
13,-42,5,100000,89,0.00089,138,0.00138
13,-41,0,100000,140,0.0014,284,0.00284
13,-41,1,100000,169,0.00169,310,0.0031
13,-41,2,100000,101,0.00101,226,0.00226
13,-41,3,100000,121,0.00121,241,0.00241
13,-41,4,100000,169,0.00169,306,0.00306
13,-41,5,100000,148,0.00148,317,0.00317
13,-40,0,100000,318,0.00318,570,0.0057
13,-40,1,100000,268,0.00268,559,0.00559
13,-40,2,100000,263,0.00263,446,0.00446
13,-40,3,100000,170,0.0017,323,0.00323
13,-40,4,100000,253,0.00253,509,0.00509
13,-40,5,100000,267,0.00267,575,0.00575
13,-39,0,100000,431,0.00431,856,0.00856
13,-39,1,100000,461,0.00461,870,0.0087
13,-39,2,100000,337,0.00337,606,0.00606
13,-39,3,100000,284,0.00284,553,0.00553
13,-39,4,100000,322,0.00322,691,0.00691
13,-39,5,100000,399,0.00399,805,0.00805
13,-38,0,100000,520,0.0052,1070,0.0107
13,-38,1,100000,512,0.00512,1048,0.01048
13,-38,2,100000,394,0.00394,741,0.00741
13,-38,3,100000,339,0.00339,615,0.00615
13,-38,4,100000,435,0.00435,814,0.00814
13,-38,5,100000,498,0.00498,1068,0.01068
13,-37,0,100000,540,0.0054,1096,0.01096
13,-37,1,100000,516,0.00516,1013,0.01013
13,-37,2,100000,388,0.00388,768,0.00768
13,-37,3,100000,365,0.00365,586,0.00586
13,-37,4,100000,353,0.00353,708,0.00708
13,-37,5,100000,513,0.00513,1057,0.01057
13,-36,0,100000,526,0.00526,1123,0.01123
13,-36,1,100000,493,0.00493,1046,0.01046
13,-36,2,100000,391,0.00391,776,0.00776
13,-36,3,100000,334,0.00334,628,0.00628
13,-36,4,100000,409,0.00409,796,0.00796
13,-36,5,100000,541,0.00541,1065,0.01065
13,-35,0,100000,557,0.00557,1137,0.01137
13,-35,1,100000,536,0.00536,1022,0.01022
13,-35,2,100000,360,0.0036,762,0.00762
13,-35,3,100000,298,0.00298,581,0.00581
13,-35,4,100000,370,0.0037,736,0.00736
13,-35,5,100000,516,0.00516,1013,0.01013
13,-34,0,100000,586,0.00586,1164,0.01164
13,-34,1,100000,508,0.00508,1028,0.01028
13,-34,2,100000,418,0.00418,783,0.00783
13,-34,3,100000,302,0.00302,598,0.00598
13,-34,4,100000,372,0.00372,766,0.00766
13,-34,5,100000,462,0.00462,1011,0.01011
13,-33,0,100000,564,0.00564,1173,0.01173
13,-33,1,100000,473,0.00473,1044,0.01044
13,-33,2,100000,339,0.00339,741,0.00741
13,-33,3,100000,346,0.00346,646,0.00646
13,-33,4,100000,441,0.00441,787,0.00787
13,-33,5,100000,508,0.00508,1061,0.01061
13,-32,0,100000,558,0.00558,1148,0.01148
13,-32,1,100000,473,0.00473,994,0.00994
13,-32,2,100000,430,0.0043,778,0.00778
13,-32,3,100000,334,0.00334,639,0.00639
13,-32,4,100000,331,0.00331,763,0.00763
13,-32,5,100000,503,0.00503,1053,0.01053
13,-31,0,100000,545,0.00545,1197,0.01197
13,-31,1,100000,499,0.00499,1021,0.01021
13,-31,2,100000,391,0.00391,776,0.00776
13,-31,3,100000,333,0.00333,645,0.00645
13,-31,4,100000,400,0.004,748,0.00748
13,-31,5,100000,527,0.00527,1005,0.01005
13,-30,0,100000,579,0.00579,1166,0.01166
13,-30,1,100000,547,0.00547,1088,0.01088
13,-30,2,100000,393,0.00393,772,0.00772
13,-30,3,100000,342,0.00342,628,0.00628
13,-30,4,100000,343,0.00343,768,0.00768
13,-30,5,100000,500,0.005,1051,0.01051
13,-29,0,100000,541,0.00541,1112,0.01112
13,-29,1,100000,510,0.0051,1059,0.01059
13,-29,2,100000,422,0.00422,785,0.00785
13,-29,3,100000,354,0.00354,665,0.00665
13,-29,4,100000,356,0.00356,766,0.00766
13,-29,5,100000,502,0.00502,1002,0.01002
13,-28,0,100000,534,0.00534,1161,0.01161
13,-28,1,100000,473,0.00473,1023,0.01023
13,-28,2,100000,406,0.00406,803,0.00803
13,-28,3,100000,301,0.00301,602,0.00602
13,-28,4,100000,360,0.0036,739,0.00739
13,-28,5,100000,500,0.005,1021,0.01021
13,-27,0,100000,545,0.00545,1113,0.01113
13,-27,1,100000,485,0.00485,1015,0.01015
13,-27,2,100000,421,0.00421,738,0.00738
13,-27,3,100000,315,0.00315,594,0.00594
13,-27,4,100000,395,0.00395,796,0.00796
13,-27,5,100000,457,0.00457,990,0.0099
13,-26,0,100000,463,0.00463,1066,0.01066
13,-26,1,100000,480,0.0048,1030,0.0103
13,-26,2,100000,403,0.00403,785,0.00785
13,-26,3,100000,325,0.00325,636,0.00636
13,-26,4,100000,360,0.0036,731,0.00731
13,-26,5,100000,480,0.0048,1052,0.01052
13,-25,0,100000,506,0.00506,1118,0.01118
13,-25,1,100000,481,0.00481,1036,0.01036
13,-25,2,100000,374,0.00374,750,0.0075
13,-25,3,100000,334,0.00334,617,0.00617
13,-25,4,100000,366,0.00366,805,0.00805
13,-25,5,100000,477,0.00477,992,0.00992
13,-24,0,100000,574,0.00574,1139,0.01139
13,-24,1,100000,487,0.00487,1013,0.01013
13,-24,2,100000,371,0.00371,780,0.0078
13,-24,3,100000,313,0.00313,653,0.00653
13,-24,4,100000,376,0.00376,744,0.00744
13,-24,5,100000,517,0.00517,1063,0.01063
13,-23,0,100000,554,0.00554,1139,0.01139
13,-23,1,100000,516,0.00516,1049,0.01049
13,-23,2,100000,392,0.00392,792,0.00792
13,-23,3,100000,275,0.00275,541,0.00541
13,-23,4,100000,373,0.00373,748,0.00748
13,-23,5,100000,475,0.00475,973,0.00973
13,-22,0,100000,564,0.00564,1126,0.01126
13,-22,1,100000,457,0.00457,1045,0.01045
13,-22,2,100000,375,0.00375,782,0.00782
13,-22,3,100000,308,0.00308,605,0.00605
13,-22,4,100000,387,0.00387,785,0.00785
13,-22,5,100000,471,0.00471,976,0.00976
13,-21,0,100000,541,0.00541,1067,0.01067
13,-21,1,100000,499,0.00499,1049,0.01049
13,-21,2,100000,399,0.00399,764,0.00764
13,-21,3,100000,347,0.00347,645,0.00645
13,-21,4,100000,350,0.0035,725,0.00725
13,-21,5,100000,493,0.00493,1080,0.0108
13,-20,0,100000,527,0.00527,1099,0.01099
13,-20,1,100000,432,0.00432,1015,0.01015
13,-20,2,100000,373,0.00373,711,0.00711
13,-20,3,100000,319,0.00319,630,0.0063
13,-20,4,100000,378,0.00378,763,0.00763
13,-20,5,100000,478,0.00478,998,0.00998
13,-19,0,100000,566,0.00566,1139,0.01139
13,-19,1,100000,501,0.00501,1032,0.01032
13,-19,2,100000,393,0.00393,780,0.0078
13,-19,3,100000,286,0.00286,623,0.00623
13,-19,4,100000,415,0.00415,824,0.00824
13,-19,5,100000,506,0.00506,1050,0.0105
13,-18,0,100000,539,0.00539,1111,0.01111
13,-18,1,100000,533,0.00533,1025,0.01025
13,-18,2,100000,395,0.00395,778,0.00778
13,-18,3,100000,323,0.00323,629,0.00629
13,-18,4,100000,408,0.00408,760,0.0076
13,-18,5,100000,498,0.00498,1034,0.01034
13,-17,0,100000,554,0.00554,1143,0.01143
13,-17,1,100000,477,0.00477,1041,0.01041
13,-17,2,100000,392,0.00392,757,0.00757
13,-17,3,100000,300,0.003,611,0.00611
13,-17,4,100000,383,0.00383,774,0.00774
13,-17,5,100000,508,0.00508,1092,0.01092
13,-16,0,100000,575,0.00575,1180,0.0118
13,-16,1,100000,509,0.00509,1075,0.01075
13,-16,2,100000,397,0.00397,802,0.00802
13,-16,3,100000,316,0.00316,578,0.00578
13,-16,4,100000,393,0.00393,789,0.00789
13,-16,5,100000,499,0.00499,1029,0.01029
13,-15,0,100000,536,0.00536,1180,0.0118
13,-15,1,100000,497,0.00497,1051,0.01051
13,-15,2,100000,346,0.00346,735,0.00735
13,-15,3,100000,351,0.00351,655,0.00655
13,-15,4,100000,391,0.00391,770,0.0077
13,-15,5,100000,484,0.00484,1060,0.0106
13,-14,0,100000,574,0.00574,1174,0.01174
13,-14,1,100000,522,0.00522,1039,0.01039
13,-14,2,100000,368,0.00368,779,0.00779
13,-14,3,100000,318,0.00318,598,0.00598
13,-14,4,100000,428,0.00428,760,0.0076
13,-14,5,100000,480,0.0048,1006,0.01006
13,-13,0,100000,591,0.00591,1109,0.01109
13,-13,1,100000,515,0.00515,1007,0.01007
13,-13,2,100000,371,0.00371,801,0.00801
13,-13,3,100000,328,0.00328,634,0.00634
13,-13,4,100000,389,0.00389,779,0.00779
13,-13,5,100000,496,0.00496,1029,0.01029
13,-12,0,100000,516,0.00516,1127,0.01127
13,-12,1,100000,536,0.00536,1097,0.01097
13,-12,2,100000,321,0.00321,745,0.00745
13,-12,3,100000,315,0.00315,632,0.00632
13,-12,4,100000,366,0.00366,765,0.00765
13,-12,5,100000,490,0.0049,1043,0.01043
13,-11,0,100000,562,0.00562,1139,0.01139
13,-11,1,100000,486,0.00486,982,0.00982
13,-11,2,100000,346,0.00346,734,0.00734
13,-11,3,100000,339,0.00339,668,0.00668
13,-11,4,100000,417,0.00417,828,0.00828
13,-11,5,100000,557,0.00557,1040,0.0104
13,-10,0,100000,504,0.00504,1115,0.01115
13,-10,1,100000,536,0.00536,1096,0.01096
13,-10,2,100000,390,0.0039,778,0.00778
13,-10,3,100000,311,0.00311,611,0.00611
13,-10,4,100000,385,0.00385,773,0.00773
13,-10,5,100000,512,0.00512,1058,0.01058
13,-9,0,100000,553,0.00553,1087,0.01087
13,-9,1,100000,521,0.00521,1069,0.01069
13,-9,2,100000,398,0.00398,789,0.00789
13,-9,3,100000,334,0.00334,651,0.00651
13,-9,4,100000,338,0.00338,739,0.00739
13,-9,5,100000,515,0.00515,1042,0.01042
13,-8,0,100000,534,0.00534,1189,0.01189
13,-8,1,100000,510,0.0051,1017,0.01017
13,-8,2,100000,458,0.00458,837,0.00837
13,-8,3,100000,334,0.00334,631,0.00631
13,-8,4,100000,377,0.00377,788,0.00788
13,-8,5,100000,497,0.00497,1038,0.01038
13,-7,0,100000,584,0.00584,1175,0.01175
13,-7,1,100000,462,0.00462,1049,0.01049
13,-7,2,100000,419,0.00419,777,0.00777
13,-7,3,100000,295,0.00295,592,0.00592
13,-7,4,100000,345,0.00345,739,0.00739
13,-7,5,100000,454,0.00454,967,0.00967
13,-6,0,100000,512,0.00512,1121,0.01121
13,-6,1,100000,547,0.00547,1070,0.0107
13,-6,2,100000,407,0.00407,768,0.00768
13,-6,3,100000,330,0.0033,618,0.00618
13,-6,4,100000,364,0.00364,743,0.00743
13,-6,5,100000,550,0.0055,1114,0.01114
13,-5,0,100000,576,0.00576,1140,0.0114
13,-5,1,100000,522,0.00522,1011,0.01011
13,-5,2,100000,393,0.00393,848,0.00848
13,-5,3,100000,303,0.00303,603,0.00603
13,-5,4,100000,349,0.00349,709,0.00709
13,-5,5,100000,476,0.00476,1032,0.01032
13,-4,0,100000,507,0.00507,1113,0.01113
13,-4,1,100000,465,0.00465,1009,0.01009
13,-4,2,100000,392,0.00392,794,0.00794
13,-4,3,100000,345,0.00345,624,0.00624
13,-4,4,100000,401,0.00401,768,0.00768
13,-4,5,100000,501,0.00501,1069,0.01069
13,-3,0,100000,554,0.00554,1140,0.0114
13,-3,1,100000,451,0.00451,962,0.00962
13,-3,2,100000,431,0.00431,788,0.00788
13,-3,3,100000,324,0.00324,609,0.00609
13,-3,4,100000,409,0.00409,812,0.00812
13,-3,5,100000,471,0.00471,1048,0.01048
13,-2,0,100000,537,0.00537,1146,0.01146
13,-2,1,100000,553,0.00553,1114,0.01114
13,-2,2,100000,383,0.00383,764,0.00764
13,-2,3,100000,287,0.00287,576,0.00576
13,-2,4,100000,412,0.00412,770,0.0077
13,-2,5,100000,503,0.00503,981,0.00981
13,-1,0,100000,516,0.00516,1155,0.01155
13,-1,1,100000,506,0.00506,1052,0.01052
13,-1,2,100000,379,0.00379,761,0.00761
13,-1,3,100000,359,0.00359,612,0.00612
13,-1,4,100000,418,0.00418,773,0.00773
13,-1,5,100000,518,0.00518,1051,0.01051
13,0,0,100000,594,0.00594,1168,0.01168
13,0,1,100000,526,0.00526,1074,0.01074
13,0,2,100000,435,0.00435,816,0.00816
13,0,3,100000,262,0.00262,565,0.00565
13,0,4,100000,358,0.00358,758,0.00758
13,0,5,100000,513,0.00513,1028,0.01028
13,1,0,100000,544,0.00544,1171,0.01171
13,1,1,100000,467,0.00467,984,0.00984
13,1,2,100000,371,0.00371,724,0.00724
13,1,3,100000,340,0.0034,603,0.00603
13,1,4,100000,418,0.00418,797,0.00797
13,1,5,100000,490,0.0049,1028,0.01028
13,2,0,100000,573,0.00573,1174,0.01174
13,2,1,100000,506,0.00506,1053,0.01053
13,2,2,100000,412,0.00412,801,0.00801
13,2,3,100000,288,0.00288,611,0.00611
13,2,4,100000,358,0.00358,725,0.00725
13,2,5,100000,478,0.00478,975,0.00975
13,3,0,100000,545,0.00545,1184,0.01184
13,3,1,100000,486,0.00486,1048,0.01048
13,3,2,100000,367,0.00367,741,0.00741
13,3,3,100000,323,0.00323,611,0.00611
13,3,4,100000,443,0.00443,778,0.00778
13,3,5,100000,515,0.00515,1085,0.01085
13,4,0,100000,508,0.00508,1098,0.01098
13,4,1,100000,504,0.00504,1058,0.01058
13,4,2,100000,403,0.00403,748,0.00748
13,4,3,100000,323,0.00323,660,0.0066
13,4,4,100000,379,0.00379,760,0.0076
13,4,5,100000,462,0.00462,1010,0.0101
13,5,0,100000,486,0.00486,1044,0.01044
13,5,1,100000,474,0.00474,1004,0.01004
13,5,2,100000,384,0.00384,748,0.00748
13,5,3,100000,288,0.00288,591,0.00591
13,5,4,100000,438,0.00438,847,0.00847
13,5,5,100000,471,0.00471,1037,0.01037
13,6,0,100000,529,0.00529,1113,0.01113
13,6,1,100000,563,0.00563,1044,0.01044
13,6,2,100000,352,0.00352,811,0.00811
13,6,3,100000,303,0.00303,592,0.00592
13,6,4,100000,359,0.00359,762,0.00762
13,6,5,100000,491,0.00491,1051,0.01051
13,7,0,100000,559,0.00559,1191,0.01191
13,7,1,100000,493,0.00493,1039,0.01039
13,7,2,100000,322,0.00322,740,0.0074
13,7,3,100000,345,0.00345,613,0.00613
13,7,4,100000,369,0.00369,757,0.00757
13,7,5,100000,466,0.00466,966,0.00966
13,8,0,100000,533,0.00533,1126,0.01126
13,8,1,100000,504,0.00504,1091,0.01091
13,8,2,100000,382,0.00382,810,0.0081
13,8,3,100000,327,0.00327,631,0.00631
13,8,4,100000,378,0.00378,775,0.00775
13,8,5,100000,506,0.00506,1028,0.01028
13,9,0,100000,518,0.00518,1094,0.01094
13,9,1,100000,523,0.00523,1079,0.01079
13,9,2,100000,392,0.00392,822,0.00822
13,9,3,100000,339,0.00339,628,0.00628
13,9,4,100000,412,0.00412,766,0.00766
13,9,5,100000,555,0.00555,1097,0.01097
13,10,0,100000,562,0.00562,1151,0.01151
13,10,1,100000,514,0.00514,1099,0.01099
13,10,2,100000,337,0.00337,751,0.00751
13,10,3,100000,342,0.00342,604,0.00604
13,10,4,100000,419,0.00419,785,0.00785
13,10,5,100000,525,0.00525,1085,0.01085
13,11,0,100000,508,0.00508,1109,0.01109
13,11,1,100000,499,0.00499,1047,0.01047
13,11,2,100000,404,0.00404,763,0.00763
13,11,3,100000,333,0.00333,610,0.0061
13,11,4,100000,406,0.00406,822,0.00822
13,11,5,100000,458,0.00458,1051,0.01051
13,12,0,100000,505,0.00505,1082,0.01082
13,12,1,100000,484,0.00484,1054,0.01054
13,12,2,100000,405,0.00405,768,0.00768
13,12,3,100000,297,0.00297,624,0.00624
13,12,4,100000,385,0.00385,805,0.00805
13,12,5,100000,501,0.00501,1033,0.01033
13,13,0,100000,523,0.00523,1100,0.011
13,13,1,100000,540,0.0054,1086,0.01086
13,13,2,100000,401,0.00401,838,0.00838
13,13,3,100000,285,0.00285,634,0.00634
13,13,4,100000,366,0.00366,737,0.00737
13,13,5,100000,459,0.00459,1056,0.01056
13,14,0,100000,556,0.00556,1121,0.01121
13,14,1,100000,536,0.00536,1012,0.01012
13,14,2,100000,386,0.00386,783,0.00783
13,14,3,100000,318,0.00318,626,0.00626
13,14,4,100000,393,0.00393,784,0.00784
13,14,5,100000,439,0.00439,1013,0.01013
13,15,0,100000,550,0.0055,1180,0.0118
13,15,1,100000,458,0.00458,999,0.00999
13,15,2,100000,393,0.00393,725,0.00725
13,15,3,100000,315,0.00315,612,0.00612
13,15,4,100000,374,0.00374,793,0.00793
13,15,5,100000,476,0.00476,965,0.00965
13,16,0,100000,546,0.00546,1176,0.01176
13,16,1,100000,499,0.00499,1055,0.01055
13,16,2,100000,395,0.00395,777,0.00777
13,16,3,100000,315,0.00315,632,0.00632
13,16,4,100000,385,0.00385,755,0.00755
13,16,5,100000,475,0.00475,1014,0.01014
13,17,0,100000,567,0.00567,1137,0.01137
13,17,1,100000,462,0.00462,965,0.00965
13,17,2,100000,384,0.00384,766,0.00766
13,17,3,100000,277,0.00277,569,0.00569
13,17,4,100000,385,0.00385,773,0.00773
13,17,5,100000,483,0.00483,1055,0.01055
13,18,0,100000,500,0.005,1090,0.0109
13,18,1,100000,488,0.00488,1009,0.01009
13,18,2,100000,370,0.0037,784,0.00784
13,18,3,100000,348,0.00348,621,0.00621
13,18,4,100000,401,0.00401,801,0.00801
13,18,5,100000,481,0.00481,1021,0.01021
13,19,0,100000,567,0.00567,1149,0.01149
13,19,1,100000,498,0.00498,1056,0.01056
13,19,2,100000,389,0.00389,825,0.00825
13,19,3,100000,302,0.00302,607,0.00607
13,19,4,100000,391,0.00391,757,0.00757
13,19,5,100000,525,0.00525,1078,0.01078
13,20,0,100000,527,0.00527,1184,0.01184
13,20,1,100000,440,0.0044,952,0.00952
13,20,2,100000,392,0.00392,752,0.00752
13,20,3,100000,337,0.00337,623,0.00623
13,20,4,100000,351,0.00351,766,0.00766
13,20,5,100000,527,0.00527,1059,0.01059
13,21,0,100000,563,0.00563,1172,0.01172
13,21,1,100000,530,0.0053,1082,0.01082
13,21,2,100000,354,0.00354,738,0.00738
13,21,3,100000,296,0.00296,572,0.00572
13,21,4,100000,382,0.00382,758,0.00758
13,21,5,100000,512,0.00512,1042,0.01042
13,22,0,100000,584,0.00584,1177,0.01177
13,22,1,100000,491,0.00491,1019,0.01019
13,22,2,100000,414,0.00414,778,0.00778
13,22,3,100000,306,0.00306,593,0.00593
13,22,4,100000,341,0.00341,746,0.00746
13,22,5,100000,525,0.00525,1090,0.0109
13,23,0,100000,489,0.00489,1090,0.0109
13,23,1,100000,499,0.00499,1028,0.01028
13,23,2,100000,369,0.00369,745,0.00745
13,23,3,100000,306,0.00306,595,0.00595
13,23,4,100000,363,0.00363,786,0.00786
13,23,5,100000,507,0.00507,1083,0.01083
13,24,0,100000,546,0.00546,1123,0.01123
13,24,1,100000,523,0.00523,1045,0.01045
13,24,2,100000,378,0.00378,748,0.00748
13,24,3,100000,292,0.00292,616,0.00616
13,24,4,100000,359,0.00359,752,0.00752
13,24,5,100000,541,0.00541,1036,0.01036
13,25,0,100000,540,0.0054,1144,0.01144
13,25,1,100000,490,0.0049,997,0.00997
13,25,2,100000,407,0.00407,805,0.00805
13,25,3,100000,309,0.00309,593,0.00593
13,25,4,100000,353,0.00353,757,0.00757
13,25,5,100000,497,0.00497,991,0.00991
13,26,0,100000,555,0.00555,1082,0.01082
13,26,1,100000,507,0.00507,1045,0.01045
13,26,2,100000,414,0.00414,802,0.00802
13,26,3,100000,306,0.00306,640,0.0064
13,26,4,100000,390,0.0039,772,0.00772
13,26,5,100000,487,0.00487,1031,0.01031
13,27,0,100000,550,0.0055,1146,0.01146
13,27,1,100000,513,0.00513,1074,0.01074
13,27,2,100000,403,0.00403,769,0.00769
13,27,3,100000,287,0.00287,590,0.0059
13,27,4,100000,413,0.00413,755,0.00755
13,27,5,100000,499,0.00499,1070,0.0107
13,28,0,100000,525,0.00525,1150,0.0115
13,28,1,100000,478,0.00478,1036,0.01036
13,28,2,100000,403,0.00403,798,0.00798
13,28,3,100000,323,0.00323,593,0.00593
13,28,4,100000,411,0.00411,762,0.00762
13,28,5,100000,563,0.00563,1093,0.01093
13,29,0,100000,548,0.00548,1150,0.0115
13,29,1,100000,492,0.00492,1025,0.01025
13,29,2,100000,379,0.00379,729,0.00729
13,29,3,100000,302,0.00302,573,0.00573
13,29,4,100000,354,0.00354,765,0.00765
13,29,5,100000,509,0.00509,1012,0.01012
13,30,0,100000,541,0.00541,1151,0.01151
13,30,1,100000,523,0.00523,1112,0.01112
13,30,2,100000,384,0.00384,757,0.00757
13,30,3,100000,305,0.00305,604,0.00604
13,30,4,100000,429,0.00429,819,0.00819
13,30,5,100000,536,0.00536,1080,0.0108
13,31,0,100000,566,0.00566,1106,0.01106
13,31,1,100000,430,0.0043,990,0.0099
13,31,2,100000,415,0.00415,806,0.00806
13,31,3,100000,292,0.00292,584,0.00584
13,31,4,100000,400,0.004,798,0.00798
13,31,5,100000,507,0.00507,989,0.00989
13,32,0,100000,544,0.00544,1127,0.01127
13,32,1,100000,456,0.00456,1025,0.01025
13,32,2,100000,351,0.00351,766,0.00766
13,32,3,100000,297,0.00297,601,0.00601
13,32,4,100000,428,0.00428,803,0.00803
13,32,5,100000,549,0.00549,1113,0.01113
13,33,0,100000,547,0.00547,1109,0.01109
13,33,1,100000,495,0.00495,1055,0.01055
13,33,2,100000,383,0.00383,743,0.00743
13,33,3,100000,309,0.00309,609,0.00609
13,33,4,100000,360,0.0036,724,0.00724
13,33,5,100000,484,0.00484,1060,0.0106
13,34,0,100000,562,0.00562,1165,0.01165
13,34,1,100000,471,0.00471,971,0.00971
13,34,2,100000,414,0.00414,807,0.00807
13,34,3,100000,303,0.00303,609,0.00609
13,34,4,100000,347,0.00347,750,0.0075
13,34,5,100000,528,0.00528,1037,0.01037
13,35,0,100000,519,0.00519,1089,0.01089
13,35,1,100000,517,0.00517,1044,0.01044
13,35,2,100000,361,0.00361,791,0.00791
13,35,3,100000,338,0.00338,616,0.00616
13,35,4,100000,405,0.00405,773,0.00773
13,35,5,100000,535,0.00535,1092,0.01092
13,36,0,100000,554,0.00554,1084,0.01084
13,36,1,100000,556,0.00556,1088,0.01088
13,36,2,100000,367,0.00367,749,0.00749
13,36,3,100000,296,0.00296,598,0.00598
13,36,4,100000,370,0.0037,785,0.00785
13,36,5,100000,482,0.00482,1026,0.01026
13,37,0,100000,471,0.00471,1089,0.01089
13,37,1,100000,482,0.00482,1034,0.01034
13,37,2,100000,430,0.0043,792,0.00792
13,37,3,100000,308,0.00308,629,0.00629
13,37,4,100000,394,0.00394,750,0.0075
13,37,5,100000,470,0.0047,1043,0.01043
13,38,0,100000,533,0.00533,1112,0.01112
13,38,1,100000,457,0.00457,964,0.00964
13,38,2,100000,354,0.00354,793,0.00793
13,38,3,100000,279,0.00279,581,0.00581
13,38,4,100000,358,0.00358,760,0.0076
13,38,5,100000,486,0.00486,1002,0.01002
13,39,0,100000,452,0.00452,910,0.0091
13,39,1,100000,366,0.00366,822,0.00822
13,39,2,100000,340,0.0034,674,0.00674
13,39,3,100000,255,0.00255,473,0.00473
13,39,4,100000,283,0.00283,632,0.00632
13,39,5,100000,377,0.00377,839,0.00839
13,40,0,100000,301,0.00301,589,0.00589
13,40,1,100000,246,0.00246,521,0.00521
13,40,2,100000,219,0.00219,482,0.00482
13,40,3,100000,164,0.00164,313,0.00313
13,40,4,100000,246,0.00246,474,0.00474
13,40,5,100000,306,0.00306,578,0.00578
13,41,0,100000,165,0.00165,308,0.00308
13,41,1,100000,184,0.00184,331,0.00331
13,41,2,100000,127,0.00127,299,0.00299
13,41,3,100000,121,0.00121,194,0.00194
13,41,4,100000,124,0.00124,204,0.00204
13,41,5,100000,144,0.00144,300,0.003
13,42,0,100000,66,0.00066,148,0.00148
13,42,1,100000,62,0.00062,170,0.0017
13,42,2,100000,72,0.00072,142,0.00142
13,42,3,100000,56,0.00056,117,0.00117
13,42,4,100000,39,0.00039,76,0.00076
13,42,5,100000,43,0.00043,104,0.00104
13,43,0,100000,30,0.0003,76,0.00076
13,43,1,100000,41,0.00041,99,0.00099
13,43,2,100000,55,0.00055,87,0.00087
13,43,3,100000,45,0.00045,93,0.00093
13,43,4,100000,24,0.00024,75,0.00075
13,43,5,100000,14,0.00014,59,0.00059
13,44,0,100000,38,0.00038,88,0.00088
13,44,1,100000,48,0.00048,82,0.00082
13,44,2,100000,29,0.00029,84,0.00084
13,44,3,100000,29,0.00029,82,0.00082
13,44,4,100000,16,0.00016,65,0.00065
13,44,5,100000,20,0.0002,63,0.00063
13,45,0,100000,37,0.00037,73,0.00073
13,45,1,100000,47,0.00047,69,0.00069
13,45,2,100000,30,0.0003,63,0.00063
13,45,3,100000,26,0.00026,70,0.0007
13,45,4,100000,22,0.00022,75,0.00075
13,45,5,100000,39,0.00039,65,0.00065
13,46,0,100000,30,0.0003,68,0.00068
13,46,1,100000,23,0.00023,63,0.00063
13,46,2,100000,52,0.00052,92,0.00092
13,46,3,100000,34,0.00034,92,0.00092
13,46,4,100000,40,0.0004,80,0.0008
13,46,5,100000,57,0.00057,87,0.00087
13,47,0,100000,25,0.00025,82,0.00082
13,47,1,100000,24,0.00024,78,0.00078
13,47,2,100000,39,0.00039,75,0.00075
13,47,3,100000,26,0.00026,74,0.00074
13,47,4,100000,21,0.00021,84,0.00084
13,47,5,100000,41,0.00041,83,0.00083
13,48,0,100000,22,0.00022,72,0.00072
13,48,1,100000,19,0.00019,72,0.00072
13,48,2,100000,31,0.00031,71,0.00071
13,48,3,100000,24,0.00024,73,0.00073
13,48,4,100000,28,0.00028,59,0.00059
13,48,5,100000,26,0.00026,68,0.00068
13,49,0,100000,41,0.00041,81,0.00081
13,49,1,100000,22,0.00022,85,0.00085
13,49,2,100000,35,0.00035,70,0.0007
13,49,3,100000,31,0.00031,82,0.00082
13,49,4,100000,25,0.00025,60,0.0006
13,49,5,100000,17,0.00017,64,0.00064
13,50,0,100000,30,0.0003,64,0.00064
13,50,1,100000,32,0.00032,78,0.00078
13,50,2,100000,31,0.00031,79,0.00079
13,50,3,100000,21,0.00021,85,0.00085
13,50,4,100000,30,0.0003,62,0.00062
13,50,5,100000,42,0.00042,75,0.00075
14,-50,0,100000,21,0.00021,74,0.00074
14,-50,1,100000,29,0.00029,71,0.00071
14,-50,2,100000,34,0.00034,70,0.0007
14,-50,3,100000,32,0.00032,72,0.00072
14,-50,4,100000,24,0.00024,81,0.00081
14,-50,5,100000,26,0.00026,69,0.00069
14,-49,0,100000,25,0.00025,86,0.00086
14,-49,1,100000,44,0.00044,83,0.00083
14,-49,2,100000,27,0.00027,64,0.00064
14,-49,3,100000,18,0.00018,66,0.00066
14,-49,4,100000,14,0.00014,61,0.00061
14,-49,5,100000,19,0.00019,71,0.00071
14,-48,0,100000,19,0.00019,59,0.00059
14,-48,1,100000,32,0.00032,63,0.00063
14,-48,2,100000,29,0.00029,87,0.00087
14,-48,3,100000,30,0.0003,82,0.00082
14,-48,4,100000,35,0.00035,69,0.00069
14,-48,5,100000,19,0.00019,77,0.00077
14,-47,0,100000,45,0.00045,71,0.00071
14,-47,1,100000,41,0.00041,80,0.0008
14,-47,2,100000,44,0.00044,84,0.00084
14,-47,3,100000,49,0.00049,77,0.00077
14,-47,4,100000,43,0.00043,93,0.00093
14,-47,5,100000,50,0.0005,89,0.00089
14,-46,0,100000,25,0.00025,86,0.00086
14,-46,1,100000,30,0.0003,68,0.00068
14,-46,2,100000,33,0.00033,77,0.00077
14,-46,3,100000,32,0.00032,83,0.00083
14,-46,4,100000,33,0.00033,76,0.00076
14,-46,5,100000,26,0.00026,83,0.00083
14,-45,0,100000,20,0.0002,76,0.00076
14,-45,1,100000,44,0.00044,66,0.00066
14,-45,2,100000,38,0.00038,74,0.00074
14,-45,3,100000,31,0.00031,87,0.00087
14,-45,4,100000,43,0.00043,88,0.00088
14,-45,5,100000,34,0.00034,67,0.00067
14,-44,0,100000,13,0.00013,69,0.00069
14,-44,1,100000,24,0.00024,80,0.0008
14,-44,2,100000,50,0.0005,84,0.00084
14,-44,3,100000,29,0.00029,86,0.00086
14,-44,4,100000,74,0.00074,98,0.00098
14,-44,5,100000,22,0.00022,77,0.00077
14,-43,0,100000,39,0.00039,88,0.00088
14,-43,1,100000,24,0.00024,71,0.00071
14,-43,2,100000,22,0.00022,66,0.00066
14,-43,3,100000,69,0.00069,94,0.00094
14,-43,4,100000,59,0.00059,90,0.0009
14,-43,5,100000,27,0.00027,74,0.00074
14,-42,0,100000,48,0.00048,125,0.00125
14,-42,1,100000,51,0.00051,115,0.00115
14,-42,2,100000,41,0.00041,98,0.00098
14,-42,3,100000,62,0.00062,120,0.0012
14,-42,4,100000,71,0.00071,150,0.0015
14,-42,5,100000,93,0.00093,186,0.00186
14,-41,0,100000,119,0.00119,268,0.00268
14,-41,1,100000,129,0.00129,300,0.003
14,-41,2,100000,94,0.00094,216,0.00216
14,-41,3,100000,105,0.00105,199,0.00199
14,-41,4,100000,133,0.00133,288,0.00288
14,-41,5,100000,149,0.00149,284,0.00284
14,-40,0,100000,266,0.00266,516,0.00516
14,-40,1,100000,256,0.00256,539,0.00539
14,-40,2,100000,190,0.0019,388,0.00388
14,-40,3,100000,202,0.00202,333,0.00333
14,-40,4,100000,189,0.00189,423,0.00423
14,-40,5,100000,244,0.00244,498,0.00498
14,-39,0,100000,332,0.00332,755,0.00755
14,-39,1,100000,388,0.00388,783,0.00783
14,-39,2,100000,265,0.00265,569,0.00569
14,-39,3,100000,189,0.00189,373,0.00373
14,-39,4,100000,302,0.00302,643,0.00643
14,-39,5,100000,347,0.00347,682,0.00682
14,-38,0,100000,476,0.00476,953,0.00953
14,-38,1,100000,432,0.00432,881,0.00881
14,-38,2,100000,324,0.00324,672,0.00672
14,-38,3,100000,313,0.00313,549,0.00549
14,-38,4,100000,357,0.00357,754,0.00754
14,-38,5,100000,416,0.00416,899,0.00899
14,-37,0,100000,449,0.00449,965,0.00965
14,-37,1,100000,455,0.00455,952,0.00952
14,-37,2,100000,329,0.00329,675,0.00675
14,-37,3,100000,270,0.0027,509,0.00509
14,-37,4,100000,362,0.00362,679,0.00679
14,-37,5,100000,414,0.00414,904,0.00904
14,-36,0,100000,444,0.00444,964,0.00964
14,-36,1,100000,463,0.00463,957,0.00957
14,-36,2,100000,310,0.0031,653,0.00653
14,-36,3,100000,260,0.0026,513,0.00513
14,-36,4,100000,340,0.0034,675,0.00675
14,-36,5,100000,455,0.00455,955,0.00955
14,-35,0,100000,470,0.0047,978,0.00978
14,-35,1,100000,417,0.00417,895,0.00895
14,-35,2,100000,336,0.00336,700,0.007
14,-35,3,100000,260,0.0026,556,0.00556
14,-35,4,100000,316,0.00316,647,0.00647
14,-35,5,100000,479,0.00479,891,0.00891
14,-34,0,100000,463,0.00463,1025,0.01025
14,-34,1,100000,484,0.00484,972,0.00972
14,-34,2,100000,363,0.00363,704,0.00704
14,-34,3,100000,270,0.0027,503,0.00503
14,-34,4,100000,314,0.00314,660,0.0066
14,-34,5,100000,428,0.00428,915,0.00915
14,-33,0,100000,468,0.00468,1003,0.01003
14,-33,1,100000,447,0.00447,929,0.00929
14,-33,2,100000,343,0.00343,693,0.00693
14,-33,3,100000,249,0.00249,537,0.00537
14,-33,4,100000,291,0.00291,638,0.00638
14,-33,5,100000,428,0.00428,905,0.00905
14,-32,0,100000,516,0.00516,1015,0.01015
14,-32,1,100000,407,0.00407,924,0.00924
14,-32,2,100000,371,0.00371,754,0.00754
14,-32,3,100000,284,0.00284,555,0.00555
14,-32,4,100000,328,0.00328,670,0.0067
14,-32,5,100000,414,0.00414,935,0.00935
14,-31,0,100000,501,0.00501,1045,0.01045
14,-31,1,100000,483,0.00483,983,0.00983
14,-31,2,100000,323,0.00323,694,0.00694
14,-31,3,100000,313,0.00313,545,0.00545
14,-31,4,100000,353,0.00353,699,0.00699
14,-31,5,100000,469,0.00469,949,0.00949
14,-30,0,100000,471,0.00471,985,0.00985
14,-30,1,100000,437,0.00437,909,0.00909
14,-30,2,100000,363,0.00363,692,0.00692
14,-30,3,100000,275,0.00275,557,0.00557
14,-30,4,100000,380,0.0038,737,0.00737
14,-30,5,100000,425,0.00425,925,0.00925
14,-29,0,100000,469,0.00469,969,0.00969
14,-29,1,100000,483,0.00483,962,0.00962
14,-29,2,100000,292,0.00292,660,0.0066
14,-29,3,100000,257,0.00257,531,0.00531
14,-29,4,100000,362,0.00362,679,0.00679
14,-29,5,100000,433,0.00433,935,0.00935
14,-28,0,100000,501,0.00501,1040,0.0104
14,-28,1,100000,456,0.00456,971,0.00971
14,-28,2,100000,296,0.00296,677,0.00677
14,-28,3,100000,271,0.00271,538,0.00538
14,-28,4,100000,345,0.00345,698,0.00698
14,-28,5,100000,412,0.00412,893,0.00893
14,-27,0,100000,426,0.00426,970,0.0097
14,-27,1,100000,534,0.00534,1013,0.01013
14,-27,2,100000,356,0.00356,693,0.00693
14,-27,3,100000,292,0.00292,540,0.0054
14,-27,4,100000,330,0.0033,696,0.00696
14,-27,5,100000,427,0.00427,910,0.0091
14,-26,0,100000,497,0.00497,1030,0.0103
14,-26,1,100000,423,0.00423,905,0.00905
14,-26,2,100000,308,0.00308,655,0.00655
14,-26,3,100000,277,0.00277,574,0.00574
14,-26,4,100000,361,0.00361,718,0.00718
14,-26,5,100000,404,0.00404,872,0.00872
14,-25,0,100000,491,0.00491,1030,0.0103
14,-25,1,100000,427,0.00427,914,0.00914
14,-25,2,100000,289,0.00289,619,0.00619
14,-25,3,100000,246,0.00246,523,0.00523
14,-25,4,100000,366,0.00366,718,0.00718
14,-25,5,100000,433,0.00433,900,0.009
14,-24,0,100000,467,0.00467,1004,0.01004
14,-24,1,100000,435,0.00435,924,0.00924
14,-24,2,100000,315,0.00315,702,0.00702
14,-24,3,100000,259,0.00259,514,0.00514
14,-24,4,100000,316,0.00316,661,0.00661
14,-24,5,100000,460,0.0046,984,0.00984
14,-23,0,100000,526,0.00526,1064,0.01064
14,-23,1,100000,426,0.00426,909,0.00909
14,-23,2,100000,301,0.00301,650,0.0065
14,-23,3,100000,268,0.00268,544,0.00544
14,-23,4,100000,348,0.00348,724,0.00724
14,-23,5,100000,457,0.00457,954,0.00954
14,-22,0,100000,475,0.00475,1011,0.01011
14,-22,1,100000,475,0.00475,922,0.00922
14,-22,2,100000,302,0.00302,669,0.00669
14,-22,3,100000,256,0.00256,572,0.00572
14,-22,4,100000,361,0.00361,676,0.00676
14,-22,5,100000,485,0.00485,970,0.0097
14,-21,0,100000,435,0.00435,971,0.00971
14,-21,1,100000,434,0.00434,987,0.00987
14,-21,2,100000,332,0.00332,687,0.00687
14,-21,3,100000,304,0.00304,560,0.0056
14,-21,4,100000,329,0.00329,652,0.00652
14,-21,5,100000,442,0.00442,948,0.00948
14,-20,0,100000,488,0.00488,1043,0.01043
14,-20,1,100000,492,0.00492,963,0.00963
14,-20,2,100000,323,0.00323,654,0.00654
14,-20,3,100000,269,0.00269,559,0.00559
14,-20,4,100000,329,0.00329,688,0.00688
14,-20,5,100000,435,0.00435,934,0.00934
14,-19,0,100000,492,0.00492,1013,0.01013
14,-19,1,100000,442,0.00442,894,0.00894
14,-19,2,100000,330,0.0033,707,0.00707
14,-19,3,100000,269,0.00269,547,0.00547
14,-19,4,100000,348,0.00348,707,0.00707
14,-19,5,100000,471,0.00471,942,0.00942
14,-18,0,100000,501,0.00501,980,0.0098
14,-18,1,100000,404,0.00404,920,0.0092
14,-18,2,100000,328,0.00328,692,0.00692
14,-18,3,100000,296,0.00296,566,0.00566
14,-18,4,100000,336,0.00336,703,0.00703
14,-18,5,100000,477,0.00477,948,0.00948
14,-17,0,100000,484,0.00484,1010,0.0101
14,-17,1,100000,465,0.00465,913,0.00913
14,-17,2,100000,355,0.00355,696,0.00696
14,-17,3,100000,248,0.00248,526,0.00526
14,-17,4,100000,308,0.00308,688,0.00688
14,-17,5,100000,421,0.00421,881,0.00881
14,-16,0,100000,411,0.00411,960,0.0096
14,-16,1,100000,433,0.00433,925,0.00925
14,-16,2,100000,358,0.00358,697,0.00697
14,-16,3,100000,274,0.00274,531,0.00531
14,-16,4,100000,347,0.00347,690,0.0069
14,-16,5,100000,456,0.00456,958,0.00958
14,-15,0,100000,493,0.00493,1069,0.01069
14,-15,1,100000,456,0.00456,963,0.00963
14,-15,2,100000,379,0.00379,695,0.00695
14,-15,3,100000,259,0.00259,532,0.00532
14,-15,4,100000,337,0.00337,666,0.00666
14,-15,5,100000,401,0.00401,885,0.00885
14,-14,0,100000,504,0.00504,1083,0.01083
14,-14,1,100000,444,0.00444,920,0.0092
14,-14,2,100000,319,0.00319,676,0.00676
14,-14,3,100000,231,0.00231,501,0.00501
14,-14,4,100000,365,0.00365,717,0.00717
14,-14,5,100000,425,0.00425,930,0.0093
14,-13,0,100000,496,0.00496,990,0.0099
14,-13,1,100000,416,0.00416,898,0.00898
14,-13,2,100000,342,0.00342,657,0.00657
14,-13,3,100000,286,0.00286,572,0.00572
14,-13,4,100000,355,0.00355,688,0.00688
14,-13,5,100000,477,0.00477,932,0.00932
14,-12,0,100000,506,0.00506,1021,0.01021
14,-12,1,100000,422,0.00422,912,0.00912
14,-12,2,100000,343,0.00343,699,0.00699
14,-12,3,100000,298,0.00298,543,0.00543
14,-12,4,100000,340,0.0034,699,0.00699
14,-12,5,100000,377,0.00377,870,0.0087
14,-11,0,100000,456,0.00456,921,0.00921
14,-11,1,100000,441,0.00441,923,0.00923
14,-11,2,100000,383,0.00383,736,0.00736
14,-11,3,100000,255,0.00255,544,0.00544
14,-11,4,100000,357,0.00357,689,0.00689
14,-11,5,100000,427,0.00427,929,0.00929
14,-10,0,100000,479,0.00479,1032,0.01032
14,-10,1,100000,456,0.00456,921,0.00921
14,-10,2,100000,361,0.00361,750,0.0075
14,-10,3,100000,277,0.00277,529,0.00529
14,-10,4,100000,364,0.00364,759,0.00759
14,-10,5,100000,492,0.00492,908,0.00908
14,-9,0,100000,501,0.00501,1002,0.01002
14,-9,1,100000,452,0.00452,943,0.00943
14,-9,2,100000,319,0.00319,669,0.00669
14,-9,3,100000,240,0.0024,516,0.00516
14,-9,4,100000,335,0.00335,656,0.00656
14,-9,5,100000,448,0.00448,884,0.00884
14,-8,0,100000,521,0.00521,1013,0.01013
14,-8,1,100000,463,0.00463,934,0.00934
14,-8,2,100000,399,0.00399,733,0.00733
14,-8,3,100000,311,0.00311,596,0.00596
14,-8,4,100000,327,0.00327,697,0.00697
14,-8,5,100000,378,0.00378,850,0.0085
14,-7,0,100000,509,0.00509,1031,0.01031
14,-7,1,100000,445,0.00445,924,0.00924
14,-7,2,100000,297,0.00297,680,0.0068
14,-7,3,100000,251,0.00251,522,0.00522
14,-7,4,100000,303,0.00303,655,0.00655
14,-7,5,100000,446,0.00446,939,0.00939
14,-6,0,100000,472,0.00472,1001,0.01001
14,-6,1,100000,425,0.00425,887,0.00887
14,-6,2,100000,348,0.00348,695,0.00695
14,-6,3,100000,296,0.00296,568,0.00568
14,-6,4,100000,323,0.00323,651,0.00651
14,-6,5,100000,427,0.00427,934,0.00934
14,-5,0,100000,491,0.00491,1084,0.01084
14,-5,1,100000,494,0.00494,963,0.00963
14,-5,2,100000,374,0.00374,726,0.00726
14,-5,3,100000,268,0.00268,542,0.00542
14,-5,4,100000,340,0.0034,640,0.0064
14,-5,5,100000,429,0.00429,909,0.00909
14,-4,0,100000,501,0.00501,1029,0.01029
14,-4,1,100000,479,0.00479,923,0.00923
14,-4,2,100000,368,0.00368,711,0.00711
14,-4,3,100000,251,0.00251,519,0.00519
14,-4,4,100000,368,0.00368,711,0.00711
14,-4,5,100000,459,0.00459,964,0.00964
14,-3,0,100000,460,0.0046,1015,0.01015
14,-3,1,100000,464,0.00464,973,0.00973
14,-3,2,100000,325,0.00325,662,0.00662
14,-3,3,100000,292,0.00292,573,0.00573
14,-3,4,100000,344,0.00344,667,0.00667
14,-3,5,100000,493,0.00493,894,0.00894
14,-2,0,100000,492,0.00492,1033,0.01033
14,-2,1,100000,474,0.00474,926,0.00926
14,-2,2,100000,306,0.00306,685,0.00685
14,-2,3,100000,271,0.00271,557,0.00557
14,-2,4,100000,361,0.00361,708,0.00708
14,-2,5,100000,453,0.00453,948,0.00948
14,-1,0,100000,472,0.00472,1015,0.01015
14,-1,1,100000,422,0.00422,883,0.00883
14,-1,2,100000,381,0.00381,742,0.00742
14,-1,3,100000,283,0.00283,539,0.00539
14,-1,4,100000,325,0.00325,667,0.00667
14,-1,5,100000,451,0.00451,920,0.0092
14,0,0,100000,485,0.00485,1000,0.01
14,0,1,100000,407,0.00407,912,0.00912
14,0,2,100000,369,0.00369,713,0.00713
14,0,3,100000,259,0.00259,543,0.00543
14,0,4,100000,308,0.00308,680,0.0068
14,0,5,100000,443,0.00443,948,0.00948
14,1,0,100000,458,0.00458,1024,0.01024
14,1,1,100000,395,0.00395,885,0.00885
14,1,2,100000,307,0.00307,651,0.00651
14,1,3,100000,262,0.00262,526,0.00526
14,1,4,100000,357,0.00357,686,0.00686
14,1,5,100000,473,0.00473,958,0.00958
14,2,0,100000,516,0.00516,1108,0.01108
14,2,1,100000,487,0.00487,975,0.00975
14,2,2,100000,354,0.00354,677,0.00677
14,2,3,100000,306,0.00306,581,0.00581
14,2,4,100000,360,0.0036,735,0.00735
14,2,5,100000,431,0.00431,936,0.00936
14,3,0,100000,483,0.00483,1014,0.01014
14,3,1,100000,401,0.00401,882,0.00882
14,3,2,100000,292,0.00292,659,0.00659
14,3,3,100000,289,0.00289,535,0.00535
14,3,4,100000,317,0.00317,681,0.00681
14,3,5,100000,442,0.00442,926,0.00926
14,4,0,100000,465,0.00465,1019,0.01019
14,4,1,100000,425,0.00425,897,0.00897
14,4,2,100000,295,0.00295,658,0.00658
14,4,3,100000,279,0.00279,551,0.00551
14,4,4,100000,354,0.00354,693,0.00693
14,4,5,100000,472,0.00472,945,0.00945
14,5,0,100000,516,0.00516,1042,0.01042
14,5,1,100000,446,0.00446,882,0.00882
14,5,2,100000,346,0.00346,711,0.00711
14,5,3,100000,241,0.00241,500,0.005
14,5,4,100000,354,0.00354,688,0.00688
14,5,5,100000,484,0.00484,983,0.00983
14,6,0,100000,519,0.00519,1074,0.01074
14,6,1,100000,488,0.00488,966,0.00966
14,6,2,100000,343,0.00343,746,0.00746
14,6,3,100000,251,0.00251,551,0.00551
14,6,4,100000,352,0.00352,690,0.0069
14,6,5,100000,441,0.00441,911,0.00911
14,7,0,100000,474,0.00474,1004,0.01004
14,7,1,100000,413,0.00413,952,0.00952
14,7,2,100000,336,0.00336,696,0.00696
14,7,3,100000,312,0.00312,585,0.00585
14,7,4,100000,375,0.00375,671,0.00671
14,7,5,100000,490,0.0049,995,0.00995
14,8,0,100000,514,0.00514,1044,0.01044
14,8,1,100000,469,0.00469,944,0.00944
14,8,2,100000,319,0.00319,685,0.00685
14,8,3,100000,308,0.00308,566,0.00566
14,8,4,100000,337,0.00337,696,0.00696
14,8,5,100000,439,0.00439,913,0.00913
14,9,0,100000,505,0.00505,1048,0.01048
14,9,1,100000,475,0.00475,962,0.00962
14,9,2,100000,385,0.00385,768,0.00768
14,9,3,100000,272,0.00272,520,0.0052
14,9,4,100000,323,0.00323,652,0.00652
14,9,5,100000,447,0.00447,885,0.00885
14,10,0,100000,448,0.00448,1005,0.01005
14,10,1,100000,466,0.00466,918,0.00918
14,10,2,100000,389,0.00389,727,0.00727
14,10,3,100000,305,0.00305,550,0.0055
14,10,4,100000,322,0.00322,693,0.00693
14,10,5,100000,489,0.00489,973,0.00973
14,11,0,100000,470,0.0047,1027,0.01027
14,11,1,100000,461,0.00461,916,0.00916
14,11,2,100000,341,0.00341,699,0.00699
14,11,3,100000,268,0.00268,547,0.00547
14,11,4,100000,367,0.00367,691,0.00691
14,11,5,100000,453,0.00453,909,0.00909
14,12,0,100000,501,0.00501,980,0.0098
14,12,1,100000,444,0.00444,896,0.00896
14,12,2,100000,314,0.00314,691,0.00691
14,12,3,100000,278,0.00278,539,0.00539
14,12,4,100000,320,0.0032,709,0.00709
14,12,5,100000,435,0.00435,932,0.00932
14,13,0,100000,486,0.00486,1032,0.01032
14,13,1,100000,401,0.00401,873,0.00873
14,13,2,100000,368,0.00368,681,0.00681
14,13,3,100000,254,0.00254,523,0.00523
14,13,4,100000,380,0.0038,749,0.00749
14,13,5,100000,436,0.00436,954,0.00954
14,14,0,100000,483,0.00483,1034,0.01034
14,14,1,100000,401,0.00401,898,0.00898
14,14,2,100000,330,0.0033,656,0.00656
14,14,3,100000,250,0.0025,530,0.0053
14,14,4,100000,312,0.00312,658,0.00658
14,14,5,100000,412,0.00412,927,0.00927
14,15,0,100000,490,0.0049,1005,0.01005
14,15,1,100000,463,0.00463,930,0.0093
14,15,2,100000,325,0.00325,689,0.00689
14,15,3,100000,227,0.00227,505,0.00505
14,15,4,100000,379,0.00379,680,0.0068
14,15,5,100000,524,0.00524,973,0.00973
14,16,0,100000,429,0.00429,1002,0.01002
14,16,1,100000,452,0.00452,899,0.00899
14,16,2,100000,308,0.00308,678,0.00678
14,16,3,100000,304,0.00304,535,0.00535
14,16,4,100000,305,0.00305,649,0.00649
14,16,5,100000,447,0.00447,916,0.00916
14,17,0,100000,478,0.00478,1008,0.01008
14,17,1,100000,416,0.00416,931,0.00931
14,17,2,100000,325,0.00325,715,0.00715
14,17,3,100000,272,0.00272,558,0.00558
14,17,4,100000,349,0.00349,679,0.00679
14,17,5,100000,414,0.00414,879,0.00879
14,18,0,100000,431,0.00431,981,0.00981
14,18,1,100000,512,0.00512,1008,0.01008
14,18,2,100000,356,0.00356,704,0.00704
14,18,3,100000,270,0.0027,557,0.00557
14,18,4,100000,328,0.00328,651,0.00651
14,18,5,100000,458,0.00458,918,0.00918
14,19,0,100000,483,0.00483,1040,0.0104
14,19,1,100000,479,0.00479,971,0.00971
14,19,2,100000,324,0.00324,696,0.00696
14,19,3,100000,309,0.00309,532,0.00532
14,19,4,100000,307,0.00307,673,0.00673
14,19,5,100000,494,0.00494,918,0.00918
14,20,0,100000,501,0.00501,1015,0.01015
14,20,1,100000,478,0.00478,958,0.00958
14,20,2,100000,330,0.0033,676,0.00676
14,20,3,100000,270,0.0027,558,0.00558
14,20,4,100000,322,0.00322,692,0.00692
14,20,5,100000,474,0.00474,930,0.0093
14,21,0,100000,522,0.00522,1032,0.01032
14,21,1,100000,442,0.00442,899,0.00899
14,21,2,100000,318,0.00318,691,0.00691
14,21,3,100000,302,0.00302,552,0.00552
14,21,4,100000,309,0.00309,677,0.00677
14,21,5,100000,459,0.00459,946,0.00946
14,22,0,100000,495,0.00495,1014,0.01014
14,22,1,100000,486,0.00486,923,0.00923
14,22,2,100000,349,0.00349,650,0.0065
14,22,3,100000,279,0.00279,531,0.00531
14,22,4,100000,356,0.00356,663,0.00663
14,22,5,100000,488,0.00488,987,0.00987
14,23,0,100000,457,0.00457,964,0.00964
14,23,1,100000,522,0.00522,996,0.00996
14,23,2,100000,342,0.00342,672,0.00672
14,23,3,100000,260,0.0026,544,0.00544
14,23,4,100000,362,0.00362,673,0.00673
14,23,5,100000,489,0.00489,940,0.0094
14,24,0,100000,477,0.00477,1001,0.01001
14,24,1,100000,452,0.00452,922,0.00922
14,24,2,100000,394,0.00394,723,0.00723
14,24,3,100000,287,0.00287,560,0.0056
14,24,4,100000,341,0.00341,687,0.00687
14,24,5,100000,494,0.00494,992,0.00992
14,25,0,100000,466,0.00466,1012,0.01012
14,25,1,100000,445,0.00445,937,0.00937
14,25,2,100000,294,0.00294,665,0.00665
14,25,3,100000,268,0.00268,508,0.00508
14,25,4,100000,341,0.00341,684,0.00684
14,25,5,100000,448,0.00448,907,0.00907
14,26,0,100000,524,0.00524,1011,0.01011
14,26,1,100000,436,0.00436,941,0.00941
14,26,2,100000,350,0.0035,709,0.00709
14,26,3,100000,228,0.00228,490,0.0049
14,26,4,100000,373,0.00373,719,0.00719
14,26,5,100000,434,0.00434,924,0.00924
14,27,0,100000,484,0.00484,1020,0.0102
14,27,1,100000,403,0.00403,936,0.00936
14,27,2,100000,314,0.00314,672,0.00672
14,27,3,100000,265,0.00265,566,0.00566
14,27,4,100000,351,0.00351,683,0.00683
14,27,5,100000,458,0.00458,907,0.00907
14,28,0,100000,488,0.00488,995,0.00995
14,28,1,100000,468,0.00468,939,0.00939
14,28,2,100000,344,0.00344,700,0.007
14,28,3,100000,258,0.00258,567,0.00567
14,28,4,100000,350,0.0035,673,0.00673
14,28,5,100000,437,0.00437,978,0.00978
14,29,0,100000,460,0.0046,1015,0.01015
14,29,1,100000,460,0.0046,911,0.00911
14,29,2,100000,340,0.0034,699,0.00699
14,29,3,100000,286,0.00286,584,0.00584
14,29,4,100000,347,0.00347,712,0.00712
14,29,5,100000,433,0.00433,902,0.00902
14,30,0,100000,487,0.00487,1057,0.01057
14,30,1,100000,518,0.00518,993,0.00993
14,30,2,100000,368,0.00368,715,0.00715
14,30,3,100000,252,0.00252,501,0.00501
14,30,4,100000,363,0.00363,687,0.00687
14,30,5,100000,455,0.00455,911,0.00911
14,31,0,100000,512,0.00512,1028,0.01028
14,31,1,100000,427,0.00427,942,0.00942
14,31,2,100000,314,0.00314,677,0.00677
14,31,3,100000,274,0.00274,562,0.00562
14,31,4,100000,362,0.00362,689,0.00689
14,31,5,100000,430,0.0043,917,0.00917
14,32,0,100000,444,0.00444,940,0.0094
14,32,1,100000,424,0.00424,927,0.00927
14,32,2,100000,313,0.00313,689,0.00689
14,32,3,100000,244,0.00244,523,0.00523
14,32,4,100000,308,0.00308,679,0.00679
14,32,5,100000,439,0.00439,885,0.00885
14,33,0,100000,472,0.00472,1048,0.01048
14,33,1,100000,436,0.00436,910,0.0091
14,33,2,100000,333,0.00333,666,0.00666
14,33,3,100000,279,0.00279,530,0.0053
14,33,4,100000,361,0.00361,708,0.00708
14,33,5,100000,408,0.00408,909,0.00909
14,34,0,100000,494,0.00494,1026,0.01026
14,34,1,100000,460,0.0046,956,0.00956
14,34,2,100000,331,0.00331,707,0.00707
14,34,3,100000,279,0.00279,549,0.00549
14,34,4,100000,364,0.00364,710,0.0071
14,34,5,100000,440,0.0044,929,0.00929
14,35,0,100000,489,0.00489,1036,0.01036
14,35,1,100000,434,0.00434,933,0.00933
14,35,2,100000,339,0.00339,672,0.00672
14,35,3,100000,228,0.00228,522,0.00522
14,35,4,100000,332,0.00332,697,0.00697
14,35,5,100000,465,0.00465,897,0.00897
14,36,0,100000,444,0.00444,977,0.00977
14,36,1,100000,446,0.00446,939,0.00939
14,36,2,100000,347,0.00347,739,0.00739
14,36,3,100000,246,0.00246,510,0.0051
14,36,4,100000,341,0.00341,669,0.00669
14,36,5,100000,453,0.00453,932,0.00932
14,37,0,100000,494,0.00494,1031,0.01031
14,37,1,100000,410,0.0041,896,0.00896
14,37,2,100000,318,0.00318,703,0.00703
14,37,3,100000,260,0.0026,519,0.00519
14,37,4,100000,339,0.00339,669,0.00669
14,37,5,100000,434,0.00434,921,0.00921
14,38,0,100000,452,0.00452,922,0.00922
14,38,1,100000,422,0.00422,881,0.00881
14,38,2,100000,358,0.00358,706,0.00706
14,38,3,100000,231,0.00231,515,0.00515
14,38,4,100000,345,0.00345,660,0.0066
14,38,5,100000,448,0.00448,880,0.0088
14,39,0,100000,372,0.00372,729,0.00729
14,39,1,100000,353,0.00353,704,0.00704
14,39,2,100000,316,0.00316,619,0.00619
14,39,3,100000,224,0.00224,382,0.00382
14,39,4,100000,267,0.00267,537,0.00537
14,39,5,100000,376,0.00376,734,0.00734
14,40,0,100000,253,0.00253,531,0.00531
14,40,1,100000,252,0.00252,498,0.00498
14,40,2,100000,182,0.00182,388,0.00388
14,40,3,100000,161,0.00161,312,0.00312
14,40,4,100000,189,0.00189,380,0.0038
14,40,5,100000,246,0.00246,513,0.00513
14,41,0,100000,138,0.00138,258,0.00258
14,41,1,100000,142,0.00142,319,0.00319
14,41,2,100000,134,0.00134,281,0.00281
14,41,3,100000,88,0.00088,193,0.00193
14,41,4,100000,90,0.0009,203,0.00203
14,41,5,100000,146,0.00146,279,0.00279
14,42,0,100000,68,0.00068,124,0.00124
14,42,1,100000,92,0.00092,185,0.00185
14,42,2,100000,72,0.00072,159,0.00159
14,42,3,100000,70,0.0007,128,0.00128
14,42,4,100000,45,0.00045,94,0.00094
14,42,5,100000,52,0.00052,119,0.00119
14,43,0,100000,25,0.00025,79,0.00079
14,43,1,100000,32,0.00032,75,0.00075
14,43,2,100000,47,0.00047,107,0.00107
14,43,3,100000,54,0.00054,93,0.00093
14,43,4,100000,20,0.0002,71,0.00071
14,43,5,100000,39,0.00039,81,0.00081
14,44,0,100000,37,0.00037,91,0.00091
14,44,1,100000,52,0.00052,92,0.00092
14,44,2,100000,30,0.0003,77,0.00077
14,44,3,100000,57,0.00057,91,0.00091
14,44,4,100000,48,0.00048,103,0.00103
14,44,5,100000,47,0.00047,104,0.00104
14,45,0,100000,36,0.00036,90,0.0009
14,45,1,100000,15,0.00015,77,0.00077
14,45,2,100000,35,0.00035,99,0.00099
14,45,3,100000,23,0.00023,93,0.00093
14,45,4,100000,28,0.00028,69,0.00069
14,45,5,100000,36,0.00036,73,0.00073
14,46,0,100000,39,0.00039,72,0.00072
14,46,1,100000,32,0.00032,86,0.00086
14,46,2,100000,25,0.00025,83,0.00083
14,46,3,100000,39,0.00039,66,0.00066
14,46,4,100000,41,0.00041,81,0.00081
14,46,5,100000,24,0.00024,76,0.00076
14,47,0,100000,26,0.00026,88,0.00088
14,47,1,100000,48,0.00048,79,0.00079
14,47,2,100000,40,0.0004,64,0.00064
14,47,3,100000,12,0.00012,69,0.00069
14,47,4,100000,19,0.00019,73,0.00073
14,47,5,100000,35,0.00035,81,0.00081
14,48,0,100000,21,0.00021,77,0.00077
14,48,1,100000,32,0.00032,66,0.00066
14,48,2,100000,42,0.00042,75,0.00075
14,48,3,100000,27,0.00027,82,0.00082
14,48,4,100000,24,0.00024,83,0.00083
14,48,5,100000,15,0.00015,60,0.0006
14,49,0,100000,24,0.00024,67,0.00067
14,49,1,100000,32,0.00032,77,0.00077
14,49,2,100000,39,0.00039,70,0.0007
14,49,3,100000,25,0.00025,71,0.00071
14,49,4,100000,38,0.00038,68,0.00068
14,49,5,100000,29,0.00029,81,0.00081
14,50,0,100000,18,0.00018,75,0.00075
14,50,1,100000,44,0.00044,79,0.00079
14,50,2,100000,33,0.00033,67,0.00067
14,50,3,100000,28,0.00028,73,0.00073
14,50,4,100000,27,0.00027,78,0.00078
14,50,5,100000,11,0.00011,63,0.00063
15,-50,0,100000,38,0.00038,85,0.00085
15,-50,1,100000,38,0.00038,83,0.00083
15,-50,2,100000,36,0.00036,66,0.00066
15,-50,3,100000,36,0.00036,82,0.00082
15,-50,4,100000,35,0.00035,71,0.00071
15,-50,5,100000,37,0.00037,83,0.00083
15,-49,0,100000,34,0.00034,75,0.00075
15,-49,1,100000,35,0.00035,76,0.00076
15,-49,2,100000,35,0.00035,78,0.00078
15,-49,3,100000,60,0.0006,87,0.00087
15,-49,4,100000,26,0.00026,75,0.00075
15,-49,5,100000,52,0.00052,72,0.00072
15,-48,0,100000,34,0.00034,85,0.00085
15,-48,1,100000,20,0.0002,77,0.00077
15,-48,2,100000,37,0.00037,67,0.00067
15,-48,3,100000,35,0.00035,81,0.00081
15,-48,4,100000,23,0.00023,79,0.00079
15,-48,5,100000,32,0.00032,73,0.00073
15,-47,0,100000,28,0.00028,78,0.00078
15,-47,1,100000,33,0.00033,76,0.00076
15,-47,2,100000,51,0.00051,91,0.00091
15,-47,3,100000,47,0.00047,76,0.00076
15,-47,4,100000,30,0.0003,77,0.00077
15,-47,5,100000,12,0.00012,69,0.00069
15,-46,0,100000,36,0.00036,82,0.00082
15,-46,1,100000,27,0.00027,70,0.0007
15,-46,2,100000,34,0.00034,61,0.00061
15,-46,3,100000,30,0.0003,80,0.0008
15,-46,4,100000,49,0.00049,99,0.00099
15,-46,5,100000,40,0.0004,74,0.00074
15,-45,0,100000,30,0.0003,79,0.00079
15,-45,1,100000,27,0.00027,89,0.00089
15,-45,2,100000,21,0.00021,76,0.00076
15,-45,3,100000,56,0.00056,94,0.00094
15,-45,4,100000,24,0.00024,84,0.00084
15,-45,5,100000,38,0.00038,83,0.00083
15,-44,0,100000,39,0.00039,82,0.00082
15,-44,1,100000,28,0.00028,75,0.00075
15,-44,2,100000,29,0.00029,91,0.00091
15,-44,3,100000,51,0.00051,89,0.00089
15,-44,4,100000,26,0.00026,81,0.00081
15,-44,5,100000,37,0.00037,88,0.00088
15,-43,0,100000,41,0.00041,88,0.00088
15,-43,1,100000,33,0.00033,86,0.00086
15,-43,2,100000,40,0.0004,85,0.00085
15,-43,3,100000,50,0.0005,85,0.00085
15,-43,4,100000,51,0.00051,99,0.00099
15,-43,5,100000,46,0.00046,109,0.00109
15,-42,0,100000,62,0.00062,130,0.0013
15,-42,1,100000,66,0.00066,120,0.0012
15,-42,2,100000,47,0.00047,107,0.00107
15,-42,3,100000,59,0.00059,135,0.00135
15,-42,4,100000,56,0.00056,139,0.00139
15,-42,5,100000,88,0.00088,180,0.0018
15,-41,0,100000,170,0.0017,312,0.00312
15,-41,1,100000,123,0.00123,272,0.00272
15,-41,2,100000,101,0.00101,216,0.00216
15,-41,3,100000,97,0.00097,203,0.00203
15,-41,4,100000,155,0.00155,272,0.00272
15,-41,5,100000,121,0.00121,279,0.00279
15,-40,0,100000,220,0.0022,454,0.00454
15,-40,1,100000,216,0.00216,447,0.00447
15,-40,2,100000,187,0.00187,360,0.0036
15,-40,3,100000,145,0.00145,279,0.00279
15,-40,4,100000,179,0.00179,399,0.00399
15,-40,5,100000,224,0.00224,404,0.00404
15,-39,0,100000,379,0.00379,667,0.00667
15,-39,1,100000,325,0.00325,650,0.0065
15,-39,2,100000,260,0.0026,512,0.00512
15,-39,3,100000,149,0.00149,336,0.00336
15,-39,4,100000,255,0.00255,532,0.00532
15,-39,5,100000,283,0.00283,611,0.00611
15,-38,0,100000,358,0.00358,782,0.00782
15,-38,1,100000,412,0.00412,807,0.00807
15,-38,2,100000,270,0.0027,567,0.00567
15,-38,3,100000,241,0.00241,464,0.00464
15,-38,4,100000,324,0.00324,627,0.00627
15,-38,5,100000,344,0.00344,763,0.00763
15,-37,0,100000,421,0.00421,898,0.00898
15,-37,1,100000,405,0.00405,794,0.00794
15,-37,2,100000,324,0.00324,569,0.00569
15,-37,3,100000,244,0.00244,472,0.00472
15,-37,4,100000,285,0.00285,583,0.00583
15,-37,5,100000,418,0.00418,804,0.00804
15,-36,0,100000,375,0.00375,817,0.00817
15,-36,1,100000,370,0.0037,800,0.008
15,-36,2,100000,251,0.00251,556,0.00556
15,-36,3,100000,224,0.00224,454,0.00454
15,-36,4,100000,279,0.00279,595,0.00595
15,-36,5,100000,389,0.00389,789,0.00789
15,-35,0,100000,448,0.00448,906,0.00906
15,-35,1,100000,430,0.0043,855,0.00855
15,-35,2,100000,327,0.00327,595,0.00595
15,-35,3,100000,255,0.00255,488,0.00488
15,-35,4,100000,311,0.00311,604,0.00604
15,-35,5,100000,396,0.00396,830,0.0083
15,-34,0,100000,395,0.00395,897,0.00897
15,-34,1,100000,410,0.0041,822,0.00822
15,-34,2,100000,286,0.00286,601,0.00601
15,-34,3,100000,255,0.00255,488,0.00488
15,-34,4,100000,323,0.00323,656,0.00656
15,-34,5,100000,364,0.00364,798,0.00798
15,-33,0,100000,375,0.00375,879,0.00879
15,-33,1,100000,412,0.00412,802,0.00802
15,-33,2,100000,285,0.00285,577,0.00577
15,-33,3,100000,202,0.00202,473,0.00473
15,-33,4,100000,284,0.00284,631,0.00631
15,-33,5,100000,430,0.0043,800,0.008
15,-32,0,100000,472,0.00472,914,0.00914
15,-32,1,100000,392,0.00392,774,0.00774
15,-32,2,100000,285,0.00285,582,0.00582
15,-32,3,100000,218,0.00218,467,0.00467
15,-32,4,100000,271,0.00271,607,0.00607
15,-32,5,100000,402,0.00402,819,0.00819
15,-31,0,100000,415,0.00415,857,0.00857
15,-31,1,100000,395,0.00395,868,0.00868
15,-31,2,100000,281,0.00281,604,0.00604
15,-31,3,100000,223,0.00223,471,0.00471
15,-31,4,100000,297,0.00297,619,0.00619
15,-31,5,100000,373,0.00373,797,0.00797
15,-30,0,100000,423,0.00423,888,0.00888
15,-30,1,100000,363,0.00363,792,0.00792
15,-30,2,100000,324,0.00324,635,0.00635
15,-30,3,100000,248,0.00248,496,0.00496
15,-30,4,100000,301,0.00301,603,0.00603
15,-30,5,100000,407,0.00407,829,0.00829
15,-29,0,100000,407,0.00407,898,0.00898
15,-29,1,100000,415,0.00415,850,0.0085
15,-29,2,100000,267,0.00267,590,0.0059
15,-29,3,100000,224,0.00224,455,0.00455
15,-29,4,100000,291,0.00291,579,0.00579
15,-29,5,100000,393,0.00393,802,0.00802
15,-28,0,100000,441,0.00441,922,0.00922
15,-28,1,100000,432,0.00432,854,0.00854
15,-28,2,100000,297,0.00297,626,0.00626
15,-28,3,100000,242,0.00242,500,0.005
15,-28,4,100000,316,0.00316,623,0.00623
15,-28,5,100000,416,0.00416,813,0.00813
15,-27,0,100000,368,0.00368,846,0.00846
15,-27,1,100000,390,0.0039,818,0.00818
15,-27,2,100000,328,0.00328,648,0.00648
15,-27,3,100000,225,0.00225,445,0.00445
15,-27,4,100000,318,0.00318,652,0.00652
15,-27,5,100000,367,0.00367,806,0.00806
15,-26,0,100000,433,0.00433,886,0.00886
15,-26,1,100000,427,0.00427,856,0.00856
15,-26,2,100000,318,0.00318,606,0.00606
15,-26,3,100000,205,0.00205,464,0.00464
15,-26,4,100000,311,0.00311,608,0.00608
15,-26,5,100000,401,0.00401,828,0.00828
15,-25,0,100000,434,0.00434,898,0.00898
15,-25,1,100000,407,0.00407,804,0.00804
15,-25,2,100000,314,0.00314,619,0.00619
15,-25,3,100000,250,0.0025,491,0.00491
15,-25,4,100000,322,0.00322,639,0.00639
15,-25,5,100000,407,0.00407,839,0.00839
15,-24,0,100000,400,0.004,820,0.0082
15,-24,1,100000,428,0.00428,835,0.00835
15,-24,2,100000,298,0.00298,639,0.00639
15,-24,3,100000,262,0.00262,490,0.0049
15,-24,4,100000,291,0.00291,607,0.00607
15,-24,5,100000,412,0.00412,851,0.00851
15,-23,0,100000,390,0.0039,894,0.00894
15,-23,1,100000,411,0.00411,829,0.00829
15,-23,2,100000,288,0.00288,633,0.00633
15,-23,3,100000,222,0.00222,467,0.00467
15,-23,4,100000,320,0.0032,651,0.00651
15,-23,5,100000,385,0.00385,831,0.00831
15,-22,0,100000,421,0.00421,875,0.00875
15,-22,1,100000,400,0.004,842,0.00842
15,-22,2,100000,263,0.00263,569,0.00569
15,-22,3,100000,228,0.00228,466,0.00466
15,-22,4,100000,275,0.00275,621,0.00621
15,-22,5,100000,364,0.00364,818,0.00818
15,-21,0,100000,423,0.00423,886,0.00886
15,-21,1,100000,425,0.00425,783,0.00783
15,-21,2,100000,296,0.00296,605,0.00605
15,-21,3,100000,259,0.00259,470,0.0047
15,-21,4,100000,273,0.00273,589,0.00589
15,-21,5,100000,398,0.00398,780,0.0078
15,-20,0,100000,387,0.00387,869,0.00869
15,-20,1,100000,353,0.00353,788,0.00788
15,-20,2,100000,283,0.00283,634,0.00634
15,-20,3,100000,252,0.00252,476,0.00476
15,-20,4,100000,326,0.00326,599,0.00599
15,-20,5,100000,406,0.00406,834,0.00834
15,-19,0,100000,442,0.00442,863,0.00863
15,-19,1,100000,340,0.0034,746,0.00746
15,-19,2,100000,301,0.00301,605,0.00605
15,-19,3,100000,224,0.00224,445,0.00445
15,-19,4,100000,296,0.00296,595,0.00595
15,-19,5,100000,397,0.00397,798,0.00798
15,-18,0,100000,406,0.00406,907,0.00907
15,-18,1,100000,397,0.00397,809,0.00809
15,-18,2,100000,314,0.00314,615,0.00615
15,-18,3,100000,233,0.00233,442,0.00442
15,-18,4,100000,267,0.00267,596,0.00596
15,-18,5,100000,379,0.00379,805,0.00805
15,-17,0,100000,430,0.0043,923,0.00923
15,-17,1,100000,396,0.00396,833,0.00833
15,-17,2,100000,277,0.00277,614,0.00614
15,-17,3,100000,241,0.00241,499,0.00499
15,-17,4,100000,321,0.00321,613,0.00613
15,-17,5,100000,380,0.0038,789,0.00789
15,-16,0,100000,422,0.00422,891,0.00891
15,-16,1,100000,418,0.00418,831,0.00831
15,-16,2,100000,290,0.0029,593,0.00593
15,-16,3,100000,243,0.00243,467,0.00467
15,-16,4,100000,276,0.00276,624,0.00624
15,-16,5,100000,387,0.00387,826,0.00826
15,-15,0,100000,419,0.00419,894,0.00894
15,-15,1,100000,404,0.00404,847,0.00847
15,-15,2,100000,298,0.00298,616,0.00616
15,-15,3,100000,259,0.00259,521,0.00521
15,-15,4,100000,282,0.00282,598,0.00598
15,-15,5,100000,419,0.00419,807,0.00807
15,-14,0,100000,430,0.0043,851,0.00851
15,-14,1,100000,363,0.00363,787,0.00787
15,-14,2,100000,279,0.00279,623,0.00623
15,-14,3,100000,201,0.00201,429,0.00429
15,-14,4,100000,298,0.00298,590,0.0059
15,-14,5,100000,367,0.00367,782,0.00782
15,-13,0,100000,426,0.00426,904,0.00904
15,-13,1,100000,394,0.00394,830,0.0083
15,-13,2,100000,338,0.00338,651,0.00651
15,-13,3,100000,273,0.00273,489,0.00489
15,-13,4,100000,288,0.00288,609,0.00609
15,-13,5,100000,371,0.00371,833,0.00833
15,-12,0,100000,460,0.0046,971,0.00971
15,-12,1,100000,429,0.00429,888,0.00888
15,-12,2,100000,293,0.00293,598,0.00598
15,-12,3,100000,231,0.00231,480,0.0048
15,-12,4,100000,256,0.00256,563,0.00563
15,-12,5,100000,352,0.00352,817,0.00817
15,-11,0,100000,388,0.00388,891,0.00891
15,-11,1,100000,417,0.00417,823,0.00823
15,-11,2,100000,316,0.00316,630,0.0063
15,-11,3,100000,224,0.00224,517,0.00517
15,-11,4,100000,282,0.00282,594,0.00594
15,-11,5,100000,415,0.00415,816,0.00816
15,-10,0,100000,443,0.00443,914,0.00914
15,-10,1,100000,345,0.00345,780,0.0078
15,-10,2,100000,294,0.00294,595,0.00595
15,-10,3,100000,251,0.00251,494,0.00494
15,-10,4,100000,310,0.0031,589,0.00589
15,-10,5,100000,376,0.00376,803,0.00803
15,-9,0,100000,443,0.00443,908,0.00908
15,-9,1,100000,368,0.00368,760,0.0076
15,-9,2,100000,314,0.00314,573,0.00573
15,-9,3,100000,250,0.0025,496,0.00496
15,-9,4,100000,341,0.00341,638,0.00638
15,-9,5,100000,385,0.00385,809,0.00809
15,-8,0,100000,395,0.00395,897,0.00897
15,-8,1,100000,415,0.00415,830,0.0083
15,-8,2,100000,275,0.00275,601,0.00601
15,-8,3,100000,244,0.00244,511,0.00511
15,-8,4,100000,268,0.00268,592,0.00592
15,-8,5,100000,381,0.00381,799,0.00799
15,-7,0,100000,411,0.00411,870,0.0087
15,-7,1,100000,345,0.00345,810,0.0081
15,-7,2,100000,262,0.00262,560,0.0056
15,-7,3,100000,230,0.0023,500,0.005
15,-7,4,100000,285,0.00285,579,0.00579
15,-7,5,100000,401,0.00401,805,0.00805
15,-6,0,100000,413,0.00413,877,0.00877
15,-6,1,100000,409,0.00409,785,0.00785
15,-6,2,100000,325,0.00325,634,0.00634
15,-6,3,100000,222,0.00222,476,0.00476
15,-6,4,100000,263,0.00263,585,0.00585
15,-6,5,100000,328,0.00328,778,0.00778
15,-5,0,100000,420,0.0042,868,0.00868
15,-5,1,100000,383,0.00383,783,0.00783
15,-5,2,100000,290,0.0029,637,0.00637
15,-5,3,100000,249,0.00249,502,0.00502
15,-5,4,100000,270,0.0027,567,0.00567
15,-5,5,100000,355,0.00355,806,0.00806
15,-4,0,100000,377,0.00377,850,0.0085
15,-4,1,100000,381,0.00381,816,0.00816
15,-4,2,100000,326,0.00326,631,0.00631
15,-4,3,100000,207,0.00207,461,0.00461
15,-4,4,100000,323,0.00323,618,0.00618
15,-4,5,100000,391,0.00391,817,0.00817
15,-3,0,100000,409,0.00409,896,0.00896
15,-3,1,100000,363,0.00363,834,0.00834
15,-3,2,100000,297,0.00297,609,0.00609
15,-3,3,100000,259,0.00259,526,0.00526
15,-3,4,100000,311,0.00311,661,0.00661
15,-3,5,100000,409,0.00409,867,0.00867
15,-2,0,100000,434,0.00434,915,0.00915
15,-2,1,100000,412,0.00412,854,0.00854
15,-2,2,100000,341,0.00341,618,0.00618
15,-2,3,100000,245,0.00245,485,0.00485
15,-2,4,100000,308,0.00308,590,0.0059
15,-2,5,100000,421,0.00421,849,0.00849
15,-1,0,100000,411,0.00411,879,0.00879
15,-1,1,100000,396,0.00396,815,0.00815
15,-1,2,100000,274,0.00274,620,0.0062
15,-1,3,100000,217,0.00217,474,0.00474
15,-1,4,100000,277,0.00277,596,0.00596
15,-1,5,100000,413,0.00413,859,0.00859
15,0,0,100000,419,0.00419,911,0.00911
15,0,1,100000,394,0.00394,819,0.00819
15,0,2,100000,288,0.00288,604,0.00604
15,0,3,100000,226,0.00226,439,0.00439
15,0,4,100000,267,0.00267,596,0.00596
15,0,5,100000,375,0.00375,823,0.00823
15,1,0,100000,452,0.00452,859,0.00859
15,1,1,100000,375,0.00375,790,0.0079
15,1,2,100000,300,0.003,575,0.00575
15,1,3,100000,240,0.0024,462,0.00462
15,1,4,100000,320,0.0032,590,0.0059
15,1,5,100000,413,0.00413,859,0.00859
15,2,0,100000,419,0.00419,869,0.00869
15,2,1,100000,370,0.0037,793,0.00793
15,2,2,100000,282,0.00282,605,0.00605
15,2,3,100000,230,0.0023,457,0.00457
15,2,4,100000,284,0.00284,602,0.00602
15,2,5,100000,423,0.00423,884,0.00884
15,3,0,100000,426,0.00426,924,0.00924
15,3,1,100000,357,0.00357,778,0.00778
15,3,2,100000,268,0.00268,586,0.00586
15,3,3,100000,245,0.00245,478,0.00478
15,3,4,100000,295,0.00295,580,0.0058
15,3,5,100000,379,0.00379,783,0.00783
15,4,0,100000,407,0.00407,884,0.00884
15,4,1,100000,388,0.00388,814,0.00814
15,4,2,100000,296,0.00296,598,0.00598
15,4,3,100000,243,0.00243,489,0.00489
15,4,4,100000,308,0.00308,609,0.00609
15,4,5,100000,438,0.00438,829,0.00829
15,5,0,100000,438,0.00438,910,0.0091
15,5,1,100000,375,0.00375,842,0.00842
15,5,2,100000,264,0.00264,558,0.00558
15,5,3,100000,234,0.00234,438,0.00438
15,5,4,100000,306,0.00306,596,0.00596
15,5,5,100000,425,0.00425,837,0.00837
15,6,0,100000,360,0.0036,830,0.0083
15,6,1,100000,369,0.00369,793,0.00793
15,6,2,100000,277,0.00277,590,0.0059
15,6,3,100000,262,0.00262,464,0.00464
15,6,4,100000,261,0.00261,587,0.00587
15,6,5,100000,414,0.00414,804,0.00804
15,7,0,100000,430,0.0043,937,0.00937
15,7,1,100000,379,0.00379,775,0.00775
15,7,2,100000,303,0.00303,593,0.00593
15,7,3,100000,211,0.00211,458,0.00458
15,7,4,100000,324,0.00324,638,0.00638
15,7,5,100000,382,0.00382,842,0.00842
15,8,0,100000,389,0.00389,864,0.00864
15,8,1,100000,357,0.00357,818,0.00818
15,8,2,100000,293,0.00293,575,0.00575
15,8,3,100000,261,0.00261,506,0.00506
15,8,4,100000,329,0.00329,626,0.00626
15,8,5,100000,418,0.00418,807,0.00807
15,9,0,100000,407,0.00407,871,0.00871
15,9,1,100000,381,0.00381,776,0.00776
15,9,2,100000,310,0.0031,627,0.00627
15,9,3,100000,265,0.00265,482,0.00482
15,9,4,100000,327,0.00327,651,0.00651
15,9,5,100000,356,0.00356,799,0.00799
15,10,0,100000,422,0.00422,883,0.00883
15,10,1,100000,407,0.00407,818,0.00818
15,10,2,100000,288,0.00288,608,0.00608
15,10,3,100000,240,0.0024,498,0.00498
15,10,4,100000,318,0.00318,640,0.0064
15,10,5,100000,438,0.00438,866,0.00866
15,11,0,100000,423,0.00423,914,0.00914
15,11,1,100000,367,0.00367,811,0.00811
15,11,2,100000,316,0.00316,600,0.006
15,11,3,100000,252,0.00252,455,0.00455
15,11,4,100000,283,0.00283,630,0.0063
15,11,5,100000,390,0.0039,781,0.00781
15,12,0,100000,391,0.00391,875,0.00875
15,12,1,100000,390,0.0039,835,0.00835
15,12,2,100000,316,0.00316,628,0.00628
15,12,3,100000,262,0.00262,477,0.00477
15,12,4,100000,296,0.00296,597,0.00597
15,12,5,100000,378,0.00378,798,0.00798
15,13,0,100000,389,0.00389,849,0.00849
15,13,1,100000,365,0.00365,797,0.00797
15,13,2,100000,304,0.00304,606,0.00606
15,13,3,100000,271,0.00271,491,0.00491
15,13,4,100000,280,0.0028,602,0.00602
15,13,5,100000,366,0.00366,764,0.00764
15,14,0,100000,423,0.00423,881,0.00881
15,14,1,100000,345,0.00345,771,0.00771
15,14,2,100000,288,0.00288,598,0.00598
15,14,3,100000,246,0.00246,471,0.00471
15,14,4,100000,318,0.00318,649,0.00649
15,14,5,100000,372,0.00372,796,0.00796
15,15,0,100000,395,0.00395,853,0.00853
15,15,1,100000,442,0.00442,864,0.00864
15,15,2,100000,271,0.00271,562,0.00562
15,15,3,100000,256,0.00256,497,0.00497
15,15,4,100000,274,0.00274,597,0.00597
15,15,5,100000,351,0.00351,818,0.00818
15,16,0,100000,414,0.00414,906,0.00906
15,16,1,100000,385,0.00385,832,0.00832
15,16,2,100000,292,0.00292,602,0.00602
15,16,3,100000,214,0.00214,462,0.00462
15,16,4,100000,330,0.0033,607,0.00607
15,16,5,100000,373,0.00373,793,0.00793
15,17,0,100000,403,0.00403,886,0.00886
15,17,1,100000,388,0.00388,817,0.00817
15,17,2,100000,280,0.0028,588,0.00588
15,17,3,100000,221,0.00221,420,0.0042
15,17,4,100000,290,0.0029,622,0.00622
15,17,5,100000,417,0.00417,820,0.0082
15,18,0,100000,428,0.00428,884,0.00884
15,18,1,100000,400,0.004,832,0.00832
15,18,2,100000,304,0.00304,604,0.00604
15,18,3,100000,216,0.00216,477,0.00477
15,18,4,100000,288,0.00288,575,0.00575
15,18,5,100000,374,0.00374,845,0.00845
15,19,0,100000,481,0.00481,950,0.0095
15,19,1,100000,382,0.00382,786,0.00786
15,19,2,100000,282,0.00282,616,0.00616
15,19,3,100000,233,0.00233,487,0.00487
15,19,4,100000,293,0.00293,608,0.00608
15,19,5,100000,414,0.00414,824,0.00824
15,20,0,100000,419,0.00419,853,0.00853
15,20,1,100000,401,0.00401,823,0.00823
15,20,2,100000,272,0.00272,601,0.00601
15,20,3,100000,216,0.00216,452,0.00452
15,20,4,100000,263,0.00263,574,0.00574
15,20,5,100000,389,0.00389,799,0.00799
15,21,0,100000,434,0.00434,881,0.00881
15,21,1,100000,394,0.00394,812,0.00812
15,21,2,100000,313,0.00313,639,0.00639
15,21,3,100000,248,0.00248,467,0.00467
15,21,4,100000,308,0.00308,639,0.00639
15,21,5,100000,378,0.00378,821,0.00821
15,22,0,100000,426,0.00426,851,0.00851
15,22,1,100000,368,0.00368,842,0.00842
15,22,2,100000,322,0.00322,564,0.00564
15,22,3,100000,243,0.00243,471,0.00471
15,22,4,100000,291,0.00291,617,0.00617
15,22,5,100000,411,0.00411,851,0.00851
15,23,0,100000,426,0.00426,874,0.00874
15,23,1,100000,397,0.00397,802,0.00802
15,23,2,100000,293,0.00293,570,0.0057
15,23,3,100000,216,0.00216,456,0.00456
15,23,4,100000,298,0.00298,576,0.00576
15,23,5,100000,381,0.00381,826,0.00826
15,24,0,100000,413,0.00413,905,0.00905
15,24,1,100000,409,0.00409,850,0.0085
15,24,2,100000,302,0.00302,628,0.00628
15,24,3,100000,237,0.00237,469,0.00469
15,24,4,100000,325,0.00325,654,0.00654
15,24,5,100000,406,0.00406,803,0.00803
15,25,0,100000,418,0.00418,935,0.00935
15,25,1,100000,350,0.0035,771,0.00771
15,25,2,100000,320,0.0032,642,0.00642
15,25,3,100000,226,0.00226,476,0.00476
15,25,4,100000,280,0.0028,629,0.00629
15,25,5,100000,387,0.00387,850,0.0085
15,26,0,100000,432,0.00432,882,0.00882
15,26,1,100000,362,0.00362,791,0.00791
15,26,2,100000,315,0.00315,666,0.00666
15,26,3,100000,242,0.00242,517,0.00517
15,26,4,100000,269,0.00269,581,0.00581
15,26,5,100000,421,0.00421,884,0.00884
15,27,0,100000,421,0.00421,871,0.00871
15,27,1,100000,382,0.00382,778,0.00778
15,27,2,100000,279,0.00279,604,0.00604
15,27,3,100000,220,0.0022,488,0.00488
15,27,4,100000,293,0.00293,583,0.00583
15,27,5,100000,373,0.00373,803,0.00803
15,28,0,100000,402,0.00402,876,0.00876
15,28,1,100000,366,0.00366,807,0.00807
15,28,2,100000,277,0.00277,566,0.00566
15,28,3,100000,200,0.002,453,0.00453
15,28,4,100000,325,0.00325,639,0.00639
15,28,5,100000,393,0.00393,772,0.00772
15,29,0,100000,456,0.00456,920,0.0092
15,29,1,100000,397,0.00397,788,0.00788
15,29,2,100000,334,0.00334,668,0.00668
15,29,3,100000,232,0.00232,490,0.0049
15,29,4,100000,288,0.00288,583,0.00583
15,29,5,100000,376,0.00376,841,0.00841
15,30,0,100000,488,0.00488,965,0.00965
15,30,1,100000,394,0.00394,797,0.00797
15,30,2,100000,238,0.00238,552,0.00552
15,30,3,100000,209,0.00209,468,0.00468
15,30,4,100000,273,0.00273,584,0.00584
15,30,5,100000,355,0.00355,786,0.00786
15,31,0,100000,417,0.00417,913,0.00913
15,31,1,100000,392,0.00392,811,0.00811
15,31,2,100000,318,0.00318,607,0.00607
15,31,3,100000,234,0.00234,451,0.00451
15,31,4,100000,270,0.0027,619,0.00619
15,31,5,100000,413,0.00413,833,0.00833
15,32,0,100000,402,0.00402,881,0.00881
15,32,1,100000,393,0.00393,796,0.00796
15,32,2,100000,297,0.00297,583,0.00583
15,32,3,100000,241,0.00241,436,0.00436
15,32,4,100000,324,0.00324,630,0.0063
15,32,5,100000,375,0.00375,820,0.0082
15,33,0,100000,417,0.00417,873,0.00873
15,33,1,100000,376,0.00376,773,0.00773
15,33,2,100000,299,0.00299,618,0.00618
15,33,3,100000,212,0.00212,448,0.00448
15,33,4,100000,316,0.00316,610,0.0061
15,33,5,100000,375,0.00375,855,0.00855
15,34,0,100000,404,0.00404,890,0.0089
15,34,1,100000,387,0.00387,768,0.00768
15,34,2,100000,310,0.0031,627,0.00627
15,34,3,100000,222,0.00222,500,0.005
15,34,4,100000,300,0.003,625,0.00625
15,34,5,100000,365,0.00365,800,0.008
15,35,0,100000,448,0.00448,936,0.00936
15,35,1,100000,352,0.00352,758,0.00758
15,35,2,100000,282,0.00282,632,0.00632
15,35,3,100000,232,0.00232,466,0.00466
15,35,4,100000,296,0.00296,575,0.00575
15,35,5,100000,382,0.00382,858,0.00858
15,36,0,100000,389,0.00389,856,0.00856
15,36,1,100000,379,0.00379,811,0.00811
15,36,2,100000,279,0.00279,552,0.00552
15,36,3,100000,248,0.00248,490,0.0049
15,36,4,100000,324,0.00324,615,0.00615
15,36,5,100000,377,0.00377,841,0.00841
15,37,0,100000,420,0.0042,916,0.00916
15,37,1,100000,396,0.00396,777,0.00777
15,37,2,100000,281,0.00281,617,0.00617
15,37,3,100000,253,0.00253,489,0.00489
15,37,4,100000,298,0.00298,589,0.00589
15,37,5,100000,360,0.0036,787,0.00787
15,38,0,100000,368,0.00368,822,0.00822
15,38,1,100000,379,0.00379,790,0.0079
15,38,2,100000,288,0.00288,621,0.00621
15,38,3,100000,222,0.00222,455,0.00455
15,38,4,100000,276,0.00276,591,0.00591
15,38,5,100000,384,0.00384,792,0.00792
15,39,0,100000,325,0.00325,656,0.00656
15,39,1,100000,328,0.00328,629,0.00629
15,39,2,100000,288,0.00288,551,0.00551
15,39,3,100000,209,0.00209,381,0.00381
15,39,4,100000,246,0.00246,451,0.00451
15,39,5,100000,328,0.00328,618,0.00618
15,40,0,100000,193,0.00193,420,0.0042
15,40,1,100000,228,0.00228,439,0.00439
15,40,2,100000,139,0.00139,346,0.00346
15,40,3,100000,116,0.00116,270,0.0027
15,40,4,100000,175,0.00175,354,0.00354
15,40,5,100000,263,0.00263,450,0.0045
15,41,0,100000,140,0.0014,281,0.00281
15,41,1,100000,150,0.0015,309,0.00309
15,41,2,100000,117,0.00117,272,0.00272
15,41,3,100000,78,0.00078,181,0.00181
15,41,4,100000,80,0.0008,200,0.002
15,41,5,100000,128,0.00128,284,0.00284
15,42,0,100000,59,0.00059,137,0.00137
15,42,1,100000,78,0.00078,168,0.00168
15,42,2,100000,74,0.00074,180,0.0018
15,42,3,100000,89,0.00089,125,0.00125
15,42,4,100000,45,0.00045,107,0.00107
15,42,5,100000,48,0.00048,127,0.00127
15,43,0,100000,29,0.00029,76,0.00076
15,43,1,100000,40,0.0004,84,0.00084
15,43,2,100000,38,0.00038,97,0.00097
15,43,3,100000,40,0.0004,91,0.00091
15,43,4,100000,22,0.00022,61,0.00061
15,43,5,100000,17,0.00017,82,0.00082
15,44,0,100000,25,0.00025,64,0.00064
15,44,1,100000,17,0.00017,86,0.00086
15,44,2,100000,32,0.00032,78,0.00078
15,44,3,100000,36,0.00036,80,0.0008
15,44,4,100000,17,0.00017,59,0.00059
15,44,5,100000,21,0.00021,56,0.00056
15,45,0,100000,34,0.00034,77,0.00077
15,45,1,100000,51,0.00051,95,0.00095
15,45,2,100000,55,0.00055,97,0.00097
15,45,3,100000,21,0.00021,71,0.00071
15,45,4,100000,41,0.00041,86,0.00086
15,45,5,100000,21,0.00021,68,0.00068
15,46,0,100000,49,0.00049,81,0.00081
15,46,1,100000,30,0.0003,72,0.00072
15,46,2,100000,24,0.00024,72,0.00072
15,46,3,100000,18,0.00018,65,0.00065
15,46,4,100000,30,0.0003,81,0.00081
15,46,5,100000,20,0.0002,62,0.00062
15,47,0,100000,37,0.00037,79,0.00079
15,47,1,100000,31,0.00031,71,0.00071
15,47,2,100000,35,0.00035,86,0.00086
15,47,3,100000,32,0.00032,83,0.00083
15,47,4,100000,29,0.00029,75,0.00075
15,47,5,100000,27,0.00027,79,0.00079
15,48,0,100000,50,0.0005,76,0.00076
15,48,1,100000,22,0.00022,71,0.00071
15,48,2,100000,23,0.00023,59,0.00059
15,48,3,100000,58,0.00058,71,0.00071
15,48,4,100000,30,0.0003,60,0.0006
15,48,5,100000,37,0.00037,79,0.00079
15,49,0,100000,19,0.00019,75,0.00075
15,49,1,100000,54,0.00054,82,0.00082
15,49,2,100000,25,0.00025,70,0.0007
15,49,3,100000,33,0.00033,91,0.00091
15,49,4,100000,29,0.00029,75,0.00075
15,49,5,100000,35,0.00035,61,0.00061
15,50,0,100000,37,0.00037,73,0.00073
15,50,1,100000,27,0.00027,87,0.00087
15,50,2,100000,40,0.0004,74,0.00074
15,50,3,100000,28,0.00028,69,0.00069
15,50,4,100000,37,0.00037,74,0.00074
15,50,5,100000,28,0.00028,64,0.00064
16,-50,0,100000,44,0.00044,94,0.00094
16,-50,1,100000,34,0.00034,78,0.00078
16,-50,2,100000,33,0.00033,79,0.00079
16,-50,3,100000,39,0.00039,70,0.0007
16,-50,4,100000,36,0.00036,90,0.0009
16,-50,5,100000,28,0.00028,85,0.00085
16,-49,0,100000,31,0.00031,75,0.00075
16,-49,1,100000,63,0.00063,100,0.001
16,-49,2,100000,24,0.00024,75,0.00075
16,-49,3,100000,28,0.00028,60,0.0006
16,-49,4,100000,31,0.00031,76,0.00076
16,-49,5,100000,27,0.00027,81,0.00081
16,-48,0,100000,40,0.0004,83,0.00083
16,-48,1,100000,40,0.0004,91,0.00091
16,-48,2,100000,28,0.00028,79,0.00079
16,-48,3,100000,20,0.0002,57,0.00057
16,-48,4,100000,41,0.00041,78,0.00078
16,-48,5,100000,22,0.00022,72,0.00072
16,-47,0,100000,29,0.00029,66,0.00066
16,-47,1,100000,31,0.00031,65,0.00065
16,-47,2,100000,38,0.00038,67,0.00067
16,-47,3,100000,24,0.00024,79,0.00079
16,-47,4,100000,25,0.00025,75,0.00075
16,-47,5,100000,30,0.0003,58,0.00058
16,-46,0,100000,29,0.00029,79,0.00079
16,-46,1,100000,16,0.00016,60,0.0006
16,-46,2,100000,47,0.00047,86,0.00086
16,-46,3,100000,33,0.00033,62,0.00062
16,-46,4,100000,35,0.00035,69,0.00069
16,-46,5,100000,55,0.00055,87,0.00087
16,-45,0,100000,29,0.00029,82,0.00082
16,-45,1,100000,27,0.00027,77,0.00077
16,-45,2,100000,28,0.00028,78,0.00078
16,-45,3,100000,22,0.00022,71,0.00071
16,-45,4,100000,38,0.00038,86,0.00086
16,-45,5,100000,50,0.0005,93,0.00093
16,-44,0,100000,39,0.00039,88,0.00088
16,-44,1,100000,49,0.00049,83,0.00083
16,-44,2,100000,45,0.00045,87,0.00087
16,-44,3,100000,32,0.00032,75,0.00075
16,-44,4,100000,53,0.00053,106,0.00106
16,-44,5,100000,43,0.00043,85,0.00085
16,-43,0,100000,49,0.00049,102,0.00102
16,-43,1,100000,26,0.00026,79,0.00079
16,-43,2,100000,19,0.00019,53,0.00053
16,-43,3,100000,49,0.00049,104,0.00104
16,-43,4,100000,32,0.00032,111,0.00111
16,-43,5,100000,59,0.00059,101,0.00101
16,-42,0,100000,74,0.00074,153,0.00153
16,-42,1,100000,44,0.00044,108,0.00108
16,-42,2,100000,46,0.00046,117,0.00117
16,-42,3,100000,61,0.00061,133,0.00133
16,-42,4,100000,84,0.00084,154,0.00154
16,-42,5,100000,85,0.00085,190,0.0019
16,-41,0,100000,120,0.0012,267,0.00267
16,-41,1,100000,100,0.001,230,0.0023
16,-41,2,100000,97,0.00097,194,0.00194
16,-41,3,100000,112,0.00112,212,0.00212
16,-41,4,100000,131,0.00131,241,0.00241
16,-41,5,100000,125,0.00125,257,0.00257
16,-40,0,100000,175,0.00175,372,0.00372
16,-40,1,100000,230,0.0023,399,0.00399
16,-40,2,100000,168,0.00168,295,0.00295
16,-40,3,100000,105,0.00105,240,0.0024
16,-40,4,100000,155,0.00155,322,0.00322
16,-40,5,100000,186,0.00186,350,0.0035
16,-39,0,100000,276,0.00276,607,0.00607
16,-39,1,100000,269,0.00269,552,0.00552
16,-39,2,100000,222,0.00222,421,0.00421
16,-39,3,100000,180,0.0018,322,0.00322
16,-39,4,100000,244,0.00244,451,0.00451
16,-39,5,100000,230,0.0023,506,0.00506
16,-38,0,100000,304,0.00304,710,0.0071
16,-38,1,100000,315,0.00315,644,0.00644
16,-38,2,100000,246,0.00246,521,0.00521
16,-38,3,100000,182,0.00182,352,0.00352
16,-38,4,100000,250,0.0025,484,0.00484
16,-38,5,100000,314,0.00314,653,0.00653
16,-37,0,100000,340,0.0034,726,0.00726
16,-37,1,100000,367,0.00367,750,0.0075
16,-37,2,100000,258,0.00258,525,0.00525
16,-37,3,100000,197,0.00197,434,0.00434
16,-37,4,100000,302,0.00302,531,0.00531
16,-37,5,100000,366,0.00366,724,0.00724
16,-36,0,100000,365,0.00365,760,0.0076
16,-36,1,100000,353,0.00353,706,0.00706
16,-36,2,100000,279,0.00279,530,0.0053
16,-36,3,100000,203,0.00203,398,0.00398
16,-36,4,100000,221,0.00221,493,0.00493
16,-36,5,100000,323,0.00323,644,0.00644
16,-35,0,100000,352,0.00352,752,0.00752
16,-35,1,100000,333,0.00333,747,0.00747
16,-35,2,100000,249,0.00249,498,0.00498
16,-35,3,100000,164,0.00164,383,0.00383
16,-35,4,100000,304,0.00304,547,0.00547
16,-35,5,100000,353,0.00353,744,0.00744
16,-34,0,100000,354,0.00354,804,0.00804
16,-34,1,100000,338,0.00338,715,0.00715
16,-34,2,100000,246,0.00246,528,0.00528
16,-34,3,100000,192,0.00192,405,0.00405
16,-34,4,100000,286,0.00286,529,0.00529
16,-34,5,100000,362,0.00362,697,0.00697
16,-33,0,100000,358,0.00358,807,0.00807
16,-33,1,100000,319,0.00319,690,0.0069
16,-33,2,100000,257,0.00257,518,0.00518
16,-33,3,100000,236,0.00236,421,0.00421
16,-33,4,100000,274,0.00274,544,0.00544
16,-33,5,100000,361,0.00361,739,0.00739
16,-32,0,100000,362,0.00362,797,0.00797
16,-32,1,100000,324,0.00324,706,0.00706
16,-32,2,100000,261,0.00261,535,0.00535
16,-32,3,100000,198,0.00198,419,0.00419
16,-32,4,100000,243,0.00243,497,0.00497
16,-32,5,100000,341,0.00341,715,0.00715
16,-31,0,100000,355,0.00355,754,0.00754
16,-31,1,100000,330,0.0033,678,0.00678
16,-31,2,100000,262,0.00262,497,0.00497
16,-31,3,100000,184,0.00184,373,0.00373
16,-31,4,100000,219,0.00219,490,0.0049
16,-31,5,100000,369,0.00369,678,0.00678
16,-30,0,100000,343,0.00343,705,0.00705
16,-30,1,100000,343,0.00343,701,0.00701
16,-30,2,100000,257,0.00257,526,0.00526
16,-30,3,100000,203,0.00203,420,0.0042
16,-30,4,100000,223,0.00223,500,0.005
16,-30,5,100000,314,0.00314,701,0.00701
16,-29,0,100000,365,0.00365,744,0.00744
16,-29,1,100000,358,0.00358,707,0.00707
16,-29,2,100000,285,0.00285,562,0.00562
16,-29,3,100000,208,0.00208,412,0.00412
16,-29,4,100000,262,0.00262,498,0.00498
16,-29,5,100000,384,0.00384,766,0.00766
16,-28,0,100000,353,0.00353,758,0.00758
16,-28,1,100000,322,0.00322,702,0.00702
16,-28,2,100000,241,0.00241,507,0.00507
16,-28,3,100000,178,0.00178,394,0.00394
16,-28,4,100000,247,0.00247,550,0.0055
16,-28,5,100000,345,0.00345,687,0.00687
16,-27,0,100000,339,0.00339,718,0.00718
16,-27,1,100000,325,0.00325,704,0.00704
16,-27,2,100000,224,0.00224,535,0.00535
16,-27,3,100000,207,0.00207,398,0.00398
16,-27,4,100000,284,0.00284,552,0.00552
16,-27,5,100000,347,0.00347,728,0.00728
16,-26,0,100000,377,0.00377,763,0.00763
16,-26,1,100000,342,0.00342,736,0.00736
16,-26,2,100000,286,0.00286,528,0.00528
16,-26,3,100000,193,0.00193,412,0.00412
16,-26,4,100000,277,0.00277,552,0.00552
16,-26,5,100000,315,0.00315,714,0.00714
16,-25,0,100000,339,0.00339,732,0.00732
16,-25,1,100000,330,0.0033,724,0.00724
16,-25,2,100000,238,0.00238,528,0.00528
16,-25,3,100000,198,0.00198,393,0.00393
16,-25,4,100000,261,0.00261,523,0.00523
16,-25,5,100000,334,0.00334,681,0.00681
16,-24,0,100000,383,0.00383,758,0.00758
16,-24,1,100000,367,0.00367,750,0.0075
16,-24,2,100000,240,0.0024,492,0.00492
16,-24,3,100000,214,0.00214,409,0.00409
16,-24,4,100000,244,0.00244,520,0.0052
16,-24,5,100000,298,0.00298,680,0.0068
16,-23,0,100000,364,0.00364,816,0.00816
16,-23,1,100000,347,0.00347,721,0.00721
16,-23,2,100000,296,0.00296,563,0.00563
16,-23,3,100000,204,0.00204,425,0.00425
16,-23,4,100000,246,0.00246,552,0.00552
16,-23,5,100000,328,0.00328,682,0.00682
16,-22,0,100000,314,0.00314,707,0.00707
16,-22,1,100000,336,0.00336,704,0.00704
16,-22,2,100000,320,0.0032,558,0.00558
16,-22,3,100000,244,0.00244,457,0.00457
16,-22,4,100000,262,0.00262,497,0.00497
16,-22,5,100000,320,0.0032,745,0.00745
16,-21,0,100000,355,0.00355,791,0.00791
16,-21,1,100000,340,0.0034,714,0.00714
16,-21,2,100000,267,0.00267,514,0.00514
16,-21,3,100000,228,0.00228,421,0.00421
16,-21,4,100000,285,0.00285,555,0.00555
16,-21,5,100000,341,0.00341,673,0.00673
16,-20,0,100000,395,0.00395,756,0.00756
16,-20,1,100000,329,0.00329,669,0.00669
16,-20,2,100000,256,0.00256,540,0.0054
16,-20,3,100000,237,0.00237,433,0.00433
16,-20,4,100000,297,0.00297,565,0.00565
16,-20,5,100000,318,0.00318,720,0.0072
16,-19,0,100000,372,0.00372,818,0.00818
16,-19,1,100000,350,0.0035,713,0.00713
16,-19,2,100000,285,0.00285,552,0.00552
16,-19,3,100000,213,0.00213,443,0.00443
16,-19,4,100000,257,0.00257,526,0.00526
16,-19,5,100000,320,0.0032,709,0.00709
16,-18,0,100000,354,0.00354,799,0.00799
16,-18,1,100000,341,0.00341,704,0.00704
16,-18,2,100000,296,0.00296,566,0.00566
16,-18,3,100000,168,0.00168,386,0.00386
16,-18,4,100000,314,0.00314,571,0.00571
16,-18,5,100000,333,0.00333,722,0.00722
16,-17,0,100000,403,0.00403,768,0.00768
16,-17,1,100000,339,0.00339,721,0.00721
16,-17,2,100000,287,0.00287,530,0.0053
16,-17,3,100000,191,0.00191,400,0.004
16,-17,4,100000,270,0.0027,560,0.0056
16,-17,5,100000,373,0.00373,742,0.00742
16,-16,0,100000,345,0.00345,744,0.00744
16,-16,1,100000,321,0.00321,680,0.0068
16,-16,2,100000,287,0.00287,518,0.00518
16,-16,3,100000,244,0.00244,469,0.00469
16,-16,4,100000,259,0.00259,584,0.00584
16,-16,5,100000,347,0.00347,725,0.00725
16,-15,0,100000,376,0.00376,809,0.00809
16,-15,1,100000,282,0.00282,639,0.00639
16,-15,2,100000,241,0.00241,525,0.00525
16,-15,3,100000,207,0.00207,412,0.00412
16,-15,4,100000,275,0.00275,542,0.00542
16,-15,5,100000,327,0.00327,685,0.00685
16,-14,0,100000,379,0.00379,815,0.00815
16,-14,1,100000,339,0.00339,691,0.00691
16,-14,2,100000,259,0.00259,542,0.00542
16,-14,3,100000,201,0.00201,414,0.00414
16,-14,4,100000,224,0.00224,504,0.00504
16,-14,5,100000,355,0.00355,708,0.00708
16,-13,0,100000,369,0.00369,801,0.00801
16,-13,1,100000,368,0.00368,704,0.00704
16,-13,2,100000,279,0.00279,529,0.00529
16,-13,3,100000,188,0.00188,405,0.00405
16,-13,4,100000,228,0.00228,489,0.00489
16,-13,5,100000,296,0.00296,690,0.0069
16,-12,0,100000,388,0.00388,786,0.00786
16,-12,1,100000,321,0.00321,707,0.00707
16,-12,2,100000,269,0.00269,529,0.00529
16,-12,3,100000,213,0.00213,421,0.00421
16,-12,4,100000,292,0.00292,559,0.00559
16,-12,5,100000,334,0.00334,711,0.00711
16,-11,0,100000,362,0.00362,803,0.00803
16,-11,1,100000,350,0.0035,712,0.00712
16,-11,2,100000,209,0.00209,464,0.00464
16,-11,3,100000,183,0.00183,388,0.00388
16,-11,4,100000,238,0.00238,521,0.00521
16,-11,5,100000,328,0.00328,675,0.00675
16,-10,0,100000,359,0.00359,809,0.00809
16,-10,1,100000,335,0.00335,701,0.00701
16,-10,2,100000,241,0.00241,536,0.00536
16,-10,3,100000,156,0.00156,359,0.00359
16,-10,4,100000,248,0.00248,502,0.00502
16,-10,5,100000,391,0.00391,793,0.00793
16,-9,0,100000,389,0.00389,805,0.00805
16,-9,1,100000,361,0.00361,722,0.00722
16,-9,2,100000,290,0.0029,552,0.00552
16,-9,3,100000,211,0.00211,386,0.00386
16,-9,4,100000,285,0.00285,565,0.00565
16,-9,5,100000,347,0.00347,733,0.00733
16,-8,0,100000,388,0.00388,803,0.00803
16,-8,1,100000,329,0.00329,680,0.0068
16,-8,2,100000,259,0.00259,484,0.00484
16,-8,3,100000,209,0.00209,403,0.00403
16,-8,4,100000,240,0.0024,510,0.0051
16,-8,5,100000,334,0.00334,692,0.00692
16,-7,0,100000,338,0.00338,754,0.00754
16,-7,1,100000,343,0.00343,709,0.00709
16,-7,2,100000,244,0.00244,520,0.0052
16,-7,3,100000,207,0.00207,426,0.00426
16,-7,4,100000,253,0.00253,509,0.00509
16,-7,5,100000,317,0.00317,682,0.00682
16,-6,0,100000,358,0.00358,782,0.00782
16,-6,1,100000,324,0.00324,665,0.00665
16,-6,2,100000,253,0.00253,527,0.00527
16,-6,3,100000,195,0.00195,414,0.00414
16,-6,4,100000,273,0.00273,536,0.00536
16,-6,5,100000,326,0.00326,676,0.00676
16,-5,0,100000,391,0.00391,792,0.00792
16,-5,1,100000,302,0.00302,706,0.00706
16,-5,2,100000,264,0.00264,484,0.00484
16,-5,3,100000,220,0.0022,435,0.00435
16,-5,4,100000,273,0.00273,550,0.0055
16,-5,5,100000,359,0.00359,667,0.00667
16,-4,0,100000,356,0.00356,756,0.00756
16,-4,1,100000,343,0.00343,713,0.00713
16,-4,2,100000,255,0.00255,516,0.00516
16,-4,3,100000,175,0.00175,398,0.00398
16,-4,4,100000,272,0.00272,553,0.00553
16,-4,5,100000,307,0.00307,651,0.00651
16,-3,0,100000,340,0.0034,763,0.00763
16,-3,1,100000,341,0.00341,677,0.00677
16,-3,2,100000,216,0.00216,523,0.00523
16,-3,3,100000,178,0.00178,382,0.00382
16,-3,4,100000,223,0.00223,514,0.00514
16,-3,5,100000,335,0.00335,703,0.00703
16,-2,0,100000,341,0.00341,752,0.00752
16,-2,1,100000,335,0.00335,706,0.00706
16,-2,2,100000,271,0.00271,521,0.00521
16,-2,3,100000,159,0.00159,385,0.00385
16,-2,4,100000,241,0.00241,509,0.00509
16,-2,5,100000,323,0.00323,666,0.00666
16,-1,0,100000,357,0.00357,787,0.00787
16,-1,1,100000,347,0.00347,731,0.00731
16,-1,2,100000,248,0.00248,517,0.00517
16,-1,3,100000,214,0.00214,426,0.00426
16,-1,4,100000,277,0.00277,587,0.00587
16,-1,5,100000,355,0.00355,710,0.0071
16,0,0,100000,400,0.004,816,0.00816
16,0,1,100000,293,0.00293,671,0.00671
16,0,2,100000,264,0.00264,518,0.00518
16,0,3,100000,221,0.00221,408,0.00408
16,0,4,100000,251,0.00251,522,0.00522
16,0,5,100000,347,0.00347,691,0.00691
16,1,0,100000,339,0.00339,739,0.00739
16,1,1,100000,325,0.00325,725,0.00725
16,1,2,100000,269,0.00269,512,0.00512
16,1,3,100000,214,0.00214,404,0.00404
16,1,4,100000,295,0.00295,579,0.00579
16,1,5,100000,403,0.00403,787,0.00787
16,2,0,100000,327,0.00327,770,0.0077
16,2,1,100000,323,0.00323,730,0.0073
16,2,2,100000,251,0.00251,521,0.00521
16,2,3,100000,215,0.00215,400,0.004
16,2,4,100000,228,0.00228,524,0.00524
16,2,5,100000,332,0.00332,721,0.00721
16,3,0,100000,353,0.00353,772,0.00772
16,3,1,100000,353,0.00353,754,0.00754
16,3,2,100000,249,0.00249,526,0.00526
16,3,3,100000,189,0.00189,408,0.00408
16,3,4,100000,272,0.00272,499,0.00499
16,3,5,100000,356,0.00356,718,0.00718
16,4,0,100000,374,0.00374,789,0.00789
16,4,1,100000,342,0.00342,688,0.00688
16,4,2,100000,248,0.00248,555,0.00555
16,4,3,100000,198,0.00198,416,0.00416
16,4,4,100000,271,0.00271,527,0.00527
16,4,5,100000,336,0.00336,691,0.00691
16,5,0,100000,371,0.00371,776,0.00776
16,5,1,100000,328,0.00328,731,0.00731
16,5,2,100000,242,0.00242,534,0.00534
16,5,3,100000,168,0.00168,390,0.0039
16,5,4,100000,282,0.00282,552,0.00552
16,5,5,100000,309,0.00309,695,0.00695
16,6,0,100000,393,0.00393,784,0.00784
16,6,1,100000,361,0.00361,724,0.00724
16,6,2,100000,224,0.00224,521,0.00521
16,6,3,100000,210,0.0021,463,0.00463
16,6,4,100000,281,0.00281,532,0.00532
16,6,5,100000,367,0.00367,733,0.00733
16,7,0,100000,375,0.00375,740,0.0074
16,7,1,100000,352,0.00352,736,0.00736
16,7,2,100000,231,0.00231,490,0.0049
16,7,3,100000,177,0.00177,401,0.00401
16,7,4,100000,241,0.00241,521,0.00521
16,7,5,100000,334,0.00334,664,0.00664
16,8,0,100000,350,0.0035,754,0.00754
16,8,1,100000,325,0.00325,739,0.00739
16,8,2,100000,241,0.00241,539,0.00539
16,8,3,100000,220,0.0022,391,0.00391
16,8,4,100000,238,0.00238,515,0.00515
16,8,5,100000,361,0.00361,741,0.00741
16,9,0,100000,360,0.0036,759,0.00759
16,9,1,100000,329,0.00329,707,0.00707
16,9,2,100000,256,0.00256,537,0.00537
16,9,3,100000,203,0.00203,415,0.00415
16,9,4,100000,213,0.00213,510,0.0051
16,9,5,100000,327,0.00327,692,0.00692
16,10,0,100000,350,0.0035,766,0.00766
16,10,1,100000,358,0.00358,774,0.00774
16,10,2,100000,247,0.00247,502,0.00502
16,10,3,100000,205,0.00205,398,0.00398
16,10,4,100000,280,0.0028,547,0.00547
16,10,5,100000,348,0.00348,694,0.00694
16,11,0,100000,366,0.00366,753,0.00753
16,11,1,100000,335,0.00335,705,0.00705
16,11,2,100000,232,0.00232,517,0.00517
16,11,3,100000,208,0.00208,406,0.00406
16,11,4,100000,264,0.00264,519,0.00519
16,11,5,100000,324,0.00324,705,0.00705
16,12,0,100000,401,0.00401,781,0.00781
16,12,1,100000,341,0.00341,692,0.00692
16,12,2,100000,313,0.00313,561,0.00561
16,12,3,100000,187,0.00187,412,0.00412
16,12,4,100000,285,0.00285,545,0.00545
16,12,5,100000,341,0.00341,688,0.00688
16,13,0,100000,362,0.00362,774,0.00774
16,13,1,100000,347,0.00347,685,0.00685
16,13,2,100000,270,0.0027,548,0.00548
16,13,3,100000,206,0.00206,406,0.00406
16,13,4,100000,239,0.00239,481,0.00481
16,13,5,100000,321,0.00321,722,0.00722
16,14,0,100000,373,0.00373,752,0.00752
16,14,1,100000,326,0.00326,711,0.00711
16,14,2,100000,272,0.00272,585,0.00585
16,14,3,100000,214,0.00214,427,0.00427
16,14,4,100000,275,0.00275,559,0.00559
16,14,5,100000,352,0.00352,709,0.00709
16,15,0,100000,376,0.00376,769,0.00769
16,15,1,100000,336,0.00336,699,0.00699
16,15,2,100000,268,0.00268,536,0.00536
16,15,3,100000,179,0.00179,390,0.0039
16,15,4,100000,242,0.00242,504,0.00504
16,15,5,100000,335,0.00335,720,0.0072
16,16,0,100000,379,0.00379,801,0.00801
16,16,1,100000,380,0.0038,721,0.00721
16,16,2,100000,188,0.00188,489,0.00489
16,16,3,100000,221,0.00221,452,0.00452
16,16,4,100000,257,0.00257,534,0.00534
16,16,5,100000,371,0.00371,751,0.00751
16,17,0,100000,363,0.00363,812,0.00812
16,17,1,100000,353,0.00353,703,0.00703
16,17,2,100000,260,0.0026,510,0.0051
16,17,3,100000,204,0.00204,446,0.00446
16,17,4,100000,247,0.00247,516,0.00516
16,17,5,100000,350,0.0035,736,0.00736
16,18,0,100000,338,0.00338,716,0.00716
16,18,1,100000,323,0.00323,727,0.00727
16,18,2,100000,255,0.00255,580,0.0058
16,18,3,100000,213,0.00213,399,0.00399
16,18,4,100000,249,0.00249,543,0.00543
16,18,5,100000,327,0.00327,697,0.00697
16,19,0,100000,337,0.00337,773,0.00773
16,19,1,100000,306,0.00306,705,0.00705
16,19,2,100000,253,0.00253,517,0.00517
16,19,3,100000,208,0.00208,403,0.00403
16,19,4,100000,245,0.00245,540,0.0054
16,19,5,100000,333,0.00333,702,0.00702
16,20,0,100000,358,0.00358,775,0.00775
16,20,1,100000,341,0.00341,671,0.00671
16,20,2,100000,256,0.00256,531,0.00531
16,20,3,100000,219,0.00219,439,0.00439
16,20,4,100000,252,0.00252,513,0.00513
16,20,5,100000,322,0.00322,697,0.00697
16,21,0,100000,380,0.0038,793,0.00793
16,21,1,100000,325,0.00325,708,0.00708
16,21,2,100000,236,0.00236,539,0.00539
16,21,3,100000,216,0.00216,431,0.00431
16,21,4,100000,266,0.00266,539,0.00539
16,21,5,100000,340,0.0034,735,0.00735
16,22,0,100000,401,0.00401,790,0.0079
16,22,1,100000,333,0.00333,705,0.00705
16,22,2,100000,279,0.00279,560,0.0056
16,22,3,100000,163,0.00163,385,0.00385
16,22,4,100000,243,0.00243,547,0.00547
16,22,5,100000,381,0.00381,753,0.00753
16,23,0,100000,365,0.00365,781,0.00781
16,23,1,100000,377,0.00377,724,0.00724
16,23,2,100000,266,0.00266,522,0.00522
16,23,3,100000,220,0.0022,433,0.00433
16,23,4,100000,276,0.00276,567,0.00567
16,23,5,100000,343,0.00343,699,0.00699
16,24,0,100000,408,0.00408,753,0.00753
16,24,1,100000,325,0.00325,672,0.00672
16,24,2,100000,244,0.00244,516,0.00516
16,24,3,100000,221,0.00221,455,0.00455
16,24,4,100000,254,0.00254,547,0.00547
16,24,5,100000,363,0.00363,751,0.00751
16,25,0,100000,377,0.00377,753,0.00753
16,25,1,100000,311,0.00311,691,0.00691
16,25,2,100000,268,0.00268,561,0.00561
16,25,3,100000,225,0.00225,416,0.00416
16,25,4,100000,231,0.00231,535,0.00535
16,25,5,100000,339,0.00339,762,0.00762
16,26,0,100000,361,0.00361,763,0.00763
16,26,1,100000,348,0.00348,735,0.00735
16,26,2,100000,223,0.00223,510,0.0051
16,26,3,100000,202,0.00202,447,0.00447
16,26,4,100000,275,0.00275,551,0.00551
16,26,5,100000,365,0.00365,707,0.00707
16,27,0,100000,395,0.00395,840,0.0084
16,27,1,100000,335,0.00335,708,0.00708
16,27,2,100000,274,0.00274,537,0.00537
16,27,3,100000,235,0.00235,438,0.00438
16,27,4,100000,240,0.0024,562,0.00562
16,27,5,100000,325,0.00325,712,0.00712
16,28,0,100000,340,0.0034,766,0.00766
16,28,1,100000,333,0.00333,736,0.00736
16,28,2,100000,278,0.00278,499,0.00499
16,28,3,100000,192,0.00192,421,0.00421
16,28,4,100000,259,0.00259,517,0.00517
16,28,5,100000,318,0.00318,709,0.00709
16,29,0,100000,364,0.00364,782,0.00782
16,29,1,100000,371,0.00371,784,0.00784
16,29,2,100000,217,0.00217,520,0.0052
16,29,3,100000,197,0.00197,387,0.00387
16,29,4,100000,251,0.00251,549,0.00549
16,29,5,100000,365,0.00365,760,0.0076
16,30,0,100000,341,0.00341,763,0.00763
16,30,1,100000,307,0.00307,670,0.0067
16,30,2,100000,256,0.00256,533,0.00533
16,30,3,100000,174,0.00174,384,0.00384
16,30,4,100000,283,0.00283,572,0.00572
16,30,5,100000,339,0.00339,715,0.00715
16,31,0,100000,333,0.00333,719,0.00719
16,31,1,100000,351,0.00351,703,0.00703
16,31,2,100000,251,0.00251,510,0.0051
16,31,3,100000,204,0.00204,418,0.00418
16,31,4,100000,292,0.00292,536,0.00536
16,31,5,100000,317,0.00317,710,0.0071
16,32,0,100000,393,0.00393,787,0.00787
16,32,1,100000,335,0.00335,711,0.00711
16,32,2,100000,269,0.00269,543,0.00543
16,32,3,100000,226,0.00226,432,0.00432
16,32,4,100000,283,0.00283,547,0.00547
16,32,5,100000,306,0.00306,677,0.00677
16,33,0,100000,381,0.00381,761,0.00761
16,33,1,100000,309,0.00309,640,0.0064
16,33,2,100000,252,0.00252,507,0.00507
16,33,3,100000,184,0.00184,406,0.00406
16,33,4,100000,249,0.00249,521,0.00521
16,33,5,100000,322,0.00322,690,0.0069
16,34,0,100000,365,0.00365,770,0.0077
16,34,1,100000,361,0.00361,741,0.00741
16,34,2,100000,248,0.00248,554,0.00554
16,34,3,100000,206,0.00206,413,0.00413
16,34,4,100000,258,0.00258,540,0.0054
16,34,5,100000,311,0.00311,723,0.00723
16,35,0,100000,363,0.00363,818,0.00818
16,35,1,100000,340,0.0034,695,0.00695
16,35,2,100000,248,0.00248,548,0.00548
16,35,3,100000,184,0.00184,411,0.00411
16,35,4,100000,275,0.00275,538,0.00538
16,35,5,100000,345,0.00345,683,0.00683
16,36,0,100000,380,0.0038,776,0.00776
16,36,1,100000,345,0.00345,706,0.00706
16,36,2,100000,263,0.00263,508,0.00508
16,36,3,100000,214,0.00214,448,0.00448
16,36,4,100000,238,0.00238,471,0.00471
16,36,5,100000,345,0.00345,693,0.00693
16,37,0,100000,339,0.00339,731,0.00731
16,37,1,100000,320,0.0032,681,0.00681
16,37,2,100000,280,0.0028,546,0.00546
16,37,3,100000,204,0.00204,430,0.0043
16,37,4,100000,260,0.0026,518,0.00518
16,37,5,100000,326,0.00326,693,0.00693
16,38,0,100000,333,0.00333,713,0.00713
16,38,1,100000,313,0.00313,624,0.00624
16,38,2,100000,255,0.00255,513,0.00513
16,38,3,100000,195,0.00195,381,0.00381
16,38,4,100000,252,0.00252,509,0.00509
16,38,5,100000,279,0.00279,636,0.00636
16,39,0,100000,275,0.00275,545,0.00545
16,39,1,100000,243,0.00243,527,0.00527
16,39,2,100000,208,0.00208,420,0.0042
16,39,3,100000,115,0.00115,298,0.00298
16,39,4,100000,197,0.00197,427,0.00427
16,39,5,100000,285,0.00285,546,0.00546
16,40,0,100000,186,0.00186,379,0.00379
16,40,1,100000,180,0.0018,403,0.00403
16,40,2,100000,156,0.00156,327,0.00327
16,40,3,100000,122,0.00122,251,0.00251
16,40,4,100000,146,0.00146,281,0.00281
16,40,5,100000,223,0.00223,421,0.00421
16,41,0,100000,106,0.00106,227,0.00227
16,41,1,100000,124,0.00124,265,0.00265
16,41,2,100000,104,0.00104,219,0.00219
16,41,3,100000,94,0.00094,185,0.00185
16,41,4,100000,122,0.00122,229,0.00229
16,41,5,100000,123,0.00123,244,0.00244
16,42,0,100000,56,0.00056,134,0.00134
16,42,1,100000,87,0.00087,180,0.0018
16,42,2,100000,83,0.00083,158,0.00158
16,42,3,100000,71,0.00071,122,0.00122
16,42,4,100000,39,0.00039,104,0.00104
16,42,5,100000,72,0.00072,120,0.0012
16,43,0,100000,54,0.00054,105,0.00105
16,43,1,100000,43,0.00043,98,0.00098
16,43,2,100000,56,0.00056,101,0.00101
16,43,3,100000,63,0.00063,112,0.00112
16,43,4,100000,35,0.00035,75,0.00075
16,43,5,100000,30,0.0003,83,0.00083
16,44,0,100000,16,0.00016,69,0.00069
16,44,1,100000,45,0.00045,94,0.00094
16,44,2,100000,37,0.00037,81,0.00081
16,44,3,100000,22,0.00022,75,0.00075
16,44,4,100000,39,0.00039,77,0.00077
16,44,5,100000,24,0.00024,57,0.00057
16,45,0,100000,29,0.00029,91,0.00091
16,45,1,100000,43,0.00043,78,0.00078
16,45,2,100000,36,0.00036,93,0.00093
16,45,3,100000,40,0.0004,70,0.0007
16,45,4,100000,43,0.00043,84,0.00084
16,45,5,100000,25,0.00025,94,0.00094
16,46,0,100000,33,0.00033,69,0.00069
16,46,1,100000,21,0.00021,66,0.00066
16,46,2,100000,45,0.00045,88,0.00088
16,46,3,100000,45,0.00045,89,0.00089
16,46,4,100000,35,0.00035,89,0.00089
16,46,5,100000,46,0.00046,78,0.00078
16,47,0,100000,40,0.0004,87,0.00087
16,47,1,100000,18,0.00018,77,0.00077
16,47,2,100000,25,0.00025,75,0.00075
16,47,3,100000,28,0.00028,73,0.00073
16,47,4,100000,35,0.00035,73,0.00073
16,47,5,100000,44,0.00044,81,0.00081
16,48,0,100000,24,0.00024,81,0.00081
16,48,1,100000,20,0.0002,60,0.0006
16,48,2,100000,35,0.00035,81,0.00081
16,48,3,100000,38,0.00038,80,0.0008
16,48,4,100000,27,0.00027,77,0.00077
16,48,5,100000,59,0.00059,88,0.00088
16,49,0,100000,26,0.00026,58,0.00058
16,49,1,100000,39,0.00039,82,0.00082
16,49,2,100000,46,0.00046,91,0.00091
16,49,3,100000,38,0.00038,68,0.00068
16,49,4,100000,30,0.0003,66,0.00066
16,49,5,100000,20,0.0002,71,0.00071
16,50,0,100000,35,0.00035,87,0.00087
16,50,1,100000,16,0.00016,73,0.00073
16,50,2,100000,28,0.00028,79,0.00079
16,50,3,100000,23,0.00023,74,0.00074
16,50,4,100000,30,0.0003,73,0.00073
16,50,5,100000,35,0.00035,74,0.00074
17,-50,0,100000,43,0.00043,90,0.0009
17,-50,1,100000,28,0.00028,63,0.00063
17,-50,2,100000,21,0.00021,73,0.00073
17,-50,3,100000,49,0.00049,83,0.00083
17,-50,4,100000,29,0.00029,79,0.00079
17,-50,5,100000,25,0.00025,64,0.00064
17,-49,0,100000,25,0.00025,69,0.00069
17,-49,1,100000,39,0.00039,84,0.00084
17,-49,2,100000,40,0.0004,67,0.00067
17,-49,3,100000,37,0.00037,83,0.00083
17,-49,4,100000,30,0.0003,78,0.00078
17,-49,5,100000,34,0.00034,71,0.00071
17,-48,0,100000,31,0.00031,68,0.00068
17,-48,1,100000,41,0.00041,97,0.00097
17,-48,2,100000,34,0.00034,81,0.00081
17,-48,3,100000,45,0.00045,81,0.00081
17,-48,4,100000,23,0.00023,71,0.00071
17,-48,5,100000,11,0.00011,61,0.00061
17,-47,0,100000,34,0.00034,77,0.00077
17,-47,1,100000,42,0.00042,78,0.00078
17,-47,2,100000,62,0.00062,85,0.00085
17,-47,3,100000,48,0.00048,83,0.00083
17,-47,4,100000,36,0.00036,83,0.00083
17,-47,5,100000,48,0.00048,80,0.0008
17,-46,0,100000,66,0.00066,84,0.00084
17,-46,1,100000,30,0.0003,79,0.00079
17,-46,2,100000,24,0.00024,81,0.00081
17,-46,3,100000,32,0.00032,81,0.00081
17,-46,4,100000,24,0.00024,91,0.00091
17,-46,5,100000,41,0.00041,78,0.00078
17,-45,0,100000,29,0.00029,88,0.00088
17,-45,1,100000,37,0.00037,77,0.00077
17,-45,2,100000,33,0.00033,77,0.00077
17,-45,3,100000,39,0.00039,84,0.00084
17,-45,4,100000,31,0.00031,81,0.00081
17,-45,5,100000,61,0.00061,98,0.00098
17,-44,0,100000,37,0.00037,92,0.00092
17,-44,1,100000,30,0.0003,73,0.00073
17,-44,2,100000,28,0.00028,64,0.00064
17,-44,3,100000,47,0.00047,99,0.00099
17,-44,4,100000,34,0.00034,89,0.00089
17,-44,5,100000,36,0.00036,88,0.00088
17,-43,0,100000,66,0.00066,113,0.00113
17,-43,1,100000,31,0.00031,86,0.00086
17,-43,2,100000,36,0.00036,93,0.00093
17,-43,3,100000,57,0.00057,101,0.00101
17,-43,4,100000,67,0.00067,139,0.00139
17,-43,5,100000,54,0.00054,114,0.00114
17,-42,0,100000,50,0.0005,145,0.00145
17,-42,1,100000,65,0.00065,123,0.00123
17,-42,2,100000,58,0.00058,109,0.00109
17,-42,3,100000,72,0.00072,138,0.00138
17,-42,4,100000,105,0.00105,178,0.00178
17,-42,5,100000,95,0.00095,176,0.00176
17,-41,0,100000,111,0.00111,264,0.00264
17,-41,1,100000,106,0.00106,240,0.0024
17,-41,2,100000,102,0.00102,167,0.00167
17,-41,3,100000,93,0.00093,167,0.00167
17,-41,4,100000,90,0.0009,203,0.00203
17,-41,5,100000,91,0.00091,238,0.00238
17,-40,0,100000,143,0.00143,322,0.00322
17,-40,1,100000,198,0.00198,352,0.00352
17,-40,2,100000,114,0.00114,248,0.00248
17,-40,3,100000,99,0.00099,226,0.00226
17,-40,4,100000,137,0.00137,277,0.00277
17,-40,5,100000,143,0.00143,301,0.00301
17,-39,0,100000,258,0.00258,467,0.00467
17,-39,1,100000,258,0.00258,439,0.00439
17,-39,2,100000,198,0.00198,399,0.00399
17,-39,3,100000,113,0.00113,268,0.00268
17,-39,4,100000,176,0.00176,364,0.00364
17,-39,5,100000,188,0.00188,433,0.00433
17,-38,0,100000,268,0.00268,573,0.00573
17,-38,1,100000,267,0.00267,564,0.00564
17,-38,2,100000,238,0.00238,459,0.00459
17,-38,3,100000,184,0.00184,326,0.00326
17,-38,4,100000,205,0.00205,444,0.00444
17,-38,5,100000,285,0.00285,517,0.00517
17,-37,0,100000,318,0.00318,663,0.00663
17,-37,1,100000,282,0.00282,588,0.00588
17,-37,2,100000,223,0.00223,480,0.0048
17,-37,3,100000,190,0.0019,376,0.00376
17,-37,4,100000,245,0.00245,479,0.00479
17,-37,5,100000,309,0.00309,612,0.00612
17,-36,0,100000,328,0.00328,681,0.00681
17,-36,1,100000,326,0.00326,631,0.00631
17,-36,2,100000,224,0.00224,476,0.00476
17,-36,3,100000,174,0.00174,343,0.00343
17,-36,4,100000,189,0.00189,416,0.00416
17,-36,5,100000,325,0.00325,630,0.0063
17,-35,0,100000,346,0.00346,677,0.00677
17,-35,1,100000,309,0.00309,647,0.00647
17,-35,2,100000,196,0.00196,424,0.00424
17,-35,3,100000,181,0.00181,340,0.0034
17,-35,4,100000,278,0.00278,472,0.00472
17,-35,5,100000,327,0.00327,604,0.00604
17,-34,0,100000,316,0.00316,670,0.0067
17,-34,1,100000,290,0.0029,578,0.00578
17,-34,2,100000,211,0.00211,437,0.00437
17,-34,3,100000,195,0.00195,349,0.00349
17,-34,4,100000,226,0.00226,459,0.00459
17,-34,5,100000,322,0.00322,646,0.00646
17,-33,0,100000,322,0.00322,652,0.00652
17,-33,1,100000,330,0.0033,607,0.00607
17,-33,2,100000,223,0.00223,481,0.00481
17,-33,3,100000,170,0.0017,337,0.00337
17,-33,4,100000,218,0.00218,464,0.00464
17,-33,5,100000,293,0.00293,644,0.00644
17,-32,0,100000,272,0.00272,628,0.00628
17,-32,1,100000,262,0.00262,576,0.00576
17,-32,2,100000,218,0.00218,459,0.00459
17,-32,3,100000,197,0.00197,385,0.00385
17,-32,4,100000,221,0.00221,456,0.00456
17,-32,5,100000,301,0.00301,602,0.00602
17,-31,0,100000,319,0.00319,682,0.00682
17,-31,1,100000,320,0.0032,622,0.00622
17,-31,2,100000,235,0.00235,458,0.00458
17,-31,3,100000,168,0.00168,342,0.00342
17,-31,4,100000,219,0.00219,449,0.00449
17,-31,5,100000,287,0.00287,624,0.00624
17,-30,0,100000,325,0.00325,715,0.00715
17,-30,1,100000,304,0.00304,615,0.00615
17,-30,2,100000,246,0.00246,463,0.00463
17,-30,3,100000,169,0.00169,352,0.00352
17,-30,4,100000,289,0.00289,498,0.00498
17,-30,5,100000,306,0.00306,624,0.00624
17,-29,0,100000,312,0.00312,690,0.0069
17,-29,1,100000,274,0.00274,610,0.0061
17,-29,2,100000,215,0.00215,448,0.00448
17,-29,3,100000,161,0.00161,334,0.00334
17,-29,4,100000,213,0.00213,450,0.0045
17,-29,5,100000,309,0.00309,617,0.00617
17,-28,0,100000,306,0.00306,638,0.00638
17,-28,1,100000,270,0.0027,579,0.00579
17,-28,2,100000,220,0.0022,458,0.00458
17,-28,3,100000,166,0.00166,335,0.00335
17,-28,4,100000,204,0.00204,441,0.00441
17,-28,5,100000,348,0.00348,599,0.00599
17,-27,0,100000,282,0.00282,658,0.00658
17,-27,1,100000,329,0.00329,673,0.00673
17,-27,2,100000,212,0.00212,442,0.00442
17,-27,3,100000,184,0.00184,376,0.00376
17,-27,4,100000,192,0.00192,418,0.00418
17,-27,5,100000,327,0.00327,595,0.00595
17,-26,0,100000,342,0.00342,657,0.00657
17,-26,1,100000,246,0.00246,585,0.00585
17,-26,2,100000,194,0.00194,428,0.00428
17,-26,3,100000,196,0.00196,374,0.00374
17,-26,4,100000,251,0.00251,465,0.00465
17,-26,5,100000,348,0.00348,653,0.00653
17,-25,0,100000,298,0.00298,666,0.00666
17,-25,1,100000,294,0.00294,606,0.00606
17,-25,2,100000,218,0.00218,452,0.00452
17,-25,3,100000,183,0.00183,363,0.00363
17,-25,4,100000,233,0.00233,451,0.00451
17,-25,5,100000,309,0.00309,642,0.00642
17,-24,0,100000,332,0.00332,666,0.00666
17,-24,1,100000,311,0.00311,579,0.00579
17,-24,2,100000,228,0.00228,474,0.00474
17,-24,3,100000,179,0.00179,345,0.00345
17,-24,4,100000,244,0.00244,486,0.00486
17,-24,5,100000,270,0.0027,584,0.00584
17,-23,0,100000,356,0.00356,687,0.00687
17,-23,1,100000,303,0.00303,635,0.00635
17,-23,2,100000,204,0.00204,480,0.0048
17,-23,3,100000,160,0.0016,350,0.0035
17,-23,4,100000,235,0.00235,471,0.00471
17,-23,5,100000,291,0.00291,633,0.00633
17,-22,0,100000,298,0.00298,645,0.00645
17,-22,1,100000,291,0.00291,625,0.00625
17,-22,2,100000,240,0.0024,463,0.00463
17,-22,3,100000,187,0.00187,381,0.00381
17,-22,4,100000,228,0.00228,460,0.0046
17,-22,5,100000,322,0.00322,618,0.00618
17,-21,0,100000,302,0.00302,634,0.00634
17,-21,1,100000,271,0.00271,594,0.00594
17,-21,2,100000,226,0.00226,444,0.00444
17,-21,3,100000,207,0.00207,379,0.00379
17,-21,4,100000,256,0.00256,461,0.00461
17,-21,5,100000,296,0.00296,619,0.00619
17,-20,0,100000,300,0.003,631,0.00631
17,-20,1,100000,266,0.00266,595,0.00595
17,-20,2,100000,250,0.0025,498,0.00498
17,-20,3,100000,184,0.00184,351,0.00351
17,-20,4,100000,230,0.0023,423,0.00423
17,-20,5,100000,304,0.00304,621,0.00621
17,-19,0,100000,352,0.00352,689,0.00689
17,-19,1,100000,300,0.003,627,0.00627
17,-19,2,100000,231,0.00231,507,0.00507
17,-19,3,100000,177,0.00177,337,0.00337
17,-19,4,100000,216,0.00216,443,0.00443
17,-19,5,100000,304,0.00304,637,0.00637
17,-18,0,100000,281,0.00281,632,0.00632
17,-18,1,100000,287,0.00287,595,0.00595
17,-18,2,100000,206,0.00206,451,0.00451
17,-18,3,100000,148,0.00148,340,0.0034
17,-18,4,100000,240,0.0024,448,0.00448
17,-18,5,100000,315,0.00315,632,0.00632
17,-17,0,100000,327,0.00327,659,0.00659
17,-17,1,100000,266,0.00266,603,0.00603
17,-17,2,100000,254,0.00254,475,0.00475
17,-17,3,100000,165,0.00165,363,0.00363
17,-17,4,100000,246,0.00246,497,0.00497
17,-17,5,100000,268,0.00268,561,0.00561
17,-16,0,100000,312,0.00312,702,0.00702
17,-16,1,100000,301,0.00301,641,0.00641
17,-16,2,100000,260,0.0026,486,0.00486
17,-16,3,100000,169,0.00169,368,0.00368
17,-16,4,100000,221,0.00221,440,0.0044
17,-16,5,100000,303,0.00303,604,0.00604
17,-15,0,100000,307,0.00307,727,0.00727
17,-15,1,100000,288,0.00288,618,0.00618
17,-15,2,100000,222,0.00222,439,0.00439
17,-15,3,100000,167,0.00167,345,0.00345
17,-15,4,100000,216,0.00216,443,0.00443
17,-15,5,100000,266,0.00266,641,0.00641
17,-14,0,100000,316,0.00316,698,0.00698
17,-14,1,100000,287,0.00287,595,0.00595
17,-14,2,100000,217,0.00217,438,0.00438
17,-14,3,100000,154,0.00154,346,0.00346
17,-14,4,100000,217,0.00217,440,0.0044
17,-14,5,100000,288,0.00288,606,0.00606
17,-13,0,100000,313,0.00313,665,0.00665
17,-13,1,100000,280,0.0028,620,0.0062
17,-13,2,100000,235,0.00235,471,0.00471
17,-13,3,100000,183,0.00183,371,0.00371
17,-13,4,100000,210,0.0021,467,0.00467
17,-13,5,100000,258,0.00258,588,0.00588
17,-12,0,100000,332,0.00332,659,0.00659
17,-12,1,100000,329,0.00329,641,0.00641
17,-12,2,100000,233,0.00233,443,0.00443
17,-12,3,100000,163,0.00163,347,0.00347
17,-12,4,100000,220,0.0022,435,0.00435
17,-12,5,100000,285,0.00285,590,0.0059
17,-11,0,100000,344,0.00344,651,0.00651
17,-11,1,100000,309,0.00309,654,0.00654
17,-11,2,100000,196,0.00196,442,0.00442
17,-11,3,100000,199,0.00199,371,0.00371
17,-11,4,100000,200,0.002,422,0.00422
17,-11,5,100000,308,0.00308,613,0.00613
17,-10,0,100000,316,0.00316,698,0.00698
17,-10,1,100000,289,0.00289,594,0.00594
17,-10,2,100000,233,0.00233,466,0.00466
17,-10,3,100000,165,0.00165,371,0.00371
17,-10,4,100000,195,0.00195,425,0.00425
17,-10,5,100000,304,0.00304,616,0.00616
17,-9,0,100000,322,0.00322,687,0.00687
17,-9,1,100000,277,0.00277,609,0.00609
17,-9,2,100000,227,0.00227,436,0.00436
17,-9,3,100000,189,0.00189,357,0.00357
17,-9,4,100000,220,0.0022,491,0.00491
17,-9,5,100000,299,0.00299,623,0.00623
17,-8,0,100000,305,0.00305,650,0.0065
17,-8,1,100000,280,0.0028,594,0.00594
17,-8,2,100000,236,0.00236,446,0.00446
17,-8,3,100000,157,0.00157,372,0.00372
17,-8,4,100000,210,0.0021,472,0.00472
17,-8,5,100000,290,0.0029,594,0.00594
17,-7,0,100000,366,0.00366,708,0.00708
17,-7,1,100000,293,0.00293,621,0.00621
17,-7,2,100000,235,0.00235,464,0.00464
17,-7,3,100000,171,0.00171,359,0.00359
17,-7,4,100000,218,0.00218,445,0.00445
17,-7,5,100000,270,0.0027,607,0.00607
17,-6,0,100000,319,0.00319,677,0.00677
17,-6,1,100000,310,0.0031,622,0.00622
17,-6,2,100000,229,0.00229,438,0.00438
17,-6,3,100000,176,0.00176,385,0.00385
17,-6,4,100000,222,0.00222,465,0.00465
17,-6,5,100000,269,0.00269,557,0.00557
17,-5,0,100000,332,0.00332,681,0.00681
17,-5,1,100000,265,0.00265,594,0.00594
17,-5,2,100000,216,0.00216,454,0.00454
17,-5,3,100000,201,0.00201,369,0.00369
17,-5,4,100000,191,0.00191,472,0.00472
17,-5,5,100000,289,0.00289,605,0.00605
17,-4,0,100000,325,0.00325,669,0.00669
17,-4,1,100000,264,0.00264,598,0.00598
17,-4,2,100000,232,0.00232,449,0.00449
17,-4,3,100000,171,0.00171,346,0.00346
17,-4,4,100000,229,0.00229,461,0.00461
17,-4,5,100000,265,0.00265,609,0.00609
17,-3,0,100000,306,0.00306,651,0.00651
17,-3,1,100000,284,0.00284,619,0.00619
17,-3,2,100000,234,0.00234,445,0.00445
17,-3,3,100000,176,0.00176,335,0.00335
17,-3,4,100000,244,0.00244,456,0.00456
17,-3,5,100000,310,0.0031,640,0.0064
17,-2,0,100000,334,0.00334,682,0.00682
17,-2,1,100000,299,0.00299,607,0.00607
17,-2,2,100000,246,0.00246,497,0.00497
17,-2,3,100000,173,0.00173,375,0.00375
17,-2,4,100000,241,0.00241,453,0.00453
17,-2,5,100000,278,0.00278,628,0.00628
17,-1,0,100000,302,0.00302,650,0.0065
17,-1,1,100000,299,0.00299,629,0.00629
17,-1,2,100000,187,0.00187,435,0.00435
17,-1,3,100000,155,0.00155,368,0.00368
17,-1,4,100000,227,0.00227,475,0.00475
17,-1,5,100000,268,0.00268,604,0.00604
17,0,0,100000,320,0.0032,657,0.00657
17,0,1,100000,250,0.0025,596,0.00596
17,0,2,100000,233,0.00233,461,0.00461
17,0,3,100000,129,0.00129,317,0.00317
17,0,4,100000,242,0.00242,473,0.00473
17,0,5,100000,298,0.00298,580,0.0058
17,1,0,100000,335,0.00335,676,0.00676
17,1,1,100000,262,0.00262,572,0.00572
17,1,2,100000,243,0.00243,457,0.00457
17,1,3,100000,190,0.0019,378,0.00378
17,1,4,100000,223,0.00223,445,0.00445
17,1,5,100000,248,0.00248,595,0.00595
17,2,0,100000,289,0.00289,632,0.00632
17,2,1,100000,291,0.00291,577,0.00577
17,2,2,100000,224,0.00224,437,0.00437
17,2,3,100000,179,0.00179,351,0.00351
17,2,4,100000,199,0.00199,432,0.00432
17,2,5,100000,323,0.00323,630,0.0063
17,3,0,100000,264,0.00264,614,0.00614
17,3,1,100000,279,0.00279,580,0.0058
17,3,2,100000,212,0.00212,473,0.00473
17,3,3,100000,198,0.00198,390,0.0039
17,3,4,100000,220,0.0022,478,0.00478
17,3,5,100000,283,0.00283,630,0.0063
17,4,0,100000,285,0.00285,674,0.00674
17,4,1,100000,325,0.00325,639,0.00639
17,4,2,100000,234,0.00234,448,0.00448
17,4,3,100000,175,0.00175,363,0.00363
17,4,4,100000,265,0.00265,493,0.00493
17,4,5,100000,299,0.00299,594,0.00594
17,5,0,100000,314,0.00314,674,0.00674
17,5,1,100000,273,0.00273,612,0.00612
17,5,2,100000,218,0.00218,453,0.00453
17,5,3,100000,183,0.00183,349,0.00349
17,5,4,100000,262,0.00262,495,0.00495
17,5,5,100000,266,0.00266,615,0.00615
17,6,0,100000,329,0.00329,662,0.00662
17,6,1,100000,298,0.00298,582,0.00582
17,6,2,100000,225,0.00225,451,0.00451
17,6,3,100000,197,0.00197,356,0.00356
17,6,4,100000,205,0.00205,425,0.00425
17,6,5,100000,278,0.00278,631,0.00631
17,7,0,100000,330,0.0033,675,0.00675
17,7,1,100000,278,0.00278,585,0.00585
17,7,2,100000,252,0.00252,467,0.00467
17,7,3,100000,171,0.00171,358,0.00358
17,7,4,100000,227,0.00227,455,0.00455
17,7,5,100000,279,0.00279,581,0.00581
17,8,0,100000,318,0.00318,648,0.00648
17,8,1,100000,317,0.00317,670,0.0067
17,8,2,100000,212,0.00212,445,0.00445
17,8,3,100000,172,0.00172,358,0.00358
17,8,4,100000,236,0.00236,473,0.00473
17,8,5,100000,268,0.00268,603,0.00603
17,9,0,100000,339,0.00339,681,0.00681
17,9,1,100000,298,0.00298,583,0.00583
17,9,2,100000,223,0.00223,474,0.00474
17,9,3,100000,130,0.0013,348,0.00348
17,9,4,100000,217,0.00217,450,0.0045
17,9,5,100000,330,0.0033,648,0.00648
17,10,0,100000,306,0.00306,659,0.00659
17,10,1,100000,302,0.00302,597,0.00597
17,10,2,100000,212,0.00212,475,0.00475
17,10,3,100000,163,0.00163,363,0.00363
17,10,4,100000,244,0.00244,442,0.00442
17,10,5,100000,310,0.0031,636,0.00636
17,11,0,100000,300,0.003,664,0.00664
17,11,1,100000,313,0.00313,624,0.00624
17,11,2,100000,224,0.00224,436,0.00436
17,11,3,100000,163,0.00163,336,0.00336
17,11,4,100000,240,0.0024,465,0.00465
17,11,5,100000,316,0.00316,656,0.00656
17,12,0,100000,273,0.00273,700,0.007
17,12,1,100000,254,0.00254,607,0.00607
17,12,2,100000,229,0.00229,434,0.00434
17,12,3,100000,156,0.00156,334,0.00334
17,12,4,100000,240,0.0024,455,0.00455
17,12,5,100000,291,0.00291,561,0.00561
17,13,0,100000,303,0.00303,656,0.00656
17,13,1,100000,301,0.00301,583,0.00583
17,13,2,100000,225,0.00225,431,0.00431
17,13,3,100000,160,0.0016,365,0.00365
17,13,4,100000,231,0.00231,451,0.00451
17,13,5,100000,268,0.00268,602,0.00602
17,14,0,100000,313,0.00313,657,0.00657
17,14,1,100000,294,0.00294,617,0.00617
17,14,2,100000,249,0.00249,498,0.00498
17,14,3,100000,177,0.00177,348,0.00348
17,14,4,100000,237,0.00237,498,0.00498
17,14,5,100000,286,0.00286,645,0.00645
17,15,0,100000,348,0.00348,680,0.0068
17,15,1,100000,284,0.00284,607,0.00607
17,15,2,100000,224,0.00224,437,0.00437
17,15,3,100000,205,0.00205,388,0.00388
17,15,4,100000,263,0.00263,489,0.00489
17,15,5,100000,266,0.00266,587,0.00587
17,16,0,100000,299,0.00299,644,0.00644
17,16,1,100000,353,0.00353,615,0.00615
17,16,2,100000,214,0.00214,458,0.00458
17,16,3,100000,229,0.00229,393,0.00393
17,16,4,100000,227,0.00227,484,0.00484
17,16,5,100000,290,0.0029,629,0.00629
17,17,0,100000,261,0.00261,626,0.00626
17,17,1,100000,272,0.00272,578,0.00578
17,17,2,100000,220,0.0022,463,0.00463
17,17,3,100000,167,0.00167,338,0.00338
17,17,4,100000,223,0.00223,456,0.00456
17,17,5,100000,305,0.00305,635,0.00635
17,18,0,100000,325,0.00325,641,0.00641
17,18,1,100000,298,0.00298,597,0.00597
17,18,2,100000,193,0.00193,420,0.0042
17,18,3,100000,160,0.0016,333,0.00333
17,18,4,100000,176,0.00176,428,0.00428
17,18,5,100000,294,0.00294,584,0.00584
17,19,0,100000,326,0.00326,666,0.00666
17,19,1,100000,299,0.00299,608,0.00608
17,19,2,100000,246,0.00246,471,0.00471
17,19,3,100000,140,0.0014,318,0.00318
17,19,4,100000,221,0.00221,449,0.00449
17,19,5,100000,294,0.00294,623,0.00623
17,20,0,100000,313,0.00313,699,0.00699
17,20,1,100000,280,0.0028,599,0.00599
17,20,2,100000,207,0.00207,401,0.00401
17,20,3,100000,204,0.00204,398,0.00398
17,20,4,100000,196,0.00196,462,0.00462
17,20,5,100000,299,0.00299,627,0.00627
17,21,0,100000,319,0.00319,680,0.0068
17,21,1,100000,283,0.00283,613,0.00613
17,21,2,100000,275,0.00275,464,0.00464
17,21,3,100000,173,0.00173,346,0.00346
17,21,4,100000,227,0.00227,461,0.00461
17,21,5,100000,327,0.00327,669,0.00669
17,22,0,100000,299,0.00299,607,0.00607
17,22,1,100000,301,0.00301,606,0.00606
17,22,2,100000,211,0.00211,449,0.00449
17,22,3,100000,159,0.00159,348,0.00348
17,22,4,100000,214,0.00214,473,0.00473
17,22,5,100000,313,0.00313,616,0.00616
17,23,0,100000,300,0.003,615,0.00615
17,23,1,100000,312,0.00312,639,0.00639
17,23,2,100000,176,0.00176,426,0.00426
17,23,3,100000,168,0.00168,310,0.0031
17,23,4,100000,224,0.00224,463,0.00463
17,23,5,100000,296,0.00296,620,0.0062
17,24,0,100000,325,0.00325,712,0.00712
17,24,1,100000,288,0.00288,625,0.00625
17,24,2,100000,250,0.0025,457,0.00457
17,24,3,100000,172,0.00172,326,0.00326
17,24,4,100000,231,0.00231,441,0.00441
17,24,5,100000,289,0.00289,558,0.00558
17,25,0,100000,317,0.00317,633,0.00633
17,25,1,100000,306,0.00306,612,0.00612
17,25,2,100000,220,0.0022,441,0.00441
17,25,3,100000,222,0.00222,392,0.00392
17,25,4,100000,242,0.00242,481,0.00481
17,25,5,100000,297,0.00297,604,0.00604
17,26,0,100000,299,0.00299,668,0.00668
17,26,1,100000,300,0.003,623,0.00623
17,26,2,100000,226,0.00226,472,0.00472
17,26,3,100000,184,0.00184,367,0.00367
17,26,4,100000,206,0.00206,450,0.0045
17,26,5,100000,298,0.00298,598,0.00598
17,27,0,100000,314,0.00314,659,0.00659
17,27,1,100000,320,0.0032,594,0.00594
17,27,2,100000,211,0.00211,449,0.00449
17,27,3,100000,209,0.00209,350,0.0035
17,27,4,100000,224,0.00224,450,0.0045
17,27,5,100000,292,0.00292,593,0.00593
17,28,0,100000,326,0.00326,670,0.0067
17,28,1,100000,289,0.00289,613,0.00613
17,28,2,100000,222,0.00222,466,0.00466
17,28,3,100000,157,0.00157,358,0.00358
17,28,4,100000,224,0.00224,459,0.00459
17,28,5,100000,267,0.00267,560,0.0056
17,29,0,100000,337,0.00337,657,0.00657
17,29,1,100000,299,0.00299,601,0.00601
17,29,2,100000,220,0.0022,469,0.00469
17,29,3,100000,165,0.00165,339,0.00339
17,29,4,100000,196,0.00196,449,0.00449
17,29,5,100000,316,0.00316,624,0.00624
17,30,0,100000,316,0.00316,686,0.00686
17,30,1,100000,332,0.00332,643,0.00643
17,30,2,100000,210,0.0021,476,0.00476
17,30,3,100000,194,0.00194,372,0.00372
17,30,4,100000,220,0.0022,447,0.00447
17,30,5,100000,280,0.0028,592,0.00592
17,31,0,100000,323,0.00323,677,0.00677
17,31,1,100000,273,0.00273,596,0.00596
17,31,2,100000,238,0.00238,442,0.00442
17,31,3,100000,157,0.00157,335,0.00335
17,31,4,100000,226,0.00226,461,0.00461
17,31,5,100000,269,0.00269,604,0.00604
17,32,0,100000,327,0.00327,683,0.00683
17,32,1,100000,277,0.00277,623,0.00623
17,32,2,100000,204,0.00204,465,0.00465
17,32,3,100000,167,0.00167,324,0.00324
17,32,4,100000,221,0.00221,482,0.00482
17,32,5,100000,281,0.00281,597,0.00597
17,33,0,100000,278,0.00278,635,0.00635
17,33,1,100000,297,0.00297,633,0.00633
17,33,2,100000,244,0.00244,456,0.00456
17,33,3,100000,184,0.00184,340,0.0034
17,33,4,100000,217,0.00217,486,0.00486
17,33,5,100000,267,0.00267,596,0.00596
17,34,0,100000,304,0.00304,641,0.00641
17,34,1,100000,270,0.0027,573,0.00573
17,34,2,100000,240,0.0024,447,0.00447
17,34,3,100000,177,0.00177,372,0.00372
17,34,4,100000,230,0.0023,504,0.00504
17,34,5,100000,284,0.00284,615,0.00615
17,35,0,100000,334,0.00334,683,0.00683
17,35,1,100000,290,0.0029,593,0.00593
17,35,2,100000,210,0.0021,463,0.00463
17,35,3,100000,184,0.00184,355,0.00355
17,35,4,100000,183,0.00183,409,0.00409
17,35,5,100000,269,0.00269,609,0.00609
17,36,0,100000,305,0.00305,662,0.00662
17,36,1,100000,291,0.00291,617,0.00617
17,36,2,100000,249,0.00249,492,0.00492
17,36,3,100000,192,0.00192,344,0.00344
17,36,4,100000,219,0.00219,465,0.00465
17,36,5,100000,261,0.00261,571,0.00571
17,37,0,100000,312,0.00312,683,0.00683
17,37,1,100000,302,0.00302,609,0.00609
17,37,2,100000,238,0.00238,476,0.00476
17,37,3,100000,156,0.00156,362,0.00362
17,37,4,100000,228,0.00228,465,0.00465
17,37,5,100000,251,0.00251,577,0.00577
17,38,0,100000,282,0.00282,578,0.00578
17,38,1,100000,259,0.00259,536,0.00536
17,38,2,100000,168,0.00168,391,0.00391
17,38,3,100000,161,0.00161,314,0.00314
17,38,4,100000,189,0.00189,400,0.004
17,38,5,100000,257,0.00257,529,0.00529
17,39,0,100000,253,0.00253,474,0.00474
17,39,1,100000,190,0.0019,445,0.00445
17,39,2,100000,167,0.00167,356,0.00356
17,39,3,100000,151,0.00151,272,0.00272
17,39,4,100000,169,0.00169,345,0.00345
17,39,5,100000,254,0.00254,449,0.00449
17,40,0,100000,161,0.00161,336,0.00336
17,40,1,100000,139,0.00139,317,0.00317
17,40,2,100000,144,0.00144,288,0.00288
17,40,3,100000,81,0.00081,211,0.00211
17,40,4,100000,142,0.00142,276,0.00276
17,40,5,100000,191,0.00191,343,0.00343
17,41,0,100000,138,0.00138,262,0.00262
17,41,1,100000,116,0.00116,268,0.00268
17,41,2,100000,126,0.00126,233,0.00233
17,41,3,100000,74,0.00074,164,0.00164
17,41,4,100000,81,0.00081,153,0.00153
17,41,5,100000,126,0.00126,234,0.00234
17,42,0,100000,91,0.00091,168,0.00168
17,42,1,100000,88,0.00088,181,0.00181
17,42,2,100000,103,0.00103,178,0.00178
17,42,3,100000,77,0.00077,145,0.00145
17,42,4,100000,44,0.00044,105,0.00105
17,42,5,100000,68,0.00068,143,0.00143
17,43,0,100000,36,0.00036,97,0.00097
17,43,1,100000,43,0.00043,123,0.00123
17,43,2,100000,41,0.00041,97,0.00097
17,43,3,100000,66,0.00066,112,0.00112
17,43,4,100000,21,0.00021,76,0.00076
17,43,5,100000,37,0.00037,77,0.00077
17,44,0,100000,34,0.00034,85,0.00085
17,44,1,100000,49,0.00049,95,0.00095
17,44,2,100000,47,0.00047,90,0.0009
17,44,3,100000,42,0.00042,77,0.00077
17,44,4,100000,33,0.00033,82,0.00082
17,44,5,100000,20,0.0002,65,0.00065
17,45,0,100000,23,0.00023,90,0.0009
17,45,1,100000,47,0.00047,78,0.00078
17,45,2,100000,21,0.00021,72,0.00072
17,45,3,100000,45,0.00045,96,0.00096
17,45,4,100000,25,0.00025,64,0.00064
17,45,5,100000,29,0.00029,68,0.00068
17,46,0,100000,42,0.00042,92,0.00092
17,46,1,100000,32,0.00032,73,0.00073
17,46,2,100000,35,0.00035,92,0.00092
17,46,3,100000,26,0.00026,66,0.00066
17,46,4,100000,13,0.00013,80,0.0008
17,46,5,100000,60,0.0006,96,0.00096
17,47,0,100000,34,0.00034,77,0.00077
17,47,1,100000,48,0.00048,99,0.00099
17,47,2,100000,48,0.00048,89,0.00089
17,47,3,100000,29,0.00029,86,0.00086
17,47,4,100000,25,0.00025,70,0.0007
17,47,5,100000,42,0.00042,83,0.00083
17,48,0,100000,27,0.00027,73,0.00073
17,48,1,100000,31,0.00031,68,0.00068
17,48,2,100000,29,0.00029,65,0.00065
17,48,3,100000,37,0.00037,76,0.00076
17,48,4,100000,36,0.00036,76,0.00076
17,48,5,100000,27,0.00027,67,0.00067
17,49,0,100000,40,0.0004,68,0.00068
17,49,1,100000,43,0.00043,92,0.00092
17,49,2,100000,34,0.00034,72,0.00072
17,49,3,100000,28,0.00028,76,0.00076
17,49,4,100000,26,0.00026,70,0.0007
17,49,5,100000,43,0.00043,67,0.00067
17,50,0,100000,27,0.00027,63,0.00063
17,50,1,100000,22,0.00022,73,0.00073
17,50,2,100000,28,0.00028,74,0.00074
17,50,3,100000,11,0.00011,52,0.00052
17,50,4,100000,29,0.00029,73,0.00073
17,50,5,100000,40,0.0004,81,0.00081
18,-50,0,100000,45,0.00045,75,0.00075
18,-50,1,100000,36,0.00036,85,0.00085
18,-50,2,100000,18,0.00018,68,0.00068
18,-50,3,100000,22,0.00022,67,0.00067
18,-50,4,100000,55,0.00055,98,0.00098
18,-50,5,100000,14,0.00014,62,0.00062
18,-49,0,100000,32,0.00032,86,0.00086
18,-49,1,100000,23,0.00023,73,0.00073
18,-49,2,100000,36,0.00036,71,0.00071
18,-49,3,100000,44,0.00044,67,0.00067
18,-49,4,100000,39,0.00039,72,0.00072
18,-49,5,100000,24,0.00024,67,0.00067
18,-48,0,100000,33,0.00033,70,0.0007
18,-48,1,100000,38,0.00038,69,0.00069
18,-48,2,100000,25,0.00025,79,0.00079
18,-48,3,100000,32,0.00032,74,0.00074
18,-48,4,100000,33,0.00033,67,0.00067
18,-48,5,100000,28,0.00028,74,0.00074
18,-47,0,100000,59,0.00059,77,0.00077
18,-47,1,100000,25,0.00025,74,0.00074
18,-47,2,100000,34,0.00034,86,0.00086
18,-47,3,100000,24,0.00024,75,0.00075
18,-47,4,100000,31,0.00031,74,0.00074
18,-47,5,100000,39,0.00039,89,0.00089
18,-46,0,100000,35,0.00035,76,0.00076
18,-46,1,100000,30,0.0003,61,0.00061
18,-46,2,100000,21,0.00021,76,0.00076
18,-46,3,100000,37,0.00037,78,0.00078
18,-46,4,100000,33,0.00033,81,0.00081
18,-46,5,100000,29,0.00029,73,0.00073
18,-45,0,100000,26,0.00026,83,0.00083
18,-45,1,100000,26,0.00026,82,0.00082
18,-45,2,100000,33,0.00033,87,0.00087
18,-45,3,100000,31,0.00031,89,0.00089
18,-45,4,100000,30,0.0003,90,0.0009
18,-45,5,100000,27,0.00027,82,0.00082
18,-44,0,100000,43,0.00043,96,0.00096
18,-44,1,100000,28,0.00028,82,0.00082
18,-44,2,100000,26,0.00026,85,0.00085
18,-44,3,100000,44,0.00044,109,0.00109
18,-44,4,100000,34,0.00034,99,0.00099
18,-44,5,100000,43,0.00043,95,0.00095
18,-43,0,100000,50,0.0005,101,0.00101
18,-43,1,100000,46,0.00046,75,0.00075
18,-43,2,100000,43,0.00043,68,0.00068
18,-43,3,100000,47,0.00047,93,0.00093
18,-43,4,100000,54,0.00054,112,0.00112
18,-43,5,100000,56,0.00056,100,0.001
18,-42,0,100000,60,0.0006,142,0.00142
18,-42,1,100000,67,0.00067,138,0.00138
18,-42,2,100000,43,0.00043,125,0.00125
18,-42,3,100000,67,0.00067,146,0.00146
18,-42,4,100000,68,0.00068,143,0.00143
18,-42,5,100000,83,0.00083,170,0.0017
18,-41,0,100000,111,0.00111,225,0.00225
18,-41,1,100000,79,0.00079,187,0.00187
18,-41,2,100000,61,0.00061,154,0.00154
18,-41,3,100000,66,0.00066,142,0.00142
18,-41,4,100000,121,0.00121,220,0.0022
18,-41,5,100000,88,0.00088,204,0.00204
18,-40,0,100000,140,0.0014,318,0.00318
18,-40,1,100000,136,0.00136,297,0.00297
18,-40,2,100000,115,0.00115,223,0.00223
18,-40,3,100000,108,0.00108,185,0.00185
18,-40,4,100000,140,0.0014,234,0.00234
18,-40,5,100000,121,0.00121,288,0.00288
18,-39,0,100000,210,0.0021,394,0.00394
18,-39,1,100000,173,0.00173,397,0.00397
18,-39,2,100000,138,0.00138,303,0.00303
18,-39,3,100000,118,0.00118,220,0.0022
18,-39,4,100000,148,0.00148,296,0.00296
18,-39,5,100000,167,0.00167,367,0.00367
18,-38,0,100000,215,0.00215,468,0.00468
18,-38,1,100000,273,0.00273,509,0.00509
18,-38,2,100000,192,0.00192,338,0.00338
18,-38,3,100000,136,0.00136,278,0.00278
18,-38,4,100000,138,0.00138,322,0.00322
18,-38,5,100000,211,0.00211,466,0.00466
18,-37,0,100000,275,0.00275,519,0.00519
18,-37,1,100000,224,0.00224,507,0.00507
18,-37,2,100000,145,0.00145,359,0.00359
18,-37,3,100000,144,0.00144,287,0.00287
18,-37,4,100000,196,0.00196,394,0.00394
18,-37,5,100000,221,0.00221,484,0.00484
18,-36,0,100000,251,0.00251,567,0.00567
18,-36,1,100000,231,0.00231,513,0.00513
18,-36,2,100000,199,0.00199,401,0.00401
18,-36,3,100000,156,0.00156,307,0.00307
18,-36,4,100000,181,0.00181,387,0.00387
18,-36,5,100000,265,0.00265,509,0.00509
18,-35,0,100000,265,0.00265,577,0.00577
18,-35,1,100000,256,0.00256,507,0.00507
18,-35,2,100000,174,0.00174,397,0.00397
18,-35,3,100000,167,0.00167,329,0.00329
18,-35,4,100000,193,0.00193,378,0.00378
18,-35,5,100000,274,0.00274,510,0.0051
18,-34,0,100000,303,0.00303,629,0.00629
18,-34,1,100000,255,0.00255,506,0.00506
18,-34,2,100000,220,0.0022,426,0.00426
18,-34,3,100000,152,0.00152,311,0.00311
18,-34,4,100000,194,0.00194,410,0.0041
18,-34,5,100000,288,0.00288,533,0.00533
18,-33,0,100000,270,0.0027,576,0.00576
18,-33,1,100000,206,0.00206,489,0.00489
18,-33,2,100000,180,0.0018,392,0.00392
18,-33,3,100000,161,0.00161,300,0.003
18,-33,4,100000,186,0.00186,386,0.00386
18,-33,5,100000,248,0.00248,497,0.00497
18,-32,0,100000,266,0.00266,549,0.00549
18,-32,1,100000,231,0.00231,489,0.00489
18,-32,2,100000,181,0.00181,374,0.00374
18,-32,3,100000,147,0.00147,318,0.00318
18,-32,4,100000,192,0.00192,394,0.00394
18,-32,5,100000,261,0.00261,516,0.00516
18,-31,0,100000,262,0.00262,529,0.00529
18,-31,1,100000,255,0.00255,540,0.0054
18,-31,2,100000,181,0.00181,362,0.00362
18,-31,3,100000,146,0.00146,319,0.00319
18,-31,4,100000,181,0.00181,391,0.00391
18,-31,5,100000,232,0.00232,502,0.00502
18,-30,0,100000,263,0.00263,571,0.00571
18,-30,1,100000,233,0.00233,497,0.00497
18,-30,2,100000,154,0.00154,370,0.0037
18,-30,3,100000,190,0.0019,323,0.00323
18,-30,4,100000,228,0.00228,431,0.00431
18,-30,5,100000,245,0.00245,492,0.00492
18,-29,0,100000,253,0.00253,582,0.00582
18,-29,1,100000,246,0.00246,503,0.00503
18,-29,2,100000,194,0.00194,378,0.00378
18,-29,3,100000,138,0.00138,299,0.00299
18,-29,4,100000,152,0.00152,359,0.00359
18,-29,5,100000,234,0.00234,510,0.0051
18,-28,0,100000,278,0.00278,558,0.00558
18,-28,1,100000,280,0.0028,528,0.00528
18,-28,2,100000,190,0.0019,400,0.004
18,-28,3,100000,131,0.00131,292,0.00292
18,-28,4,100000,171,0.00171,391,0.00391
18,-28,5,100000,299,0.00299,550,0.0055
18,-27,0,100000,284,0.00284,594,0.00594
18,-27,1,100000,273,0.00273,539,0.00539
18,-27,2,100000,212,0.00212,393,0.00393
18,-27,3,100000,158,0.00158,327,0.00327
18,-27,4,100000,187,0.00187,358,0.00358
18,-27,5,100000,270,0.0027,564,0.00564
18,-26,0,100000,285,0.00285,592,0.00592
18,-26,1,100000,243,0.00243,536,0.00536
18,-26,2,100000,166,0.00166,352,0.00352
18,-26,3,100000,143,0.00143,292,0.00292
18,-26,4,100000,208,0.00208,401,0.00401
18,-26,5,100000,242,0.00242,510,0.0051
18,-25,0,100000,244,0.00244,533,0.00533
18,-25,1,100000,280,0.0028,507,0.00507
18,-25,2,100000,191,0.00191,389,0.00389
18,-25,3,100000,135,0.00135,313,0.00313
18,-25,4,100000,212,0.00212,398,0.00398
18,-25,5,100000,243,0.00243,503,0.00503
18,-24,0,100000,276,0.00276,602,0.00602
18,-24,1,100000,267,0.00267,509,0.00509
18,-24,2,100000,195,0.00195,375,0.00375
18,-24,3,100000,147,0.00147,306,0.00306
18,-24,4,100000,254,0.00254,408,0.00408
18,-24,5,100000,222,0.00222,502,0.00502
18,-23,0,100000,304,0.00304,597,0.00597
18,-23,1,100000,259,0.00259,501,0.00501
18,-23,2,100000,187,0.00187,391,0.00391
18,-23,3,100000,175,0.00175,316,0.00316
18,-23,4,100000,188,0.00188,377,0.00377
18,-23,5,100000,259,0.00259,549,0.00549
18,-22,0,100000,275,0.00275,559,0.00559
18,-22,1,100000,229,0.00229,518,0.00518
18,-22,2,100000,131,0.00131,358,0.00358
18,-22,3,100000,132,0.00132,301,0.00301
18,-22,4,100000,172,0.00172,384,0.00384
18,-22,5,100000,246,0.00246,507,0.00507
18,-21,0,100000,276,0.00276,526,0.00526
18,-21,1,100000,263,0.00263,513,0.00513
18,-21,2,100000,188,0.00188,369,0.00369
18,-21,3,100000,151,0.00151,278,0.00278
18,-21,4,100000,172,0.00172,368,0.00368
18,-21,5,100000,249,0.00249,533,0.00533
18,-20,0,100000,291,0.00291,590,0.0059
18,-20,1,100000,221,0.00221,520,0.0052
18,-20,2,100000,175,0.00175,377,0.00377
18,-20,3,100000,152,0.00152,339,0.00339
18,-20,4,100000,199,0.00199,375,0.00375
18,-20,5,100000,243,0.00243,542,0.00542
18,-19,0,100000,246,0.00246,528,0.00528
18,-19,1,100000,284,0.00284,534,0.00534
18,-19,2,100000,203,0.00203,383,0.00383
18,-19,3,100000,145,0.00145,308,0.00308
18,-19,4,100000,210,0.0021,426,0.00426
18,-19,5,100000,254,0.00254,531,0.00531
18,-18,0,100000,277,0.00277,577,0.00577
18,-18,1,100000,272,0.00272,503,0.00503
18,-18,2,100000,206,0.00206,394,0.00394
18,-18,3,100000,156,0.00156,297,0.00297
18,-18,4,100000,220,0.0022,404,0.00404
18,-18,5,100000,231,0.00231,506,0.00506
18,-17,0,100000,283,0.00283,546,0.00546
18,-17,1,100000,252,0.00252,525,0.00525
18,-17,2,100000,178,0.00178,404,0.00404
18,-17,3,100000,132,0.00132,291,0.00291
18,-17,4,100000,193,0.00193,445,0.00445
18,-17,5,100000,262,0.00262,525,0.00525
18,-16,0,100000,269,0.00269,584,0.00584
18,-16,1,100000,258,0.00258,552,0.00552
18,-16,2,100000,209,0.00209,382,0.00382
18,-16,3,100000,154,0.00154,305,0.00305
18,-16,4,100000,200,0.002,376,0.00376
18,-16,5,100000,248,0.00248,532,0.00532
18,-15,0,100000,259,0.00259,587,0.00587
18,-15,1,100000,260,0.0026,531,0.00531
18,-15,2,100000,228,0.00228,408,0.00408
18,-15,3,100000,116,0.00116,290,0.0029
18,-15,4,100000,175,0.00175,374,0.00374
18,-15,5,100000,242,0.00242,492,0.00492
18,-14,0,100000,266,0.00266,595,0.00595
18,-14,1,100000,237,0.00237,539,0.00539
18,-14,2,100000,190,0.0019,381,0.00381
18,-14,3,100000,126,0.00126,299,0.00299
18,-14,4,100000,184,0.00184,367,0.00367
18,-14,5,100000,287,0.00287,542,0.00542
18,-13,0,100000,243,0.00243,534,0.00534
18,-13,1,100000,237,0.00237,490,0.0049
18,-13,2,100000,184,0.00184,376,0.00376
18,-13,3,100000,147,0.00147,319,0.00319
18,-13,4,100000,195,0.00195,398,0.00398
18,-13,5,100000,264,0.00264,522,0.00522
18,-12,0,100000,304,0.00304,589,0.00589
18,-12,1,100000,238,0.00238,491,0.00491
18,-12,2,100000,205,0.00205,388,0.00388
18,-12,3,100000,165,0.00165,337,0.00337
18,-12,4,100000,209,0.00209,410,0.0041
18,-12,5,100000,262,0.00262,511,0.00511
18,-11,0,100000,253,0.00253,535,0.00535
18,-11,1,100000,276,0.00276,528,0.00528
18,-11,2,100000,155,0.00155,334,0.00334
18,-11,3,100000,152,0.00152,300,0.003
18,-11,4,100000,180,0.0018,352,0.00352
18,-11,5,100000,238,0.00238,502,0.00502
18,-10,0,100000,236,0.00236,500,0.005
18,-10,1,100000,233,0.00233,536,0.00536
18,-10,2,100000,199,0.00199,383,0.00383
18,-10,3,100000,142,0.00142,314,0.00314
18,-10,4,100000,196,0.00196,390,0.0039
18,-10,5,100000,233,0.00233,529,0.00529
18,-9,0,100000,275,0.00275,585,0.00585
18,-9,1,100000,266,0.00266,504,0.00504
18,-9,2,100000,181,0.00181,388,0.00388
18,-9,3,100000,134,0.00134,288,0.00288
18,-9,4,100000,178,0.00178,401,0.00401
18,-9,5,100000,236,0.00236,539,0.00539
18,-8,0,100000,274,0.00274,560,0.0056
18,-8,1,100000,257,0.00257,560,0.0056
18,-8,2,100000,183,0.00183,365,0.00365
18,-8,3,100000,138,0.00138,306,0.00306
18,-8,4,100000,215,0.00215,414,0.00414
18,-8,5,100000,264,0.00264,540,0.0054
18,-7,0,100000,248,0.00248,536,0.00536
18,-7,1,100000,237,0.00237,511,0.00511
18,-7,2,100000,184,0.00184,358,0.00358
18,-7,3,100000,141,0.00141,311,0.00311
18,-7,4,100000,166,0.00166,365,0.00365
18,-7,5,100000,236,0.00236,510,0.0051
18,-6,0,100000,294,0.00294,602,0.00602
18,-6,1,100000,245,0.00245,505,0.00505
18,-6,2,100000,210,0.0021,385,0.00385
18,-6,3,100000,171,0.00171,326,0.00326
18,-6,4,100000,193,0.00193,380,0.0038
18,-6,5,100000,262,0.00262,537,0.00537
18,-5,0,100000,259,0.00259,550,0.0055
18,-5,1,100000,254,0.00254,535,0.00535
18,-5,2,100000,208,0.00208,394,0.00394
18,-5,3,100000,164,0.00164,298,0.00298
18,-5,4,100000,176,0.00176,360,0.0036
18,-5,5,100000,241,0.00241,530,0.0053
18,-4,0,100000,291,0.00291,584,0.00584
18,-4,1,100000,252,0.00252,541,0.00541
18,-4,2,100000,194,0.00194,393,0.00393
18,-4,3,100000,145,0.00145,283,0.00283
18,-4,4,100000,183,0.00183,391,0.00391
18,-4,5,100000,251,0.00251,525,0.00525
18,-3,0,100000,228,0.00228,539,0.00539
18,-3,1,100000,240,0.0024,520,0.0052
18,-3,2,100000,216,0.00216,412,0.00412
18,-3,3,100000,146,0.00146,323,0.00323
18,-3,4,100000,214,0.00214,384,0.00384
18,-3,5,100000,255,0.00255,509,0.00509
18,-2,0,100000,282,0.00282,535,0.00535
18,-2,1,100000,280,0.0028,554,0.00554
18,-2,2,100000,205,0.00205,373,0.00373
18,-2,3,100000,158,0.00158,298,0.00298
18,-2,4,100000,175,0.00175,386,0.00386
18,-2,5,100000,209,0.00209,493,0.00493
18,-1,0,100000,283,0.00283,580,0.0058
18,-1,1,100000,236,0.00236,510,0.0051
18,-1,2,100000,214,0.00214,399,0.00399
18,-1,3,100000,152,0.00152,306,0.00306
18,-1,4,100000,213,0.00213,381,0.00381
18,-1,5,100000,279,0.00279,547,0.00547
18,0,0,100000,252,0.00252,576,0.00576
18,0,1,100000,272,0.00272,558,0.00558
18,0,2,100000,178,0.00178,350,0.0035
18,0,3,100000,147,0.00147,287,0.00287
18,0,4,100000,192,0.00192,384,0.00384
18,0,5,100000,222,0.00222,542,0.00542
18,1,0,100000,265,0.00265,570,0.0057
18,1,1,100000,236,0.00236,492,0.00492
18,1,2,100000,214,0.00214,368,0.00368
18,1,3,100000,150,0.0015,309,0.00309
18,1,4,100000,209,0.00209,401,0.00401
18,1,5,100000,226,0.00226,485,0.00485
18,2,0,100000,279,0.00279,575,0.00575
18,2,1,100000,249,0.00249,511,0.00511
18,2,2,100000,179,0.00179,371,0.00371
18,2,3,100000,165,0.00165,303,0.00303
18,2,4,100000,202,0.00202,391,0.00391
18,2,5,100000,265,0.00265,521,0.00521
18,3,0,100000,254,0.00254,575,0.00575
18,3,1,100000,204,0.00204,492,0.00492
18,3,2,100000,193,0.00193,396,0.00396
18,3,3,100000,106,0.00106,274,0.00274
18,3,4,100000,198,0.00198,407,0.00407
18,3,5,100000,236,0.00236,534,0.00534
18,4,0,100000,278,0.00278,565,0.00565
18,4,1,100000,274,0.00274,515,0.00515
18,4,2,100000,187,0.00187,389,0.00389
18,4,3,100000,141,0.00141,299,0.00299
18,4,4,100000,180,0.0018,367,0.00367
18,4,5,100000,252,0.00252,517,0.00517
18,5,0,100000,301,0.00301,595,0.00595
18,5,1,100000,273,0.00273,515,0.00515
18,5,2,100000,185,0.00185,388,0.00388
18,5,3,100000,178,0.00178,309,0.00309
18,5,4,100000,213,0.00213,380,0.0038
18,5,5,100000,251,0.00251,528,0.00528
18,6,0,100000,294,0.00294,613,0.00613
18,6,1,100000,266,0.00266,554,0.00554
18,6,2,100000,190,0.0019,394,0.00394
18,6,3,100000,155,0.00155,306,0.00306
18,6,4,100000,199,0.00199,405,0.00405
18,6,5,100000,231,0.00231,480,0.0048
18,7,0,100000,265,0.00265,535,0.00535
18,7,1,100000,257,0.00257,517,0.00517
18,7,2,100000,150,0.0015,369,0.00369
18,7,3,100000,154,0.00154,331,0.00331
18,7,4,100000,185,0.00185,374,0.00374
18,7,5,100000,277,0.00277,529,0.00529
18,8,0,100000,294,0.00294,577,0.00577
18,8,1,100000,227,0.00227,464,0.00464
18,8,2,100000,192,0.00192,386,0.00386
18,8,3,100000,155,0.00155,311,0.00311
18,8,4,100000,186,0.00186,373,0.00373
18,8,5,100000,262,0.00262,533,0.00533
18,9,0,100000,264,0.00264,575,0.00575
18,9,1,100000,218,0.00218,481,0.00481
18,9,2,100000,211,0.00211,406,0.00406
18,9,3,100000,153,0.00153,338,0.00338
18,9,4,100000,219,0.00219,416,0.00416
18,9,5,100000,274,0.00274,516,0.00516
18,10,0,100000,293,0.00293,626,0.00626
18,10,1,100000,299,0.00299,584,0.00584
18,10,2,100000,168,0.00168,400,0.004
18,10,3,100000,151,0.00151,283,0.00283
18,10,4,100000,188,0.00188,380,0.0038
18,10,5,100000,227,0.00227,502,0.00502
18,11,0,100000,288,0.00288,565,0.00565
18,11,1,100000,251,0.00251,523,0.00523
18,11,2,100000,214,0.00214,417,0.00417
18,11,3,100000,149,0.00149,336,0.00336
18,11,4,100000,198,0.00198,384,0.00384
18,11,5,100000,236,0.00236,511,0.00511
18,12,0,100000,269,0.00269,572,0.00572
18,12,1,100000,220,0.0022,478,0.00478
18,12,2,100000,205,0.00205,419,0.00419
18,12,3,100000,160,0.0016,325,0.00325
18,12,4,100000,177,0.00177,365,0.00365
18,12,5,100000,261,0.00261,553,0.00553
18,13,0,100000,270,0.0027,586,0.00586
18,13,1,100000,243,0.00243,521,0.00521
18,13,2,100000,171,0.00171,376,0.00376
18,13,3,100000,165,0.00165,324,0.00324
18,13,4,100000,204,0.00204,379,0.00379
18,13,5,100000,252,0.00252,514,0.00514
18,14,0,100000,262,0.00262,547,0.00547
18,14,1,100000,255,0.00255,510,0.0051
18,14,2,100000,198,0.00198,420,0.0042
18,14,3,100000,118,0.00118,303,0.00303
18,14,4,100000,195,0.00195,391,0.00391
18,14,5,100000,281,0.00281,524,0.00524
18,15,0,100000,251,0.00251,534,0.00534
18,15,1,100000,242,0.00242,531,0.00531
18,15,2,100000,189,0.00189,440,0.0044
18,15,3,100000,136,0.00136,288,0.00288
18,15,4,100000,153,0.00153,341,0.00341
18,15,5,100000,249,0.00249,548,0.00548
18,16,0,100000,250,0.0025,555,0.00555
18,16,1,100000,248,0.00248,540,0.0054
18,16,2,100000,202,0.00202,395,0.00395
18,16,3,100000,139,0.00139,275,0.00275
18,16,4,100000,207,0.00207,404,0.00404
18,16,5,100000,237,0.00237,504,0.00504
18,17,0,100000,277,0.00277,565,0.00565
18,17,1,100000,234,0.00234,511,0.00511
18,17,2,100000,209,0.00209,389,0.00389
18,17,3,100000,160,0.0016,280,0.0028
18,17,4,100000,169,0.00169,387,0.00387
18,17,5,100000,236,0.00236,490,0.0049
18,18,0,100000,264,0.00264,548,0.00548
18,18,1,100000,221,0.00221,503,0.00503
18,18,2,100000,227,0.00227,446,0.00446
18,18,3,100000,154,0.00154,306,0.00306
18,18,4,100000,199,0.00199,386,0.00386
18,18,5,100000,258,0.00258,514,0.00514
18,19,0,100000,258,0.00258,548,0.00548
18,19,1,100000,246,0.00246,521,0.00521
18,19,2,100000,174,0.00174,396,0.00396
18,19,3,100000,180,0.0018,325,0.00325
18,19,4,100000,197,0.00197,380,0.0038
18,19,5,100000,232,0.00232,468,0.00468
18,20,0,100000,240,0.0024,540,0.0054
18,20,1,100000,244,0.00244,516,0.00516
18,20,2,100000,209,0.00209,376,0.00376
18,20,3,100000,139,0.00139,312,0.00312
18,20,4,100000,184,0.00184,395,0.00395
18,20,5,100000,243,0.00243,535,0.00535
18,21,0,100000,267,0.00267,582,0.00582
18,21,1,100000,254,0.00254,491,0.00491
18,21,2,100000,179,0.00179,373,0.00373
18,21,3,100000,139,0.00139,314,0.00314
18,21,4,100000,172,0.00172,375,0.00375
18,21,5,100000,250,0.0025,500,0.005
18,22,0,100000,222,0.00222,532,0.00532
18,22,1,100000,273,0.00273,505,0.00505
18,22,2,100000,222,0.00222,392,0.00392
18,22,3,100000,157,0.00157,295,0.00295
18,22,4,100000,200,0.002,385,0.00385
18,22,5,100000,235,0.00235,495,0.00495
18,23,0,100000,241,0.00241,569,0.00569
18,23,1,100000,241,0.00241,506,0.00506
18,23,2,100000,178,0.00178,389,0.00389
18,23,3,100000,128,0.00128,270,0.0027
18,23,4,100000,170,0.0017,386,0.00386
18,23,5,100000,247,0.00247,524,0.00524
18,24,0,100000,271,0.00271,608,0.00608
18,24,1,100000,228,0.00228,471,0.00471
18,24,2,100000,161,0.00161,389,0.00389
18,24,3,100000,150,0.0015,299,0.00299
18,24,4,100000,182,0.00182,375,0.00375
18,24,5,100000,249,0.00249,546,0.00546
18,25,0,100000,240,0.0024,536,0.00536
18,25,1,100000,240,0.0024,497,0.00497
18,25,2,100000,208,0.00208,425,0.00425
18,25,3,100000,150,0.0015,336,0.00336
18,25,4,100000,188,0.00188,379,0.00379
18,25,5,100000,227,0.00227,504,0.00504
18,26,0,100000,264,0.00264,586,0.00586
18,26,1,100000,255,0.00255,537,0.00537
18,26,2,100000,173,0.00173,361,0.00361
18,26,3,100000,181,0.00181,328,0.00328
18,26,4,100000,188,0.00188,397,0.00397
18,26,5,100000,244,0.00244,501,0.00501
18,27,0,100000,291,0.00291,563,0.00563
18,27,1,100000,290,0.0029,551,0.00551
18,27,2,100000,201,0.00201,415,0.00415
18,27,3,100000,170,0.0017,339,0.00339
18,27,4,100000,179,0.00179,397,0.00397
18,27,5,100000,233,0.00233,503,0.00503
18,28,0,100000,271,0.00271,562,0.00562
18,28,1,100000,285,0.00285,503,0.00503
18,28,2,100000,192,0.00192,378,0.00378
18,28,3,100000,147,0.00147,281,0.00281
18,28,4,100000,192,0.00192,386,0.00386
18,28,5,100000,228,0.00228,467,0.00467
18,29,0,100000,255,0.00255,569,0.00569
18,29,1,100000,268,0.00268,549,0.00549
18,29,2,100000,194,0.00194,412,0.00412
18,29,3,100000,153,0.00153,281,0.00281
18,29,4,100000,191,0.00191,380,0.0038
18,29,5,100000,242,0.00242,555,0.00555
18,30,0,100000,256,0.00256,602,0.00602
18,30,1,100000,242,0.00242,488,0.00488
18,30,2,100000,181,0.00181,367,0.00367
18,30,3,100000,140,0.0014,295,0.00295
18,30,4,100000,196,0.00196,434,0.00434
18,30,5,100000,303,0.00303,539,0.00539
18,31,0,100000,246,0.00246,552,0.00552
18,31,1,100000,270,0.0027,551,0.00551
18,31,2,100000,181,0.00181,373,0.00373
18,31,3,100000,183,0.00183,300,0.003
18,31,4,100000,186,0.00186,385,0.00385
18,31,5,100000,232,0.00232,514,0.00514
18,32,0,100000,292,0.00292,563,0.00563
18,32,1,100000,207,0.00207,505,0.00505
18,32,2,100000,181,0.00181,390,0.0039
18,32,3,100000,129,0.00129,278,0.00278
18,32,4,100000,188,0.00188,423,0.00423
18,32,5,100000,265,0.00265,535,0.00535
18,33,0,100000,282,0.00282,598,0.00598
18,33,1,100000,223,0.00223,486,0.00486
18,33,2,100000,158,0.00158,337,0.00337
18,33,3,100000,167,0.00167,319,0.00319
18,33,4,100000,203,0.00203,376,0.00376
18,33,5,100000,261,0.00261,523,0.00523
18,34,0,100000,252,0.00252,525,0.00525
18,34,1,100000,237,0.00237,509,0.00509
18,34,2,100000,224,0.00224,427,0.00427
18,34,3,100000,141,0.00141,287,0.00287
18,34,4,100000,154,0.00154,372,0.00372
18,34,5,100000,245,0.00245,511,0.00511
18,35,0,100000,267,0.00267,583,0.00583
18,35,1,100000,249,0.00249,499,0.00499
18,35,2,100000,212,0.00212,418,0.00418
18,35,3,100000,162,0.00162,284,0.00284
18,35,4,100000,236,0.00236,416,0.00416
18,35,5,100000,249,0.00249,507,0.00507
18,36,0,100000,260,0.0026,585,0.00585
18,36,1,100000,246,0.00246,509,0.00509
18,36,2,100000,170,0.0017,379,0.00379
18,36,3,100000,143,0.00143,302,0.00302
18,36,4,100000,208,0.00208,417,0.00417
18,36,5,100000,229,0.00229,514,0.00514
18,37,0,100000,283,0.00283,541,0.00541
18,37,1,100000,241,0.00241,491,0.00491
18,37,2,100000,203,0.00203,406,0.00406
18,37,3,100000,150,0.0015,300,0.003
18,37,4,100000,201,0.00201,384,0.00384
18,37,5,100000,262,0.00262,502,0.00502
18,38,0,100000,262,0.00262,534,0.00534
18,38,1,100000,255,0.00255,478,0.00478
18,38,2,100000,198,0.00198,377,0.00377
18,38,3,100000,149,0.00149,279,0.00279
18,38,4,100000,161,0.00161,352,0.00352
18,38,5,100000,235,0.00235,474,0.00474
18,39,0,100000,200,0.002,368,0.00368
18,39,1,100000,179,0.00179,365,0.00365
18,39,2,100000,177,0.00177,301,0.00301
18,39,3,100000,124,0.00124,213,0.00213
18,39,4,100000,141,0.00141,314,0.00314
18,39,5,100000,219,0.00219,413,0.00413
18,40,0,100000,120,0.0012,286,0.00286
18,40,1,100000,101,0.00101,262,0.00262
18,40,2,100000,146,0.00146,261,0.00261
18,40,3,100000,85,0.00085,181,0.00181
18,40,4,100000,101,0.00101,216,0.00216
18,40,5,100000,147,0.00147,279,0.00279
18,41,0,100000,85,0.00085,201,0.00201
18,41,1,100000,99,0.00099,244,0.00244
18,41,2,100000,88,0.00088,198,0.00198
18,41,3,100000,77,0.00077,149,0.00149
18,41,4,100000,78,0.00078,183,0.00183
18,41,5,100000,119,0.00119,225,0.00225
18,42,0,100000,60,0.0006,147,0.00147
18,42,1,100000,80,0.0008,162,0.00162
18,42,2,100000,48,0.00048,134,0.00134
18,42,3,100000,70,0.0007,137,0.00137
18,42,4,100000,37,0.00037,103,0.00103
18,42,5,100000,68,0.00068,134,0.00134
18,43,0,100000,54,0.00054,104,0.00104
18,43,1,100000,42,0.00042,106,0.00106
18,43,2,100000,76,0.00076,118,0.00118
18,43,3,100000,40,0.0004,99,0.00099
18,43,4,100000,36,0.00036,90,0.0009
18,43,5,100000,30,0.0003,72,0.00072
18,44,0,100000,42,0.00042,91,0.00091
18,44,1,100000,40,0.0004,87,0.00087
18,44,2,100000,42,0.00042,95,0.00095
18,44,3,100000,36,0.00036,85,0.00085
18,44,4,100000,20,0.0002,78,0.00078
18,44,5,100000,35,0.00035,78,0.00078
18,45,0,100000,29,0.00029,79,0.00079
18,45,1,100000,38,0.00038,79,0.00079
18,45,2,100000,41,0.00041,86,0.00086
18,45,3,100000,39,0.00039,94,0.00094
18,45,4,100000,38,0.00038,82,0.00082
18,45,5,100000,28,0.00028,72,0.00072
18,46,0,100000,35,0.00035,80,0.0008
18,46,1,100000,37,0.00037,80,0.0008
18,46,2,100000,37,0.00037,68,0.00068
18,46,3,100000,46,0.00046,78,0.00078
18,46,4,100000,25,0.00025,66,0.00066
18,46,5,100000,21,0.00021,70,0.0007
18,47,0,100000,47,0.00047,81,0.00081
18,47,1,100000,35,0.00035,82,0.00082
18,47,2,100000,22,0.00022,77,0.00077
18,47,3,100000,26,0.00026,69,0.00069
18,47,4,100000,24,0.00024,74,0.00074
18,47,5,100000,30,0.0003,67,0.00067
18,48,0,100000,28,0.00028,84,0.00084
18,48,1,100000,24,0.00024,58,0.00058
18,48,2,100000,30,0.0003,80,0.0008
18,48,3,100000,24,0.00024,62,0.00062
18,48,4,100000,18,0.00018,66,0.00066
18,48,5,100000,21,0.00021,73,0.00073
18,49,0,100000,31,0.00031,68,0.00068
18,49,1,100000,26,0.00026,80,0.0008
18,49,2,100000,32,0.00032,65,0.00065
18,49,3,100000,48,0.00048,87,0.00087
18,49,4,100000,42,0.00042,79,0.00079
18,49,5,100000,17,0.00017,64,0.00064
18,50,0,100000,28,0.00028,71,0.00071
18,50,1,100000,33,0.00033,63,0.00063
18,50,2,100000,22,0.00022,66,0.00066
18,50,3,100000,26,0.00026,65,0.00065
18,50,4,100000,25,0.00025,70,0.0007
18,50,5,100000,37,0.00037,87,0.00087
19,-50,0,100000,20,0.0002,75,0.00075
19,-50,1,100000,31,0.00031,49,0.00049
19,-50,2,100000,30,0.0003,73,0.00073
19,-50,3,100000,21,0.00021,67,0.00067
19,-50,4,100000,52,0.00052,76,0.00076
19,-50,5,100000,46,0.00046,83,0.00083
19,-49,0,100000,40,0.0004,64,0.00064
19,-49,1,100000,30,0.0003,61,0.00061
19,-49,2,100000,26,0.00026,80,0.0008
19,-49,3,100000,31,0.00031,79,0.00079
19,-49,4,100000,35,0.00035,81,0.00081
19,-49,5,100000,16,0.00016,77,0.00077
19,-48,0,100000,37,0.00037,82,0.00082
19,-48,1,100000,26,0.00026,55,0.00055
19,-48,2,100000,29,0.00029,61,0.00061
19,-48,3,100000,47,0.00047,75,0.00075
19,-48,4,100000,16,0.00016,71,0.00071
19,-48,5,100000,31,0.00031,81,0.00081
19,-47,0,100000,33,0.00033,87,0.00087
19,-47,1,100000,27,0.00027,71,0.00071
19,-47,2,100000,31,0.00031,84,0.00084
19,-47,3,100000,24,0.00024,73,0.00073
19,-47,4,100000,20,0.0002,62,0.00062
19,-47,5,100000,35,0.00035,89,0.00089
19,-46,0,100000,24,0.00024,70,0.0007
19,-46,1,100000,38,0.00038,70,0.0007
19,-46,2,100000,42,0.00042,75,0.00075
19,-46,3,100000,31,0.00031,81,0.00081
19,-46,4,100000,29,0.00029,76,0.00076
19,-46,5,100000,23,0.00023,64,0.00064
19,-45,0,100000,53,0.00053,77,0.00077
19,-45,1,100000,36,0.00036,59,0.00059
19,-45,2,100000,24,0.00024,76,0.00076
19,-45,3,100000,21,0.00021,90,0.0009
19,-45,4,100000,29,0.00029,75,0.00075
19,-45,5,100000,43,0.00043,81,0.00081
19,-44,0,100000,32,0.00032,70,0.0007
19,-44,1,100000,29,0.00029,82,0.00082
19,-44,2,100000,26,0.00026,90,0.0009
19,-44,3,100000,42,0.00042,95,0.00095
19,-44,4,100000,41,0.00041,76,0.00076
19,-44,5,100000,27,0.00027,93,0.00093
19,-43,0,100000,54,0.00054,108,0.00108
19,-43,1,100000,40,0.0004,86,0.00086
19,-43,2,100000,32,0.00032,91,0.00091
19,-43,3,100000,56,0.00056,124,0.00124
19,-43,4,100000,39,0.00039,102,0.00102
19,-43,5,100000,49,0.00049,109,0.00109
19,-42,0,100000,57,0.00057,142,0.00142
19,-42,1,100000,61,0.00061,117,0.00117
19,-42,2,100000,43,0.00043,114,0.00114
19,-42,3,100000,46,0.00046,127,0.00127
19,-42,4,100000,63,0.00063,152,0.00152
19,-42,5,100000,58,0.00058,133,0.00133
19,-41,0,100000,105,0.00105,208,0.00208
19,-41,1,100000,69,0.00069,183,0.00183
19,-41,2,100000,90,0.0009,162,0.00162
19,-41,3,100000,67,0.00067,143,0.00143
19,-41,4,100000,72,0.00072,165,0.00165
19,-41,5,100000,101,0.00101,182,0.00182
19,-40,0,100000,129,0.00129,275,0.00275
19,-40,1,100000,146,0.00146,252,0.00252
19,-40,2,100000,128,0.00128,219,0.00219
19,-40,3,100000,102,0.00102,156,0.00156
19,-40,4,100000,91,0.00091,222,0.00222
19,-40,5,100000,124,0.00124,214,0.00214
19,-39,0,100000,153,0.00153,325,0.00325
19,-39,1,100000,137,0.00137,291,0.00291
19,-39,2,100000,109,0.00109,221,0.00221
19,-39,3,100000,84,0.00084,180,0.0018
19,-39,4,100000,146,0.00146,289,0.00289
19,-39,5,100000,131,0.00131,307,0.00307
19,-38,0,100000,195,0.00195,386,0.00386
19,-38,1,100000,184,0.00184,387,0.00387
19,-38,2,100000,122,0.00122,270,0.0027
19,-38,3,100000,131,0.00131,247,0.00247
19,-38,4,100000,129,0.00129,270,0.0027
19,-38,5,100000,161,0.00161,328,0.00328
19,-37,0,100000,181,0.00181,419,0.00419
19,-37,1,100000,204,0.00204,425,0.00425
19,-37,2,100000,171,0.00171,302,0.00302
19,-37,3,100000,109,0.00109,216,0.00216
19,-37,4,100000,149,0.00149,312,0.00312
19,-37,5,100000,193,0.00193,399,0.00399
19,-36,0,100000,246,0.00246,484,0.00484
19,-36,1,100000,206,0.00206,433,0.00433
19,-36,2,100000,169,0.00169,337,0.00337
19,-36,3,100000,136,0.00136,261,0.00261
19,-36,4,100000,144,0.00144,318,0.00318
19,-36,5,100000,163,0.00163,400,0.004
19,-35,0,100000,208,0.00208,438,0.00438
19,-35,1,100000,211,0.00211,428,0.00428
19,-35,2,100000,165,0.00165,313,0.00313
19,-35,3,100000,101,0.00101,244,0.00244
19,-35,4,100000,152,0.00152,327,0.00327
19,-35,5,100000,208,0.00208,459,0.00459
19,-34,0,100000,226,0.00226,465,0.00465
19,-34,1,100000,208,0.00208,432,0.00432
19,-34,2,100000,147,0.00147,335,0.00335
19,-34,3,100000,128,0.00128,255,0.00255
19,-34,4,100000,190,0.0019,350,0.0035
19,-34,5,100000,207,0.00207,426,0.00426
19,-33,0,100000,226,0.00226,479,0.00479
19,-33,1,100000,218,0.00218,420,0.0042
19,-33,2,100000,197,0.00197,378,0.00378
19,-33,3,100000,126,0.00126,267,0.00267
19,-33,4,100000,170,0.0017,322,0.00322
19,-33,5,100000,194,0.00194,448,0.00448
19,-32,0,100000,249,0.00249,517,0.00517
19,-32,1,100000,236,0.00236,467,0.00467
19,-32,2,100000,152,0.00152,355,0.00355
19,-32,3,100000,127,0.00127,283,0.00283
19,-32,4,100000,140,0.0014,311,0.00311
19,-32,5,100000,217,0.00217,446,0.00446
19,-31,0,100000,201,0.00201,452,0.00452
19,-31,1,100000,212,0.00212,437,0.00437
19,-31,2,100000,154,0.00154,308,0.00308
19,-31,3,100000,122,0.00122,264,0.00264
19,-31,4,100000,155,0.00155,330,0.0033
19,-31,5,100000,224,0.00224,449,0.00449
19,-30,0,100000,209,0.00209,455,0.00455
19,-30,1,100000,196,0.00196,409,0.00409
19,-30,2,100000,161,0.00161,331,0.00331
19,-30,3,100000,99,0.00099,244,0.00244
19,-30,4,100000,166,0.00166,331,0.00331
19,-30,5,100000,183,0.00183,404,0.00404
19,-29,0,100000,230,0.0023,492,0.00492
19,-29,1,100000,183,0.00183,432,0.00432
19,-29,2,100000,159,0.00159,304,0.00304
19,-29,3,100000,118,0.00118,255,0.00255
19,-29,4,100000,134,0.00134,287,0.00287
19,-29,5,100000,215,0.00215,468,0.00468
19,-28,0,100000,220,0.0022,486,0.00486
19,-28,1,100000,213,0.00213,444,0.00444
19,-28,2,100000,184,0.00184,359,0.00359
19,-28,3,100000,134,0.00134,248,0.00248
19,-28,4,100000,181,0.00181,323,0.00323
19,-28,5,100000,202,0.00202,429,0.00429
19,-27,0,100000,261,0.00261,473,0.00473
19,-27,1,100000,199,0.00199,430,0.0043
19,-27,2,100000,143,0.00143,303,0.00303
19,-27,3,100000,133,0.00133,263,0.00263
19,-27,4,100000,185,0.00185,349,0.00349
19,-27,5,100000,203,0.00203,431,0.00431
19,-26,0,100000,222,0.00222,521,0.00521
19,-26,1,100000,226,0.00226,445,0.00445
19,-26,2,100000,167,0.00167,307,0.00307
19,-26,3,100000,117,0.00117,244,0.00244
19,-26,4,100000,167,0.00167,356,0.00356
19,-26,5,100000,236,0.00236,451,0.00451
19,-25,0,100000,221,0.00221,452,0.00452
19,-25,1,100000,223,0.00223,453,0.00453
19,-25,2,100000,170,0.0017,334,0.00334
19,-25,3,100000,132,0.00132,285,0.00285
19,-25,4,100000,159,0.00159,326,0.00326
19,-25,5,100000,211,0.00211,450,0.0045
19,-24,0,100000,248,0.00248,507,0.00507
19,-24,1,100000,221,0.00221,490,0.0049
19,-24,2,100000,154,0.00154,331,0.00331
19,-24,3,100000,145,0.00145,282,0.00282
19,-24,4,100000,175,0.00175,330,0.0033
19,-24,5,100000,247,0.00247,424,0.00424
19,-23,0,100000,175,0.00175,399,0.00399
19,-23,1,100000,213,0.00213,416,0.00416
19,-23,2,100000,174,0.00174,338,0.00338
19,-23,3,100000,143,0.00143,284,0.00284
19,-23,4,100000,162,0.00162,346,0.00346
19,-23,5,100000,213,0.00213,432,0.00432
19,-22,0,100000,230,0.0023,500,0.005
19,-22,1,100000,235,0.00235,459,0.00459
19,-22,2,100000,155,0.00155,351,0.00351
19,-22,3,100000,129,0.00129,249,0.00249
19,-22,4,100000,155,0.00155,330,0.0033
19,-22,5,100000,232,0.00232,453,0.00453
19,-21,0,100000,219,0.00219,455,0.00455
19,-21,1,100000,199,0.00199,412,0.00412
19,-21,2,100000,144,0.00144,345,0.00345
19,-21,3,100000,111,0.00111,240,0.0024
19,-21,4,100000,152,0.00152,323,0.00323
19,-21,5,100000,223,0.00223,459,0.00459
19,-20,0,100000,254,0.00254,478,0.00478
19,-20,1,100000,199,0.00199,461,0.00461
19,-20,2,100000,155,0.00155,329,0.00329
19,-20,3,100000,146,0.00146,261,0.00261
19,-20,4,100000,159,0.00159,329,0.00329
19,-20,5,100000,210,0.0021,420,0.0042
19,-19,0,100000,235,0.00235,467,0.00467
19,-19,1,100000,226,0.00226,491,0.00491
19,-19,2,100000,182,0.00182,337,0.00337
19,-19,3,100000,122,0.00122,268,0.00268
19,-19,4,100000,178,0.00178,343,0.00343
19,-19,5,100000,220,0.0022,459,0.00459
19,-18,0,100000,211,0.00211,459,0.00459
19,-18,1,100000,229,0.00229,440,0.0044
19,-18,2,100000,177,0.00177,331,0.00331
19,-18,3,100000,153,0.00153,262,0.00262
19,-18,4,100000,147,0.00147,319,0.00319
19,-18,5,100000,176,0.00176,416,0.00416
19,-17,0,100000,195,0.00195,478,0.00478
19,-17,1,100000,245,0.00245,464,0.00464
19,-17,2,100000,164,0.00164,340,0.0034
19,-17,3,100000,128,0.00128,257,0.00257
19,-17,4,100000,176,0.00176,330,0.0033
19,-17,5,100000,200,0.002,446,0.00446
19,-16,0,100000,191,0.00191,452,0.00452
19,-16,1,100000,207,0.00207,444,0.00444
19,-16,2,100000,164,0.00164,315,0.00315
19,-16,3,100000,127,0.00127,264,0.00264
19,-16,4,100000,155,0.00155,322,0.00322
19,-16,5,100000,206,0.00206,442,0.00442
19,-15,0,100000,220,0.0022,467,0.00467
19,-15,1,100000,236,0.00236,450,0.0045
19,-15,2,100000,162,0.00162,337,0.00337
19,-15,3,100000,116,0.00116,239,0.00239
19,-15,4,100000,146,0.00146,336,0.00336
19,-15,5,100000,208,0.00208,415,0.00415
19,-14,0,100000,241,0.00241,520,0.0052
19,-14,1,100000,202,0.00202,424,0.00424
19,-14,2,100000,146,0.00146,314,0.00314
19,-14,3,100000,155,0.00155,277,0.00277
19,-14,4,100000,159,0.00159,359,0.00359
19,-14,5,100000,204,0.00204,425,0.00425
19,-13,0,100000,209,0.00209,473,0.00473
19,-13,1,100000,229,0.00229,442,0.00442
19,-13,2,100000,183,0.00183,346,0.00346
19,-13,3,100000,152,0.00152,296,0.00296
19,-13,4,100000,147,0.00147,319,0.00319
19,-13,5,100000,232,0.00232,449,0.00449
19,-12,0,100000,179,0.00179,468,0.00468
19,-12,1,100000,229,0.00229,456,0.00456
19,-12,2,100000,192,0.00192,366,0.00366
19,-12,3,100000,126,0.00126,265,0.00265
19,-12,4,100000,147,0.00147,329,0.00329
19,-12,5,100000,204,0.00204,410,0.0041
19,-11,0,100000,184,0.00184,433,0.00433
19,-11,1,100000,204,0.00204,457,0.00457
19,-11,2,100000,181,0.00181,326,0.00326
19,-11,3,100000,120,0.0012,249,0.00249
19,-11,4,100000,159,0.00159,343,0.00343
19,-11,5,100000,221,0.00221,426,0.00426
19,-10,0,100000,251,0.00251,476,0.00476
19,-10,1,100000,208,0.00208,429,0.00429
19,-10,2,100000,129,0.00129,302,0.00302
19,-10,3,100000,123,0.00123,237,0.00237
19,-10,4,100000,168,0.00168,355,0.00355
19,-10,5,100000,199,0.00199,441,0.00441
19,-9,0,100000,213,0.00213,432,0.00432
19,-9,1,100000,244,0.00244,447,0.00447
19,-9,2,100000,148,0.00148,305,0.00305
19,-9,3,100000,127,0.00127,255,0.00255
19,-9,4,100000,144,0.00144,322,0.00322
19,-9,5,100000,210,0.0021,431,0.00431
19,-8,0,100000,234,0.00234,475,0.00475
19,-8,1,100000,245,0.00245,454,0.00454
19,-8,2,100000,174,0.00174,327,0.00327
19,-8,3,100000,142,0.00142,276,0.00276
19,-8,4,100000,139,0.00139,317,0.00317
19,-8,5,100000,223,0.00223,422,0.00422
19,-7,0,100000,198,0.00198,444,0.00444
19,-7,1,100000,232,0.00232,454,0.00454
19,-7,2,100000,129,0.00129,299,0.00299
19,-7,3,100000,133,0.00133,244,0.00244
19,-7,4,100000,147,0.00147,318,0.00318
19,-7,5,100000,224,0.00224,421,0.00421
19,-6,0,100000,241,0.00241,494,0.00494
19,-6,1,100000,153,0.00153,388,0.00388
19,-6,2,100000,158,0.00158,302,0.00302
19,-6,3,100000,138,0.00138,276,0.00276
19,-6,4,100000,157,0.00157,344,0.00344
19,-6,5,100000,206,0.00206,394,0.00394
19,-5,0,100000,234,0.00234,484,0.00484
19,-5,1,100000,218,0.00218,433,0.00433
19,-5,2,100000,124,0.00124,327,0.00327
19,-5,3,100000,108,0.00108,251,0.00251
19,-5,4,100000,164,0.00164,323,0.00323
19,-5,5,100000,220,0.0022,456,0.00456
19,-4,0,100000,218,0.00218,468,0.00468
19,-4,1,100000,206,0.00206,421,0.00421
19,-4,2,100000,154,0.00154,326,0.00326
19,-4,3,100000,108,0.00108,246,0.00246
19,-4,4,100000,183,0.00183,351,0.00351
19,-4,5,100000,250,0.0025,475,0.00475
19,-3,0,100000,226,0.00226,488,0.00488
19,-3,1,100000,201,0.00201,439,0.00439
19,-3,2,100000,155,0.00155,306,0.00306
19,-3,3,100000,123,0.00123,278,0.00278
19,-3,4,100000,147,0.00147,305,0.00305
19,-3,5,100000,209,0.00209,430,0.0043
19,-2,0,100000,206,0.00206,461,0.00461
19,-2,1,100000,218,0.00218,438,0.00438
19,-2,2,100000,140,0.0014,302,0.00302
19,-2,3,100000,125,0.00125,245,0.00245
19,-2,4,100000,165,0.00165,325,0.00325
19,-2,5,100000,208,0.00208,430,0.0043
19,-1,0,100000,205,0.00205,477,0.00477
19,-1,1,100000,217,0.00217,456,0.00456
19,-1,2,100000,170,0.0017,324,0.00324
19,-1,3,100000,130,0.0013,259,0.00259
19,-1,4,100000,146,0.00146,321,0.00321
19,-1,5,100000,181,0.00181,425,0.00425
19,0,0,100000,242,0.00242,497,0.00497
19,0,1,100000,196,0.00196,393,0.00393
19,0,2,100000,166,0.00166,326,0.00326
19,0,3,100000,121,0.00121,271,0.00271
19,0,4,100000,165,0.00165,319,0.00319
19,0,5,100000,205,0.00205,410,0.0041
19,1,0,100000,235,0.00235,470,0.0047
19,1,1,100000,209,0.00209,420,0.0042
19,1,2,100000,169,0.00169,332,0.00332
19,1,3,100000,133,0.00133,262,0.00262
19,1,4,100000,178,0.00178,314,0.00314
19,1,5,100000,233,0.00233,435,0.00435
19,2,0,100000,193,0.00193,450,0.0045
19,2,1,100000,153,0.00153,404,0.00404
19,2,2,100000,168,0.00168,323,0.00323
19,2,3,100000,167,0.00167,278,0.00278
19,2,4,100000,176,0.00176,373,0.00373
19,2,5,100000,200,0.002,402,0.00402
19,3,0,100000,217,0.00217,460,0.0046
19,3,1,100000,189,0.00189,412,0.00412
19,3,2,100000,144,0.00144,321,0.00321
19,3,3,100000,121,0.00121,274,0.00274
19,3,4,100000,177,0.00177,368,0.00368
19,3,5,100000,238,0.00238,417,0.00417
19,4,0,100000,228,0.00228,493,0.00493
19,4,1,100000,182,0.00182,441,0.00441
19,4,2,100000,169,0.00169,352,0.00352
19,4,3,100000,126,0.00126,248,0.00248
19,4,4,100000,155,0.00155,325,0.00325
19,4,5,100000,215,0.00215,449,0.00449
19,5,0,100000,196,0.00196,431,0.00431
19,5,1,100000,209,0.00209,440,0.0044
19,5,2,100000,138,0.00138,311,0.00311
19,5,3,100000,106,0.00106,237,0.00237
19,5,4,100000,151,0.00151,336,0.00336
19,5,5,100000,190,0.0019,401,0.00401
19,6,0,100000,252,0.00252,513,0.00513
19,6,1,100000,220,0.0022,415,0.00415
19,6,2,100000,144,0.00144,325,0.00325
19,6,3,100000,108,0.00108,285,0.00285
19,6,4,100000,185,0.00185,341,0.00341
19,6,5,100000,221,0.00221,405,0.00405
19,7,0,100000,226,0.00226,468,0.00468
19,7,1,100000,241,0.00241,443,0.00443
19,7,2,100000,159,0.00159,322,0.00322
19,7,3,100000,135,0.00135,265,0.00265
19,7,4,100000,155,0.00155,327,0.00327
19,7,5,100000,220,0.0022,453,0.00453
19,8,0,100000,223,0.00223,469,0.00469
19,8,1,100000,193,0.00193,454,0.00454
19,8,2,100000,148,0.00148,313,0.00313
19,8,3,100000,135,0.00135,255,0.00255
19,8,4,100000,151,0.00151,323,0.00323
19,8,5,100000,225,0.00225,454,0.00454
19,9,0,100000,244,0.00244,469,0.00469
19,9,1,100000,206,0.00206,446,0.00446
19,9,2,100000,167,0.00167,337,0.00337
19,9,3,100000,134,0.00134,267,0.00267
19,9,4,100000,155,0.00155,331,0.00331
19,9,5,100000,172,0.00172,411,0.00411
19,10,0,100000,227,0.00227,466,0.00466
19,10,1,100000,190,0.0019,452,0.00452
19,10,2,100000,168,0.00168,333,0.00333
19,10,3,100000,123,0.00123,249,0.00249
19,10,4,100000,166,0.00166,345,0.00345
19,10,5,100000,227,0.00227,458,0.00458
19,11,0,100000,222,0.00222,472,0.00472
19,11,1,100000,192,0.00192,423,0.00423
19,11,2,100000,146,0.00146,290,0.0029
19,11,3,100000,127,0.00127,250,0.0025
19,11,4,100000,166,0.00166,342,0.00342
19,11,5,100000,204,0.00204,422,0.00422
19,12,0,100000,254,0.00254,468,0.00468
19,12,1,100000,209,0.00209,411,0.00411
19,12,2,100000,152,0.00152,313,0.00313
19,12,3,100000,122,0.00122,249,0.00249
19,12,4,100000,161,0.00161,315,0.00315
19,12,5,100000,188,0.00188,431,0.00431
19,13,0,100000,238,0.00238,439,0.00439
19,13,1,100000,206,0.00206,440,0.0044
19,13,2,100000,171,0.00171,352,0.00352
19,13,3,100000,113,0.00113,250,0.0025
19,13,4,100000,166,0.00166,319,0.00319
19,13,5,100000,191,0.00191,396,0.00396
19,14,0,100000,218,0.00218,456,0.00456
19,14,1,100000,204,0.00204,446,0.00446
19,14,2,100000,193,0.00193,332,0.00332
19,14,3,100000,114,0.00114,250,0.0025
19,14,4,100000,171,0.00171,339,0.00339
19,14,5,100000,221,0.00221,447,0.00447
19,15,0,100000,224,0.00224,458,0.00458
19,15,1,100000,201,0.00201,385,0.00385
19,15,2,100000,145,0.00145,292,0.00292
19,15,3,100000,137,0.00137,287,0.00287
19,15,4,100000,179,0.00179,335,0.00335
19,15,5,100000,217,0.00217,424,0.00424
19,16,0,100000,243,0.00243,468,0.00468
19,16,1,100000,217,0.00217,417,0.00417
19,16,2,100000,161,0.00161,303,0.00303
19,16,3,100000,111,0.00111,254,0.00254
19,16,4,100000,155,0.00155,342,0.00342
19,16,5,100000,184,0.00184,438,0.00438
19,17,0,100000,249,0.00249,471,0.00471
19,17,1,100000,226,0.00226,442,0.00442
19,17,2,100000,174,0.00174,308,0.00308
19,17,3,100000,115,0.00115,242,0.00242
19,17,4,100000,173,0.00173,307,0.00307
19,17,5,100000,199,0.00199,424,0.00424
19,18,0,100000,233,0.00233,488,0.00488
19,18,1,100000,228,0.00228,450,0.0045
19,18,2,100000,145,0.00145,336,0.00336
19,18,3,100000,109,0.00109,273,0.00273
19,18,4,100000,149,0.00149,348,0.00348
19,18,5,100000,225,0.00225,442,0.00442
19,19,0,100000,206,0.00206,458,0.00458
19,19,1,100000,190,0.0019,440,0.0044
19,19,2,100000,156,0.00156,338,0.00338
19,19,3,100000,125,0.00125,272,0.00272
19,19,4,100000,138,0.00138,302,0.00302
19,19,5,100000,189,0.00189,423,0.00423
19,20,0,100000,204,0.00204,463,0.00463
19,20,1,100000,197,0.00197,436,0.00436
19,20,2,100000,166,0.00166,312,0.00312
19,20,3,100000,134,0.00134,248,0.00248
19,20,4,100000,165,0.00165,318,0.00318
19,20,5,100000,207,0.00207,418,0.00418
19,21,0,100000,224,0.00224,499,0.00499
19,21,1,100000,256,0.00256,462,0.00462
19,21,2,100000,158,0.00158,318,0.00318
19,21,3,100000,113,0.00113,266,0.00266
19,21,4,100000,175,0.00175,324,0.00324
19,21,5,100000,240,0.0024,426,0.00426
19,22,0,100000,229,0.00229,462,0.00462
19,22,1,100000,173,0.00173,415,0.00415
19,22,2,100000,157,0.00157,356,0.00356
19,22,3,100000,119,0.00119,254,0.00254
19,22,4,100000,149,0.00149,325,0.00325
19,22,5,100000,216,0.00216,438,0.00438
19,23,0,100000,213,0.00213,438,0.00438
19,23,1,100000,207,0.00207,450,0.0045
19,23,2,100000,173,0.00173,314,0.00314
19,23,3,100000,140,0.0014,277,0.00277
19,23,4,100000,158,0.00158,311,0.00311
19,23,5,100000,167,0.00167,416,0.00416
19,24,0,100000,223,0.00223,437,0.00437
19,24,1,100000,259,0.00259,460,0.0046
19,24,2,100000,142,0.00142,315,0.00315
19,24,3,100000,145,0.00145,302,0.00302
19,24,4,100000,170,0.0017,349,0.00349
19,24,5,100000,223,0.00223,413,0.00413
19,25,0,100000,190,0.0019,469,0.00469
19,25,1,100000,216,0.00216,414,0.00414
19,25,2,100000,152,0.00152,331,0.00331
19,25,3,100000,143,0.00143,260,0.0026
19,25,4,100000,193,0.00193,345,0.00345
19,25,5,100000,197,0.00197,426,0.00426
19,26,0,100000,233,0.00233,468,0.00468
19,26,1,100000,216,0.00216,481,0.00481
19,26,2,100000,169,0.00169,356,0.00356
19,26,3,100000,141,0.00141,243,0.00243
19,26,4,100000,167,0.00167,307,0.00307
19,26,5,100000,222,0.00222,453,0.00453
19,27,0,100000,223,0.00223,465,0.00465
19,27,1,100000,237,0.00237,433,0.00433
19,27,2,100000,142,0.00142,307,0.00307
19,27,3,100000,117,0.00117,237,0.00237
19,27,4,100000,181,0.00181,334,0.00334
19,27,5,100000,241,0.00241,462,0.00462
19,28,0,100000,242,0.00242,506,0.00506
19,28,1,100000,173,0.00173,394,0.00394
19,28,2,100000,154,0.00154,308,0.00308
19,28,3,100000,126,0.00126,281,0.00281
19,28,4,100000,148,0.00148,364,0.00364
19,28,5,100000,196,0.00196,457,0.00457
19,29,0,100000,201,0.00201,446,0.00446
19,29,1,100000,177,0.00177,390,0.0039
19,29,2,100000,148,0.00148,314,0.00314
19,29,3,100000,147,0.00147,300,0.003
19,29,4,100000,167,0.00167,365,0.00365
19,29,5,100000,190,0.0019,417,0.00417
19,30,0,100000,187,0.00187,428,0.00428
19,30,1,100000,179,0.00179,396,0.00396
19,30,2,100000,161,0.00161,328,0.00328
19,30,3,100000,139,0.00139,266,0.00266
19,30,4,100000,168,0.00168,338,0.00338
19,30,5,100000,223,0.00223,465,0.00465
19,31,0,100000,239,0.00239,483,0.00483
19,31,1,100000,216,0.00216,439,0.00439
19,31,2,100000,129,0.00129,300,0.003
19,31,3,100000,133,0.00133,261,0.00261
19,31,4,100000,143,0.00143,319,0.00319
19,31,5,100000,208,0.00208,427,0.00427
19,32,0,100000,227,0.00227,456,0.00456
19,32,1,100000,220,0.0022,441,0.00441
19,32,2,100000,160,0.0016,320,0.0032
19,32,3,100000,132,0.00132,262,0.00262
19,32,4,100000,165,0.00165,335,0.00335
19,32,5,100000,197,0.00197,419,0.00419
19,33,0,100000,180,0.0018,417,0.00417
19,33,1,100000,192,0.00192,380,0.0038
19,33,2,100000,147,0.00147,283,0.00283
19,33,3,100000,114,0.00114,266,0.00266
19,33,4,100000,138,0.00138,314,0.00314
19,33,5,100000,214,0.00214,440,0.0044
19,34,0,100000,233,0.00233,471,0.00471
19,34,1,100000,235,0.00235,433,0.00433
19,34,2,100000,188,0.00188,337,0.00337
19,34,3,100000,151,0.00151,278,0.00278
19,34,4,100000,157,0.00157,336,0.00336
19,34,5,100000,192,0.00192,422,0.00422
19,35,0,100000,247,0.00247,466,0.00466
19,35,1,100000,209,0.00209,424,0.00424
19,35,2,100000,160,0.0016,313,0.00313
19,35,3,100000,111,0.00111,259,0.00259
19,35,4,100000,171,0.00171,344,0.00344
19,35,5,100000,221,0.00221,419,0.00419
19,36,0,100000,202,0.00202,436,0.00436
19,36,1,100000,208,0.00208,447,0.00447
19,36,2,100000,163,0.00163,352,0.00352
19,36,3,100000,117,0.00117,242,0.00242
19,36,4,100000,147,0.00147,289,0.00289
19,36,5,100000,192,0.00192,421,0.00421
19,37,0,100000,211,0.00211,433,0.00433
19,37,1,100000,212,0.00212,430,0.0043
19,37,2,100000,146,0.00146,300,0.003
19,37,3,100000,139,0.00139,279,0.00279
19,37,4,100000,133,0.00133,306,0.00306
19,37,5,100000,226,0.00226,435,0.00435
19,38,0,100000,163,0.00163,334,0.00334
19,38,1,100000,163,0.00163,355,0.00355
19,38,2,100000,180,0.0018,322,0.00322
19,38,3,100000,129,0.00129,229,0.00229
19,38,4,100000,131,0.00131,291,0.00291
19,38,5,100000,193,0.00193,360,0.0036
19,39,0,100000,166,0.00166,331,0.00331
19,39,1,100000,157,0.00157,355,0.00355
19,39,2,100000,130,0.0013,268,0.00268
19,39,3,100000,90,0.0009,196,0.00196
19,39,4,100000,105,0.00105,223,0.00223
19,39,5,100000,180,0.0018,362,0.00362
19,40,0,100000,135,0.00135,269,0.00269
19,40,1,100000,107,0.00107,261,0.00261
19,40,2,100000,97,0.00097,181,0.00181
19,40,3,100000,85,0.00085,162,0.00162
19,40,4,100000,84,0.00084,184,0.00184
19,40,5,100000,117,0.00117,249,0.00249
19,41,0,100000,112,0.00112,217,0.00217
19,41,1,100000,89,0.00089,184,0.00184
19,41,2,100000,64,0.00064,157,0.00157
19,41,3,100000,80,0.0008,162,0.00162
19,41,4,100000,90,0.0009,182,0.00182
19,41,5,100000,135,0.00135,207,0.00207
19,42,0,100000,59,0.00059,138,0.00138
19,42,1,100000,52,0.00052,126,0.00126
19,42,2,100000,60,0.0006,151,0.00151
19,42,3,100000,52,0.00052,114,0.00114
19,42,4,100000,80,0.0008,113,0.00113
19,42,5,100000,51,0.00051,119,0.00119
19,43,0,100000,47,0.00047,110,0.0011
19,43,1,100000,35,0.00035,110,0.0011
19,43,2,100000,42,0.00042,123,0.00123
19,43,3,100000,52,0.00052,100,0.001
19,43,4,100000,25,0.00025,93,0.00093
19,43,5,100000,38,0.00038,94,0.00094
19,44,0,100000,32,0.00032,76,0.00076
19,44,1,100000,42,0.00042,85,0.00085
19,44,2,100000,48,0.00048,93,0.00093
19,44,3,100000,34,0.00034,88,0.00088
19,44,4,100000,42,0.00042,73,0.00073
19,44,5,100000,38,0.00038,69,0.00069
19,45,0,100000,43,0.00043,69,0.00069
19,45,1,100000,29,0.00029,60,0.0006
19,45,2,100000,45,0.00045,80,0.0008
19,45,3,100000,27,0.00027,90,0.0009
19,45,4,100000,35,0.00035,72,0.00072
19,45,5,100000,27,0.00027,88,0.00088
19,46,0,100000,19,0.00019,94,0.00094
19,46,1,100000,50,0.0005,88,0.00088
19,46,2,100000,48,0.00048,90,0.0009
19,46,3,100000,46,0.00046,87,0.00087
19,46,4,100000,41,0.00041,100,0.001
19,46,5,100000,32,0.00032,78,0.00078
19,47,0,100000,28,0.00028,71,0.00071
19,47,1,100000,35,0.00035,71,0.00071
19,47,2,100000,29,0.00029,80,0.0008
19,47,3,100000,45,0.00045,89,0.00089
19,47,4,100000,35,0.00035,82,0.00082
19,47,5,100000,25,0.00025,70,0.0007
19,48,0,100000,28,0.00028,78,0.00078
19,48,1,100000,30,0.0003,70,0.0007
19,48,2,100000,37,0.00037,81,0.00081
19,48,3,100000,35,0.00035,80,0.0008
19,48,4,100000,30,0.0003,80,0.0008
19,48,5,100000,20,0.0002,56,0.00056
19,49,0,100000,17,0.00017,86,0.00086
19,49,1,100000,33,0.00033,79,0.00079
19,49,2,100000,19,0.00019,65,0.00065
19,49,3,100000,33,0.00033,76,0.00076
19,49,4,100000,31,0.00031,70,0.0007
19,49,5,100000,20,0.0002,68,0.00068
19,50,0,100000,33,0.00033,78,0.00078
19,50,1,100000,30,0.0003,84,0.00084
19,50,2,100000,34,0.00034,83,0.00083
19,50,3,100000,27,0.00027,70,0.0007
19,50,4,100000,12,0.00012,68,0.00068
19,50,5,100000,22,0.00022,70,0.0007
20,-50,0,100000,23,0.00023,66,0.00066
20,-50,1,100000,20,0.0002,66,0.00066
20,-50,2,100000,16,0.00016,56,0.00056
20,-50,3,100000,34,0.00034,89,0.00089
20,-50,4,100000,20,0.0002,60,0.0006
20,-50,5,100000,28,0.00028,70,0.0007
20,-49,0,100000,18,0.00018,61,0.00061
20,-49,1,100000,23,0.00023,62,0.00062
20,-49,2,100000,29,0.00029,72,0.00072
20,-49,3,100000,26,0.00026,77,0.00077
20,-49,4,100000,25,0.00025,71,0.00071
20,-49,5,100000,27,0.00027,68,0.00068
20,-48,0,100000,25,0.00025,71,0.00071
20,-48,1,100000,26,0.00026,69,0.00069
20,-48,2,100000,35,0.00035,75,0.00075
20,-48,3,100000,33,0.00033,88,0.00088
20,-48,4,100000,31,0.00031,83,0.00083
20,-48,5,100000,25,0.00025,70,0.0007
20,-47,0,100000,20,0.0002,88,0.00088
20,-47,1,100000,38,0.00038,81,0.00081
20,-47,2,100000,26,0.00026,76,0.00076
20,-47,3,100000,43,0.00043,83,0.00083
20,-47,4,100000,24,0.00024,80,0.0008
20,-47,5,100000,27,0.00027,63,0.00063
20,-46,0,100000,31,0.00031,78,0.00078
20,-46,1,100000,23,0.00023,64,0.00064
20,-46,2,100000,29,0.00029,69,0.00069
20,-46,3,100000,51,0.00051,87,0.00087
20,-46,4,100000,32,0.00032,87,0.00087
20,-46,5,100000,31,0.00031,82,0.00082
20,-45,0,100000,36,0.00036,92,0.00092
20,-45,1,100000,46,0.00046,73,0.00073
20,-45,2,100000,27,0.00027,73,0.00073
20,-45,3,100000,26,0.00026,94,0.00094
20,-45,4,100000,43,0.00043,77,0.00077
20,-45,5,100000,43,0.00043,92,0.00092
20,-44,0,100000,26,0.00026,80,0.0008
20,-44,1,100000,26,0.00026,78,0.00078
20,-44,2,100000,30,0.0003,75,0.00075
20,-44,3,100000,45,0.00045,87,0.00087
20,-44,4,100000,46,0.00046,89,0.00089
20,-44,5,100000,21,0.00021,75,0.00075
20,-43,0,100000,51,0.00051,88,0.00088
20,-43,1,100000,32,0.00032,105,0.00105
20,-43,2,100000,55,0.00055,94,0.00094
20,-43,3,100000,45,0.00045,100,0.001
20,-43,4,100000,53,0.00053,124,0.00124
20,-43,5,100000,53,0.00053,120,0.0012
20,-42,0,100000,62,0.00062,138,0.00138
20,-42,1,100000,66,0.00066,126,0.00126
20,-42,2,100000,59,0.00059,116,0.00116
20,-42,3,100000,50,0.0005,106,0.00106
20,-42,4,100000,90,0.0009,143,0.00143
20,-42,5,100000,51,0.00051,125,0.00125
20,-41,0,100000,80,0.0008,182,0.00182
20,-41,1,100000,103,0.00103,160,0.0016
20,-41,2,100000,50,0.0005,121,0.00121
20,-41,3,100000,39,0.00039,127,0.00127
20,-41,4,100000,64,0.00064,152,0.00152
20,-41,5,100000,76,0.00076,187,0.00187
20,-40,0,100000,92,0.00092,190,0.0019
20,-40,1,100000,119,0.00119,222,0.00222
20,-40,2,100000,98,0.00098,165,0.00165
20,-40,3,100000,66,0.00066,140,0.0014
20,-40,4,100000,65,0.00065,168,0.00168
20,-40,5,100000,88,0.00088,187,0.00187
20,-39,0,100000,148,0.00148,297,0.00297
20,-39,1,100000,124,0.00124,259,0.00259
20,-39,2,100000,88,0.00088,210,0.0021
20,-39,3,100000,79,0.00079,159,0.00159
20,-39,4,100000,79,0.00079,192,0.00192
20,-39,5,100000,112,0.00112,278,0.00278
20,-38,0,100000,176,0.00176,340,0.0034
20,-38,1,100000,127,0.00127,303,0.00303
20,-38,2,100000,108,0.00108,246,0.00246
20,-38,3,100000,97,0.00097,194,0.00194
20,-38,4,100000,141,0.00141,216,0.00216
20,-38,5,100000,131,0.00131,317,0.00317
20,-37,0,100000,152,0.00152,335,0.00335
20,-37,1,100000,153,0.00153,346,0.00346
20,-37,2,100000,140,0.0014,274,0.00274
20,-37,3,100000,84,0.00084,198,0.00198
20,-37,4,100000,135,0.00135,259,0.00259
20,-37,5,100000,161,0.00161,312,0.00312
20,-36,0,100000,159,0.00159,333,0.00333
20,-36,1,100000,195,0.00195,382,0.00382
20,-36,2,100000,135,0.00135,268,0.00268
20,-36,3,100000,113,0.00113,203,0.00203
20,-36,4,100000,138,0.00138,276,0.00276
20,-36,5,100000,159,0.00159,338,0.00338
20,-35,0,100000,224,0.00224,386,0.00386
20,-35,1,100000,154,0.00154,378,0.00378
20,-35,2,100000,119,0.00119,260,0.0026
20,-35,3,100000,88,0.00088,202,0.00202
20,-35,4,100000,165,0.00165,297,0.00297
20,-35,5,100000,147,0.00147,313,0.00313
20,-34,0,100000,190,0.0019,402,0.00402
20,-34,1,100000,171,0.00171,350,0.0035
20,-34,2,100000,137,0.00137,302,0.00302
20,-34,3,100000,99,0.00099,187,0.00187
20,-34,4,100000,137,0.00137,256,0.00256
20,-34,5,100000,203,0.00203,386,0.00386
20,-33,0,100000,224,0.00224,422,0.00422
20,-33,1,100000,158,0.00158,360,0.0036
20,-33,2,100000,129,0.00129,277,0.00277
20,-33,3,100000,94,0.00094,197,0.00197
20,-33,4,100000,123,0.00123,259,0.00259
20,-33,5,100000,167,0.00167,353,0.00353
20,-32,0,100000,154,0.00154,367,0.00367
20,-32,1,100000,171,0.00171,373,0.00373
20,-32,2,100000,117,0.00117,259,0.00259
20,-32,3,100000,100,0.001,211,0.00211
20,-32,4,100000,176,0.00176,285,0.00285
20,-32,5,100000,169,0.00169,357,0.00357
20,-31,0,100000,191,0.00191,382,0.00382
20,-31,1,100000,155,0.00155,360,0.0036
20,-31,2,100000,145,0.00145,261,0.00261
20,-31,3,100000,109,0.00109,231,0.00231
20,-31,4,100000,154,0.00154,302,0.00302
20,-31,5,100000,162,0.00162,336,0.00336
20,-30,0,100000,186,0.00186,381,0.00381
20,-30,1,100000,188,0.00188,391,0.00391
20,-30,2,100000,112,0.00112,248,0.00248
20,-30,3,100000,90,0.0009,202,0.00202
20,-30,4,100000,144,0.00144,279,0.00279
20,-30,5,100000,193,0.00193,356,0.00356
20,-29,0,100000,159,0.00159,376,0.00376
20,-29,1,100000,179,0.00179,357,0.00357
20,-29,2,100000,106,0.00106,259,0.00259
20,-29,3,100000,82,0.00082,183,0.00183
20,-29,4,100000,147,0.00147,276,0.00276
20,-29,5,100000,163,0.00163,346,0.00346
20,-28,0,100000,172,0.00172,383,0.00383
20,-28,1,100000,158,0.00158,361,0.00361
20,-28,2,100000,124,0.00124,276,0.00276
20,-28,3,100000,102,0.00102,246,0.00246
20,-28,4,100000,133,0.00133,255,0.00255
20,-28,5,100000,217,0.00217,361,0.00361
20,-27,0,100000,157,0.00157,385,0.00385
20,-27,1,100000,154,0.00154,351,0.00351
20,-27,2,100000,142,0.00142,287,0.00287
20,-27,3,100000,95,0.00095,211,0.00211
20,-27,4,100000,126,0.00126,260,0.0026
20,-27,5,100000,179,0.00179,327,0.00327
20,-26,0,100000,182,0.00182,374,0.00374
20,-26,1,100000,167,0.00167,325,0.00325
20,-26,2,100000,123,0.00123,265,0.00265
20,-26,3,100000,122,0.00122,228,0.00228
20,-26,4,100000,153,0.00153,267,0.00267
20,-26,5,100000,166,0.00166,358,0.00358
20,-25,0,100000,187,0.00187,395,0.00395
20,-25,1,100000,163,0.00163,352,0.00352
20,-25,2,100000,131,0.00131,254,0.00254
20,-25,3,100000,93,0.00093,211,0.00211
20,-25,4,100000,123,0.00123,234,0.00234
20,-25,5,100000,188,0.00188,385,0.00385
20,-24,0,100000,193,0.00193,390,0.0039
20,-24,1,100000,183,0.00183,373,0.00373
20,-24,2,100000,145,0.00145,286,0.00286
20,-24,3,100000,106,0.00106,223,0.00223
20,-24,4,100000,135,0.00135,291,0.00291
20,-24,5,100000,132,0.00132,328,0.00328
20,-23,0,100000,195,0.00195,392,0.00392
20,-23,1,100000,171,0.00171,341,0.00341
20,-23,2,100000,136,0.00136,292,0.00292
20,-23,3,100000,98,0.00098,209,0.00209
20,-23,4,100000,141,0.00141,290,0.0029
20,-23,5,100000,164,0.00164,366,0.00366
20,-22,0,100000,175,0.00175,384,0.00384
20,-22,1,100000,154,0.00154,334,0.00334
20,-22,2,100000,115,0.00115,250,0.0025
20,-22,3,100000,93,0.00093,196,0.00196
20,-22,4,100000,140,0.0014,276,0.00276
20,-22,5,100000,180,0.0018,361,0.00361
20,-21,0,100000,171,0.00171,376,0.00376
20,-21,1,100000,184,0.00184,353,0.00353
20,-21,2,100000,138,0.00138,251,0.00251
20,-21,3,100000,127,0.00127,224,0.00224
20,-21,4,100000,128,0.00128,261,0.00261
20,-21,5,100000,155,0.00155,363,0.00363
20,-20,0,100000,211,0.00211,381,0.00381
20,-20,1,100000,194,0.00194,384,0.00384
20,-20,2,100000,130,0.0013,287,0.00287
20,-20,3,100000,101,0.00101,216,0.00216
20,-20,4,100000,108,0.00108,254,0.00254
20,-20,5,100000,199,0.00199,381,0.00381
20,-19,0,100000,184,0.00184,408,0.00408
20,-19,1,100000,172,0.00172,355,0.00355
20,-19,2,100000,109,0.00109,220,0.0022
20,-19,3,100000,98,0.00098,208,0.00208
20,-19,4,100000,131,0.00131,260,0.0026
20,-19,5,100000,149,0.00149,322,0.00322
20,-18,0,100000,218,0.00218,423,0.00423
20,-18,1,100000,164,0.00164,356,0.00356
20,-18,2,100000,131,0.00131,284,0.00284
20,-18,3,100000,145,0.00145,239,0.00239
20,-18,4,100000,112,0.00112,272,0.00272
20,-18,5,100000,156,0.00156,355,0.00355
20,-17,0,100000,181,0.00181,387,0.00387
20,-17,1,100000,158,0.00158,323,0.00323
20,-17,2,100000,126,0.00126,259,0.00259
20,-17,3,100000,111,0.00111,200,0.002
20,-17,4,100000,143,0.00143,288,0.00288
20,-17,5,100000,145,0.00145,328,0.00328
20,-16,0,100000,178,0.00178,384,0.00384
20,-16,1,100000,182,0.00182,352,0.00352
20,-16,2,100000,128,0.00128,275,0.00275
20,-16,3,100000,96,0.00096,212,0.00212
20,-16,4,100000,139,0.00139,259,0.00259
20,-16,5,100000,187,0.00187,378,0.00378
20,-15,0,100000,148,0.00148,375,0.00375
20,-15,1,100000,186,0.00186,367,0.00367
20,-15,2,100000,155,0.00155,254,0.00254
20,-15,3,100000,101,0.00101,218,0.00218
20,-15,4,100000,128,0.00128,262,0.00262
20,-15,5,100000,184,0.00184,375,0.00375
20,-14,0,100000,201,0.00201,378,0.00378
20,-14,1,100000,184,0.00184,364,0.00364
20,-14,2,100000,148,0.00148,286,0.00286
20,-14,3,100000,119,0.00119,240,0.0024
20,-14,4,100000,127,0.00127,249,0.00249
20,-14,5,100000,185,0.00185,392,0.00392
20,-13,0,100000,189,0.00189,397,0.00397
20,-13,1,100000,177,0.00177,360,0.0036
20,-13,2,100000,129,0.00129,272,0.00272
20,-13,3,100000,116,0.00116,247,0.00247
20,-13,4,100000,162,0.00162,300,0.003
20,-13,5,100000,176,0.00176,353,0.00353
20,-12,0,100000,183,0.00183,388,0.00388
20,-12,1,100000,178,0.00178,348,0.00348
20,-12,2,100000,135,0.00135,303,0.00303
20,-12,3,100000,100,0.001,185,0.00185
20,-12,4,100000,122,0.00122,258,0.00258
20,-12,5,100000,168,0.00168,384,0.00384
20,-11,0,100000,207,0.00207,373,0.00373
20,-11,1,100000,173,0.00173,373,0.00373
20,-11,2,100000,136,0.00136,262,0.00262
20,-11,3,100000,111,0.00111,222,0.00222
20,-11,4,100000,138,0.00138,287,0.00287
20,-11,5,100000,160,0.0016,356,0.00356
20,-10,0,100000,190,0.0019,381,0.00381
20,-10,1,100000,166,0.00166,389,0.00389
20,-10,2,100000,115,0.00115,286,0.00286
20,-10,3,100000,109,0.00109,207,0.00207
20,-10,4,100000,155,0.00155,273,0.00273
20,-10,5,100000,164,0.00164,353,0.00353
20,-9,0,100000,196,0.00196,371,0.00371
20,-9,1,100000,173,0.00173,377,0.00377
20,-9,2,100000,128,0.00128,281,0.00281
20,-9,3,100000,102,0.00102,209,0.00209
20,-9,4,100000,140,0.0014,295,0.00295
20,-9,5,100000,158,0.00158,361,0.00361
20,-8,0,100000,162,0.00162,405,0.00405
20,-8,1,100000,176,0.00176,369,0.00369
20,-8,2,100000,136,0.00136,277,0.00277
20,-8,3,100000,108,0.00108,224,0.00224
20,-8,4,100000,140,0.0014,281,0.00281
20,-8,5,100000,169,0.00169,379,0.00379
20,-7,0,100000,235,0.00235,426,0.00426
20,-7,1,100000,197,0.00197,348,0.00348
20,-7,2,100000,133,0.00133,278,0.00278
20,-7,3,100000,104,0.00104,215,0.00215
20,-7,4,100000,141,0.00141,276,0.00276
20,-7,5,100000,184,0.00184,372,0.00372
20,-6,0,100000,174,0.00174,384,0.00384
20,-6,1,100000,183,0.00183,361,0.00361
20,-6,2,100000,143,0.00143,277,0.00277
20,-6,3,100000,101,0.00101,210,0.0021
20,-6,4,100000,136,0.00136,277,0.00277
20,-6,5,100000,192,0.00192,380,0.0038
20,-5,0,100000,186,0.00186,397,0.00397
20,-5,1,100000,161,0.00161,355,0.00355
20,-5,2,100000,147,0.00147,277,0.00277
20,-5,3,100000,130,0.0013,242,0.00242
20,-5,4,100000,143,0.00143,278,0.00278
20,-5,5,100000,189,0.00189,376,0.00376
20,-4,0,100000,181,0.00181,398,0.00398
20,-4,1,100000,167,0.00167,361,0.00361
20,-4,2,100000,135,0.00135,297,0.00297
20,-4,3,100000,106,0.00106,231,0.00231
20,-4,4,100000,119,0.00119,296,0.00296
20,-4,5,100000,162,0.00162,340,0.0034
20,-3,0,100000,182,0.00182,402,0.00402
20,-3,1,100000,170,0.0017,383,0.00383
20,-3,2,100000,155,0.00155,292,0.00292
20,-3,3,100000,144,0.00144,263,0.00263
20,-3,4,100000,120,0.0012,267,0.00267
20,-3,5,100000,159,0.00159,350,0.0035
20,-2,0,100000,192,0.00192,404,0.00404
20,-2,1,100000,155,0.00155,344,0.00344
20,-2,2,100000,125,0.00125,253,0.00253
20,-2,3,100000,111,0.00111,236,0.00236
20,-2,4,100000,136,0.00136,281,0.00281
20,-2,5,100000,140,0.0014,365,0.00365
20,-1,0,100000,187,0.00187,379,0.00379
20,-1,1,100000,194,0.00194,374,0.00374
20,-1,2,100000,131,0.00131,276,0.00276
20,-1,3,100000,101,0.00101,231,0.00231
20,-1,4,100000,120,0.0012,260,0.0026
20,-1,5,100000,192,0.00192,396,0.00396
20,0,0,100000,171,0.00171,382,0.00382
20,0,1,100000,163,0.00163,351,0.00351
20,0,2,100000,132,0.00132,276,0.00276
20,0,3,100000,101,0.00101,215,0.00215
20,0,4,100000,117,0.00117,269,0.00269
20,0,5,100000,183,0.00183,358,0.00358
20,1,0,100000,190,0.0019,378,0.00378
20,1,1,100000,184,0.00184,344,0.00344
20,1,2,100000,136,0.00136,271,0.00271
20,1,3,100000,77,0.00077,193,0.00193
20,1,4,100000,132,0.00132,275,0.00275
20,1,5,100000,162,0.00162,348,0.00348
20,2,0,100000,206,0.00206,425,0.00425
20,2,1,100000,140,0.0014,318,0.00318
20,2,2,100000,127,0.00127,273,0.00273
20,2,3,100000,100,0.001,215,0.00215
20,2,4,100000,115,0.00115,271,0.00271
20,2,5,100000,206,0.00206,382,0.00382
20,3,0,100000,227,0.00227,431,0.00431
20,3,1,100000,169,0.00169,376,0.00376
20,3,2,100000,121,0.00121,247,0.00247
20,3,3,100000,114,0.00114,221,0.00221
20,3,4,100000,136,0.00136,300,0.003
20,3,5,100000,187,0.00187,352,0.00352
20,4,0,100000,177,0.00177,384,0.00384
20,4,1,100000,175,0.00175,372,0.00372
20,4,2,100000,140,0.0014,294,0.00294
20,4,3,100000,105,0.00105,203,0.00203
20,4,4,100000,120,0.0012,263,0.00263
20,4,5,100000,165,0.00165,348,0.00348
20,5,0,100000,188,0.00188,401,0.00401
20,5,1,100000,184,0.00184,366,0.00366
20,5,2,100000,155,0.00155,292,0.00292
20,5,3,100000,100,0.001,244,0.00244
20,5,4,100000,126,0.00126,276,0.00276
20,5,5,100000,200,0.002,338,0.00338
20,6,0,100000,219,0.00219,408,0.00408
20,6,1,100000,150,0.0015,359,0.00359
20,6,2,100000,117,0.00117,280,0.0028
20,6,3,100000,110,0.0011,220,0.0022
20,6,4,100000,116,0.00116,249,0.00249
20,6,5,100000,175,0.00175,375,0.00375
20,7,0,100000,160,0.0016,352,0.00352
20,7,1,100000,155,0.00155,359,0.00359
20,7,2,100000,144,0.00144,290,0.0029
20,7,3,100000,107,0.00107,195,0.00195
20,7,4,100000,150,0.0015,274,0.00274
20,7,5,100000,142,0.00142,347,0.00347
20,8,0,100000,188,0.00188,374,0.00374
20,8,1,100000,172,0.00172,337,0.00337
20,8,2,100000,124,0.00124,258,0.00258
20,8,3,100000,92,0.00092,200,0.002
20,8,4,100000,125,0.00125,269,0.00269
20,8,5,100000,218,0.00218,370,0.0037
20,9,0,100000,189,0.00189,398,0.00398
20,9,1,100000,167,0.00167,345,0.00345
20,9,2,100000,137,0.00137,266,0.00266
20,9,3,100000,113,0.00113,227,0.00227
20,9,4,100000,129,0.00129,297,0.00297
20,9,5,100000,162,0.00162,381,0.00381
20,10,0,100000,159,0.00159,365,0.00365
20,10,1,100000,167,0.00167,379,0.00379
20,10,2,100000,123,0.00123,271,0.00271
20,10,3,100000,126,0.00126,220,0.0022
20,10,4,100000,123,0.00123,277,0.00277
20,10,5,100000,151,0.00151,344,0.00344
20,11,0,100000,205,0.00205,401,0.00401
20,11,1,100000,187,0.00187,358,0.00358
20,11,2,100000,143,0.00143,281,0.00281
20,11,3,100000,112,0.00112,218,0.00218
20,11,4,100000,152,0.00152,287,0.00287
20,11,5,100000,169,0.00169,371,0.00371
20,12,0,100000,220,0.0022,397,0.00397
20,12,1,100000,180,0.0018,364,0.00364
20,12,2,100000,143,0.00143,288,0.00288
20,12,3,100000,121,0.00121,216,0.00216
20,12,4,100000,134,0.00134,286,0.00286
20,12,5,100000,176,0.00176,341,0.00341
20,13,0,100000,147,0.00147,383,0.00383
20,13,1,100000,168,0.00168,351,0.00351
20,13,2,100000,134,0.00134,272,0.00272
20,13,3,100000,110,0.0011,213,0.00213
20,13,4,100000,139,0.00139,290,0.0029
20,13,5,100000,167,0.00167,347,0.00347
20,14,0,100000,166,0.00166,384,0.00384
20,14,1,100000,164,0.00164,335,0.00335
20,14,2,100000,132,0.00132,291,0.00291
20,14,3,100000,108,0.00108,236,0.00236
20,14,4,100000,136,0.00136,283,0.00283
20,14,5,100000,204,0.00204,387,0.00387
20,15,0,100000,152,0.00152,339,0.00339
20,15,1,100000,183,0.00183,346,0.00346
20,15,2,100000,141,0.00141,282,0.00282
20,15,3,100000,104,0.00104,221,0.00221
20,15,4,100000,130,0.0013,283,0.00283
20,15,5,100000,186,0.00186,375,0.00375
20,16,0,100000,178,0.00178,404,0.00404
20,16,1,100000,153,0.00153,330,0.0033
20,16,2,100000,144,0.00144,294,0.00294
20,16,3,100000,116,0.00116,208,0.00208
20,16,4,100000,122,0.00122,248,0.00248
20,16,5,100000,169,0.00169,356,0.00356
20,17,0,100000,190,0.0019,381,0.00381
20,17,1,100000,189,0.00189,363,0.00363
20,17,2,100000,126,0.00126,267,0.00267
20,17,3,100000,93,0.00093,204,0.00204
20,17,4,100000,123,0.00123,247,0.00247
20,17,5,100000,174,0.00174,356,0.00356
20,18,0,100000,199,0.00199,394,0.00394
20,18,1,100000,169,0.00169,353,0.00353
20,18,2,100000,151,0.00151,283,0.00283
20,18,3,100000,119,0.00119,219,0.00219
20,18,4,100000,129,0.00129,250,0.0025
20,18,5,100000,158,0.00158,312,0.00312
20,19,0,100000,158,0.00158,375,0.00375
20,19,1,100000,182,0.00182,367,0.00367
20,19,2,100000,120,0.0012,242,0.00242
20,19,3,100000,104,0.00104,227,0.00227
20,19,4,100000,115,0.00115,255,0.00255
20,19,5,100000,167,0.00167,355,0.00355
20,20,0,100000,171,0.00171,363,0.00363
20,20,1,100000,183,0.00183,371,0.00371
20,20,2,100000,133,0.00133,261,0.00261
20,20,3,100000,122,0.00122,238,0.00238
20,20,4,100000,144,0.00144,279,0.00279
20,20,5,100000,172,0.00172,365,0.00365
20,21,0,100000,187,0.00187,378,0.00378
20,21,1,100000,168,0.00168,349,0.00349
20,21,2,100000,151,0.00151,296,0.00296
20,21,3,100000,111,0.00111,213,0.00213
20,21,4,100000,148,0.00148,276,0.00276
20,21,5,100000,179,0.00179,371,0.00371
20,22,0,100000,182,0.00182,365,0.00365
20,22,1,100000,155,0.00155,357,0.00357
20,22,2,100000,144,0.00144,261,0.00261
20,22,3,100000,118,0.00118,208,0.00208
20,22,4,100000,125,0.00125,268,0.00268
20,22,5,100000,165,0.00165,352,0.00352
20,23,0,100000,183,0.00183,383,0.00383
20,23,1,100000,149,0.00149,355,0.00355
20,23,2,100000,136,0.00136,258,0.00258
20,23,3,100000,98,0.00098,252,0.00252
20,23,4,100000,137,0.00137,275,0.00275
20,23,5,100000,177,0.00177,372,0.00372
20,24,0,100000,190,0.0019,394,0.00394
20,24,1,100000,170,0.0017,340,0.0034
20,24,2,100000,131,0.00131,277,0.00277
20,24,3,100000,101,0.00101,224,0.00224
20,24,4,100000,173,0.00173,333,0.00333
20,24,5,100000,176,0.00176,367,0.00367
20,25,0,100000,174,0.00174,369,0.00369
20,25,1,100000,173,0.00173,348,0.00348
20,25,2,100000,155,0.00155,285,0.00285
20,25,3,100000,100,0.001,220,0.0022
20,25,4,100000,132,0.00132,296,0.00296
20,25,5,100000,169,0.00169,354,0.00354
20,26,0,100000,170,0.0017,365,0.00365
20,26,1,100000,192,0.00192,391,0.00391
20,26,2,100000,124,0.00124,267,0.00267
20,26,3,100000,116,0.00116,233,0.00233
20,26,4,100000,126,0.00126,259,0.00259
20,26,5,100000,183,0.00183,359,0.00359
20,27,0,100000,204,0.00204,405,0.00405
20,27,1,100000,147,0.00147,363,0.00363
20,27,2,100000,149,0.00149,279,0.00279
20,27,3,100000,109,0.00109,212,0.00212
20,27,4,100000,144,0.00144,280,0.0028
20,27,5,100000,171,0.00171,334,0.00334
20,28,0,100000,218,0.00218,387,0.00387
20,28,1,100000,180,0.0018,358,0.00358
20,28,2,100000,107,0.00107,295,0.00295
20,28,3,100000,95,0.00095,222,0.00222
20,28,4,100000,150,0.0015,295,0.00295
20,28,5,100000,189,0.00189,350,0.0035
20,29,0,100000,192,0.00192,366,0.00366
20,29,1,100000,157,0.00157,324,0.00324
20,29,2,100000,125,0.00125,260,0.0026
20,29,3,100000,92,0.00092,226,0.00226
20,29,4,100000,122,0.00122,263,0.00263
20,29,5,100000,160,0.0016,341,0.00341
20,30,0,100000,164,0.00164,358,0.00358
20,30,1,100000,169,0.00169,338,0.00338
20,30,2,100000,151,0.00151,266,0.00266
20,30,3,100000,125,0.00125,237,0.00237
20,30,4,100000,162,0.00162,285,0.00285
20,30,5,100000,169,0.00169,351,0.00351
20,31,0,100000,167,0.00167,360,0.0036
20,31,1,100000,159,0.00159,329,0.00329
20,31,2,100000,133,0.00133,293,0.00293
20,31,3,100000,112,0.00112,254,0.00254
20,31,4,100000,135,0.00135,276,0.00276
20,31,5,100000,168,0.00168,344,0.00344
20,32,0,100000,200,0.002,426,0.00426
20,32,1,100000,164,0.00164,337,0.00337
20,32,2,100000,136,0.00136,276,0.00276
20,32,3,100000,101,0.00101,234,0.00234
20,32,4,100000,115,0.00115,260,0.0026
20,32,5,100000,170,0.0017,377,0.00377
20,33,0,100000,171,0.00171,380,0.0038
20,33,1,100000,185,0.00185,360,0.0036
20,33,2,100000,124,0.00124,259,0.00259
20,33,3,100000,110,0.0011,213,0.00213
20,33,4,100000,154,0.00154,277,0.00277
20,33,5,100000,171,0.00171,347,0.00347
20,34,0,100000,180,0.0018,377,0.00377
20,34,1,100000,138,0.00138,308,0.00308
20,34,2,100000,128,0.00128,261,0.00261
20,34,3,100000,108,0.00108,213,0.00213
20,34,4,100000,120,0.0012,265,0.00265
20,34,5,100000,201,0.00201,352,0.00352
20,35,0,100000,199,0.00199,414,0.00414
20,35,1,100000,166,0.00166,360,0.0036
20,35,2,100000,155,0.00155,283,0.00283
20,35,3,100000,107,0.00107,214,0.00214
20,35,4,100000,133,0.00133,252,0.00252
20,35,5,100000,185,0.00185,380,0.0038
20,36,0,100000,184,0.00184,386,0.00386
20,36,1,100000,161,0.00161,327,0.00327
20,36,2,100000,127,0.00127,256,0.00256
20,36,3,100000,122,0.00122,239,0.00239
20,36,4,100000,131,0.00131,279,0.00279
20,36,5,100000,175,0.00175,352,0.00352
20,37,0,100000,168,0.00168,368,0.00368
20,37,1,100000,181,0.00181,340,0.0034
20,37,2,100000,115,0.00115,238,0.00238
20,37,3,100000,114,0.00114,207,0.00207
20,37,4,100000,113,0.00113,237,0.00237
20,37,5,100000,161,0.00161,307,0.00307
20,38,0,100000,157,0.00157,291,0.00291
20,38,1,100000,170,0.0017,312,0.00312
20,38,2,100000,98,0.00098,218,0.00218
20,38,3,100000,86,0.00086,225,0.00225
20,38,4,100000,100,0.001,213,0.00213
20,38,5,100000,173,0.00173,310,0.0031
20,39,0,100000,132,0.00132,310,0.0031
20,39,1,100000,147,0.00147,255,0.00255
20,39,2,100000,110,0.0011,206,0.00206
20,39,3,100000,71,0.00071,150,0.0015
20,39,4,100000,131,0.00131,220,0.0022
20,39,5,100000,123,0.00123,255,0.00255
20,40,0,100000,83,0.00083,214,0.00214
20,40,1,100000,97,0.00097,211,0.00211
20,40,2,100000,80,0.0008,181,0.00181
20,40,3,100000,56,0.00056,127,0.00127
20,40,4,100000,72,0.00072,156,0.00156
20,40,5,100000,85,0.00085,224,0.00224
20,41,0,100000,92,0.00092,189,0.00189
20,41,1,100000,75,0.00075,175,0.00175
20,41,2,100000,61,0.00061,166,0.00166
20,41,3,100000,51,0.00051,113,0.00113
20,41,4,100000,53,0.00053,127,0.00127
20,41,5,100000,84,0.00084,150,0.0015
20,42,0,100000,65,0.00065,125,0.00125
20,42,1,100000,67,0.00067,135,0.00135
20,42,2,100000,59,0.00059,124,0.00124
20,42,3,100000,54,0.00054,113,0.00113
20,42,4,100000,35,0.00035,95,0.00095
20,42,5,100000,59,0.00059,109,0.00109
20,43,0,100000,38,0.00038,109,0.00109
20,43,1,100000,52,0.00052,122,0.00122
20,43,2,100000,42,0.00042,111,0.00111
20,43,3,100000,56,0.00056,95,0.00095
20,43,4,100000,42,0.00042,76,0.00076
20,43,5,100000,52,0.00052,88,0.00088
20,44,0,100000,51,0.00051,87,0.00087
20,44,1,100000,32,0.00032,102,0.00102
20,44,2,100000,48,0.00048,110,0.0011
20,44,3,100000,36,0.00036,97,0.00097
20,44,4,100000,33,0.00033,67,0.00067
20,44,5,100000,31,0.00031,70,0.0007
20,45,0,100000,31,0.00031,92,0.00092
20,45,1,100000,33,0.00033,73,0.00073
20,45,2,100000,41,0.00041,74,0.00074
20,45,3,100000,28,0.00028,81,0.00081
20,45,4,100000,33,0.00033,72,0.00072
20,45,5,100000,36,0.00036,80,0.0008
20,46,0,100000,31,0.00031,89,0.00089
20,46,1,100000,28,0.00028,79,0.00079
20,46,2,100000,31,0.00031,86,0.00086
20,46,3,100000,26,0.00026,74,0.00074
20,46,4,100000,28,0.00028,92,0.00092
20,46,5,100000,29,0.00029,79,0.00079
20,47,0,100000,33,0.00033,77,0.00077
20,47,1,100000,18,0.00018,60,0.0006
20,47,2,100000,38,0.00038,72,0.00072
20,47,3,100000,27,0.00027,67,0.00067
20,47,4,100000,38,0.00038,82,0.00082
20,47,5,100000,38,0.00038,81,0.00081
20,48,0,100000,34,0.00034,70,0.0007
20,48,1,100000,30,0.0003,69,0.00069
20,48,2,100000,37,0.00037,82,0.00082
20,48,3,100000,43,0.00043,79,0.00079
20,48,4,100000,24,0.00024,62,0.00062
20,48,5,100000,41,0.00041,82,0.00082
20,49,0,100000,39,0.00039,84,0.00084
20,49,1,100000,38,0.00038,78,0.00078
20,49,2,100000,19,0.00019,72,0.00072
20,49,3,100000,28,0.00028,83,0.00083
20,49,4,100000,49,0.00049,87,0.00087
20,49,5,100000,21,0.00021,76,0.00076
20,50,0,100000,38,0.00038,78,0.00078
20,50,1,100000,28,0.00028,75,0.00075
20,50,2,100000,18,0.00018,67,0.00067
20,50,3,100000,33,0.00033,79,0.00079
20,50,4,100000,40,0.0004,83,0.00083
20,50,5,100000,43,0.00043,70,0.0007
21,-50,0,100000,27,0.00027,71,0.00071
21,-50,1,100000,18,0.00018,72,0.00072
21,-50,2,100000,27,0.00027,70,0.0007
21,-50,3,100000,18,0.00018,74,0.00074
21,-50,4,100000,44,0.00044,79,0.00079
21,-50,5,100000,24,0.00024,71,0.00071
21,-49,0,100000,19,0.00019,67,0.00067
21,-49,1,100000,54,0.00054,81,0.00081
21,-49,2,100000,33,0.00033,77,0.00077
21,-49,3,100000,48,0.00048,82,0.00082
21,-49,4,100000,29,0.00029,73,0.00073
21,-49,5,100000,24,0.00024,71,0.00071
21,-48,0,100000,35,0.00035,71,0.00071
21,-48,1,100000,43,0.00043,76,0.00076
21,-48,2,100000,41,0.00041,78,0.00078
21,-48,3,100000,35,0.00035,87,0.00087
21,-48,4,100000,30,0.0003,85,0.00085
21,-48,5,100000,50,0.0005,86,0.00086
21,-47,0,100000,33,0.00033,82,0.00082
21,-47,1,100000,33,0.00033,88,0.00088
21,-47,2,100000,23,0.00023,58,0.00058
21,-47,3,100000,24,0.00024,74,0.00074
21,-47,4,100000,32,0.00032,66,0.00066
21,-47,5,100000,30,0.0003,64,0.00064
21,-46,0,100000,36,0.00036,86,0.00086
21,-46,1,100000,29,0.00029,63,0.00063
21,-46,2,100000,27,0.00027,70,0.0007
21,-46,3,100000,35,0.00035,90,0.0009
21,-46,4,100000,40,0.0004,81,0.00081
21,-46,5,100000,43,0.00043,81,0.00081
21,-45,0,100000,46,0.00046,81,0.00081
21,-45,1,100000,17,0.00017,61,0.00061
21,-45,2,100000,35,0.00035,73,0.00073
21,-45,3,100000,38,0.00038,89,0.00089
21,-45,4,100000,34,0.00034,91,0.00091
21,-45,5,100000,40,0.0004,82,0.00082
21,-44,0,100000,37,0.00037,88,0.00088
21,-44,1,100000,34,0.00034,74,0.00074
21,-44,2,100000,22,0.00022,75,0.00075
21,-44,3,100000,31,0.00031,73,0.00073
21,-44,4,100000,38,0.00038,89,0.00089
21,-44,5,100000,34,0.00034,94,0.00094
21,-43,0,100000,47,0.00047,99,0.00099
21,-43,1,100000,33,0.00033,92,0.00092
21,-43,2,100000,32,0.00032,91,0.00091
21,-43,3,100000,35,0.00035,95,0.00095
21,-43,4,100000,68,0.00068,94,0.00094
21,-43,5,100000,35,0.00035,94,0.00094
21,-42,0,100000,81,0.00081,141,0.00141
21,-42,1,100000,40,0.0004,107,0.00107
21,-42,2,100000,48,0.00048,109,0.00109
21,-42,3,100000,39,0.00039,92,0.00092
21,-42,4,100000,55,0.00055,117,0.00117
21,-42,5,100000,52,0.00052,115,0.00115
21,-41,0,100000,67,0.00067,145,0.00145
21,-41,1,100000,69,0.00069,159,0.00159
21,-41,2,100000,47,0.00047,120,0.0012
21,-41,3,100000,49,0.00049,94,0.00094
21,-41,4,100000,62,0.00062,158,0.00158
21,-41,5,100000,70,0.0007,146,0.00146
21,-40,0,100000,86,0.00086,164,0.00164
21,-40,1,100000,71,0.00071,165,0.00165
21,-40,2,100000,72,0.00072,169,0.00169
21,-40,3,100000,58,0.00058,117,0.00117
21,-40,4,100000,81,0.00081,162,0.00162
21,-40,5,100000,93,0.00093,195,0.00195
21,-39,0,100000,104,0.00104,213,0.00213
21,-39,1,100000,87,0.00087,195,0.00195
21,-39,2,100000,88,0.00088,186,0.00186
21,-39,3,100000,90,0.0009,174,0.00174
21,-39,4,100000,109,0.00109,171,0.00171
21,-39,5,100000,93,0.00093,225,0.00225
21,-38,0,100000,113,0.00113,253,0.00253
21,-38,1,100000,127,0.00127,259,0.00259
21,-38,2,100000,92,0.00092,212,0.00212
21,-38,3,100000,73,0.00073,156,0.00156
21,-38,4,100000,80,0.0008,191,0.00191
21,-38,5,100000,119,0.00119,260,0.0026
21,-37,0,100000,141,0.00141,279,0.00279
21,-37,1,100000,144,0.00144,277,0.00277
21,-37,2,100000,106,0.00106,215,0.00215
21,-37,3,100000,92,0.00092,174,0.00174
21,-37,4,100000,131,0.00131,230,0.0023
21,-37,5,100000,123,0.00123,278,0.00278
21,-36,0,100000,167,0.00167,299,0.00299
21,-36,1,100000,143,0.00143,274,0.00274
21,-36,2,100000,118,0.00118,246,0.00246
21,-36,3,100000,100,0.001,184,0.00184
21,-36,4,100000,120,0.0012,246,0.00246
21,-36,5,100000,124,0.00124,272,0.00272
21,-35,0,100000,167,0.00167,336,0.00336
21,-35,1,100000,153,0.00153,331,0.00331
21,-35,2,100000,96,0.00096,214,0.00214
21,-35,3,100000,87,0.00087,196,0.00196
21,-35,4,100000,119,0.00119,232,0.00232
21,-35,5,100000,159,0.00159,316,0.00316
21,-34,0,100000,167,0.00167,322,0.00322
21,-34,1,100000,108,0.00108,275,0.00275
21,-34,2,100000,105,0.00105,216,0.00216
21,-34,3,100000,86,0.00086,202,0.00202
21,-34,4,100000,119,0.00119,233,0.00233
21,-34,5,100000,144,0.00144,287,0.00287
21,-33,0,100000,145,0.00145,301,0.00301
21,-33,1,100000,157,0.00157,307,0.00307
21,-33,2,100000,129,0.00129,213,0.00213
21,-33,3,100000,102,0.00102,205,0.00205
21,-33,4,100000,111,0.00111,218,0.00218
21,-33,5,100000,131,0.00131,247,0.00247
21,-32,0,100000,160,0.0016,332,0.00332
21,-32,1,100000,135,0.00135,276,0.00276
21,-32,2,100000,120,0.0012,230,0.0023
21,-32,3,100000,94,0.00094,188,0.00188
21,-32,4,100000,98,0.00098,236,0.00236
21,-32,5,100000,133,0.00133,275,0.00275
21,-31,0,100000,139,0.00139,317,0.00317
21,-31,1,100000,144,0.00144,306,0.00306
21,-31,2,100000,109,0.00109,233,0.00233
21,-31,3,100000,67,0.00067,159,0.00159
21,-31,4,100000,75,0.00075,202,0.00202
21,-31,5,100000,135,0.00135,263,0.00263
21,-30,0,100000,155,0.00155,317,0.00317
21,-30,1,100000,130,0.0013,301,0.00301
21,-30,2,100000,100,0.001,227,0.00227
21,-30,3,100000,62,0.00062,175,0.00175
21,-30,4,100000,121,0.00121,249,0.00249
21,-30,5,100000,155,0.00155,299,0.00299
21,-29,0,100000,138,0.00138,317,0.00317
21,-29,1,100000,119,0.00119,281,0.00281
21,-29,2,100000,111,0.00111,235,0.00235
21,-29,3,100000,69,0.00069,156,0.00156
21,-29,4,100000,119,0.00119,238,0.00238
21,-29,5,100000,128,0.00128,275,0.00275
21,-28,0,100000,147,0.00147,290,0.0029
21,-28,1,100000,132,0.00132,282,0.00282
21,-28,2,100000,107,0.00107,239,0.00239
21,-28,3,100000,86,0.00086,204,0.00204
21,-28,4,100000,92,0.00092,219,0.00219
21,-28,5,100000,120,0.0012,300,0.003
21,-27,0,100000,175,0.00175,347,0.00347
21,-27,1,100000,127,0.00127,267,0.00267
21,-27,2,100000,110,0.0011,242,0.00242
21,-27,3,100000,90,0.0009,178,0.00178
21,-27,4,100000,81,0.00081,183,0.00183
21,-27,5,100000,125,0.00125,268,0.00268
21,-26,0,100000,177,0.00177,333,0.00333
21,-26,1,100000,144,0.00144,326,0.00326
21,-26,2,100000,127,0.00127,234,0.00234
21,-26,3,100000,106,0.00106,201,0.00201
21,-26,4,100000,127,0.00127,266,0.00266
21,-26,5,100000,174,0.00174,338,0.00338
21,-25,0,100000,180,0.0018,313,0.00313
21,-25,1,100000,161,0.00161,302,0.00302
21,-25,2,100000,104,0.00104,224,0.00224
21,-25,3,100000,97,0.00097,172,0.00172
21,-25,4,100000,108,0.00108,260,0.0026
21,-25,5,100000,157,0.00157,295,0.00295
21,-24,0,100000,136,0.00136,314,0.00314
21,-24,1,100000,152,0.00152,318,0.00318
21,-24,2,100000,98,0.00098,231,0.00231
21,-24,3,100000,97,0.00097,192,0.00192
21,-24,4,100000,119,0.00119,250,0.0025
21,-24,5,100000,170,0.0017,293,0.00293
21,-23,0,100000,134,0.00134,325,0.00325
21,-23,1,100000,129,0.00129,298,0.00298
21,-23,2,100000,127,0.00127,201,0.00201
21,-23,3,100000,58,0.00058,163,0.00163
21,-23,4,100000,119,0.00119,251,0.00251
21,-23,5,100000,113,0.00113,266,0.00266
21,-22,0,100000,158,0.00158,346,0.00346
21,-22,1,100000,150,0.0015,302,0.00302
21,-22,2,100000,90,0.0009,214,0.00214
21,-22,3,100000,116,0.00116,178,0.00178
21,-22,4,100000,144,0.00144,247,0.00247
21,-22,5,100000,156,0.00156,320,0.0032
21,-21,0,100000,143,0.00143,337,0.00337
21,-21,1,100000,122,0.00122,296,0.00296
21,-21,2,100000,89,0.00089,237,0.00237
21,-21,3,100000,97,0.00097,209,0.00209
21,-21,4,100000,132,0.00132,247,0.00247
21,-21,5,100000,174,0.00174,317,0.00317
21,-20,0,100000,166,0.00166,319,0.00319
21,-20,1,100000,155,0.00155,333,0.00333
21,-20,2,100000,120,0.0012,203,0.00203
21,-20,3,100000,95,0.00095,202,0.00202
21,-20,4,100000,129,0.00129,250,0.0025
21,-20,5,100000,144,0.00144,248,0.00248
21,-19,0,100000,157,0.00157,320,0.0032
21,-19,1,100000,157,0.00157,303,0.00303
21,-19,2,100000,100,0.001,195,0.00195
21,-19,3,100000,99,0.00099,186,0.00186
21,-19,4,100000,122,0.00122,219,0.00219
21,-19,5,100000,158,0.00158,302,0.00302
21,-18,0,100000,128,0.00128,299,0.00299
21,-18,1,100000,124,0.00124,279,0.00279
21,-18,2,100000,96,0.00096,208,0.00208
21,-18,3,100000,83,0.00083,154,0.00154
21,-18,4,100000,106,0.00106,222,0.00222
21,-18,5,100000,127,0.00127,295,0.00295
21,-17,0,100000,136,0.00136,308,0.00308
21,-17,1,100000,140,0.0014,265,0.00265
21,-17,2,100000,128,0.00128,244,0.00244
21,-17,3,100000,100,0.001,202,0.00202
21,-17,4,100000,102,0.00102,241,0.00241
21,-17,5,100000,132,0.00132,284,0.00284
21,-16,0,100000,131,0.00131,291,0.00291
21,-16,1,100000,150,0.0015,302,0.00302
21,-16,2,100000,98,0.00098,241,0.00241
21,-16,3,100000,69,0.00069,200,0.002
21,-16,4,100000,134,0.00134,236,0.00236
21,-16,5,100000,142,0.00142,310,0.0031
21,-15,0,100000,136,0.00136,302,0.00302
21,-15,1,100000,137,0.00137,289,0.00289
21,-15,2,100000,122,0.00122,211,0.00211
21,-15,3,100000,108,0.00108,201,0.00201
21,-15,4,100000,120,0.0012,231,0.00231
21,-15,5,100000,152,0.00152,300,0.003
21,-14,0,100000,147,0.00147,316,0.00316
21,-14,1,100000,156,0.00156,329,0.00329
21,-14,2,100000,73,0.00073,206,0.00206
21,-14,3,100000,92,0.00092,169,0.00169
21,-14,4,100000,113,0.00113,226,0.00226
21,-14,5,100000,129,0.00129,305,0.00305
21,-13,0,100000,165,0.00165,321,0.00321
21,-13,1,100000,138,0.00138,270,0.0027
21,-13,2,100000,111,0.00111,199,0.00199
21,-13,3,100000,95,0.00095,166,0.00166
21,-13,4,100000,137,0.00137,247,0.00247
21,-13,5,100000,141,0.00141,273,0.00273
21,-12,0,100000,135,0.00135,304,0.00304
21,-12,1,100000,127,0.00127,256,0.00256
21,-12,2,100000,101,0.00101,206,0.00206
21,-12,3,100000,73,0.00073,169,0.00169
21,-12,4,100000,137,0.00137,230,0.0023
21,-12,5,100000,133,0.00133,266,0.00266
21,-11,0,100000,117,0.00117,283,0.00283
21,-11,1,100000,113,0.00113,272,0.00272
21,-11,2,100000,101,0.00101,189,0.00189
21,-11,3,100000,95,0.00095,177,0.00177
21,-11,4,100000,100,0.001,227,0.00227
21,-11,5,100000,135,0.00135,281,0.00281
21,-10,0,100000,171,0.00171,327,0.00327
21,-10,1,100000,167,0.00167,287,0.00287
21,-10,2,100000,150,0.0015,269,0.00269
21,-10,3,100000,110,0.0011,206,0.00206
21,-10,4,100000,110,0.0011,216,0.00216
21,-10,5,100000,127,0.00127,274,0.00274
21,-9,0,100000,146,0.00146,305,0.00305
21,-9,1,100000,132,0.00132,278,0.00278
21,-9,2,100000,94,0.00094,201,0.00201
21,-9,3,100000,100,0.001,199,0.00199
21,-9,4,100000,121,0.00121,230,0.0023
21,-9,5,100000,159,0.00159,307,0.00307
21,-8,0,100000,131,0.00131,304,0.00304
21,-8,1,100000,133,0.00133,268,0.00268
21,-8,2,100000,100,0.001,238,0.00238
21,-8,3,100000,86,0.00086,194,0.00194
21,-8,4,100000,103,0.00103,217,0.00217
21,-8,5,100000,129,0.00129,290,0.0029
21,-7,0,100000,125,0.00125,284,0.00284
21,-7,1,100000,157,0.00157,297,0.00297
21,-7,2,100000,132,0.00132,260,0.0026
21,-7,3,100000,93,0.00093,177,0.00177
21,-7,4,100000,143,0.00143,272,0.00272
21,-7,5,100000,112,0.00112,281,0.00281
21,-6,0,100000,137,0.00137,304,0.00304
21,-6,1,100000,168,0.00168,285,0.00285
21,-6,2,100000,95,0.00095,221,0.00221
21,-6,3,100000,103,0.00103,202,0.00202
21,-6,4,100000,107,0.00107,215,0.00215
21,-6,5,100000,141,0.00141,303,0.00303
21,-5,0,100000,152,0.00152,340,0.0034
21,-5,1,100000,139,0.00139,292,0.00292
21,-5,2,100000,94,0.00094,226,0.00226
21,-5,3,100000,93,0.00093,159,0.00159
21,-5,4,100000,105,0.00105,230,0.0023
21,-5,5,100000,105,0.00105,281,0.00281
21,-4,0,100000,130,0.0013,304,0.00304
21,-4,1,100000,154,0.00154,304,0.00304
21,-4,2,100000,89,0.00089,215,0.00215
21,-4,3,100000,91,0.00091,185,0.00185
21,-4,4,100000,111,0.00111,242,0.00242
21,-4,5,100000,144,0.00144,293,0.00293
21,-3,0,100000,187,0.00187,334,0.00334
21,-3,1,100000,161,0.00161,291,0.00291
21,-3,2,100000,91,0.00091,227,0.00227
21,-3,3,100000,94,0.00094,189,0.00189
21,-3,4,100000,120,0.0012,248,0.00248
21,-3,5,100000,152,0.00152,265,0.00265
21,-2,0,100000,133,0.00133,324,0.00324
21,-2,1,100000,155,0.00155,314,0.00314
21,-2,2,100000,106,0.00106,223,0.00223
21,-2,3,100000,82,0.00082,191,0.00191
21,-2,4,100000,92,0.00092,212,0.00212
21,-2,5,100000,151,0.00151,288,0.00288
21,-1,0,100000,167,0.00167,318,0.00318
21,-1,1,100000,138,0.00138,303,0.00303
21,-1,2,100000,145,0.00145,242,0.00242
21,-1,3,100000,89,0.00089,187,0.00187
21,-1,4,100000,98,0.00098,215,0.00215
21,-1,5,100000,125,0.00125,266,0.00266
21,0,0,100000,168,0.00168,346,0.00346
21,0,1,100000,143,0.00143,286,0.00286
21,0,2,100000,126,0.00126,245,0.00245
21,0,3,100000,83,0.00083,182,0.00182
21,0,4,100000,82,0.00082,218,0.00218
21,0,5,100000,153,0.00153,303,0.00303
21,1,0,100000,140,0.0014,311,0.00311
21,1,1,100000,153,0.00153,290,0.0029
21,1,2,100000,125,0.00125,235,0.00235
21,1,3,100000,84,0.00084,178,0.00178
21,1,4,100000,100,0.001,234,0.00234
21,1,5,100000,121,0.00121,273,0.00273
21,2,0,100000,142,0.00142,301,0.00301
21,2,1,100000,143,0.00143,283,0.00283
21,2,2,100000,142,0.00142,249,0.00249
21,2,3,100000,82,0.00082,157,0.00157
21,2,4,100000,118,0.00118,259,0.00259
21,2,5,100000,134,0.00134,275,0.00275
21,3,0,100000,152,0.00152,310,0.0031
21,3,1,100000,122,0.00122,288,0.00288
21,3,2,100000,115,0.00115,248,0.00248
21,3,3,100000,68,0.00068,181,0.00181
21,3,4,100000,99,0.00099,228,0.00228
21,3,5,100000,118,0.00118,275,0.00275
21,4,0,100000,141,0.00141,318,0.00318
21,4,1,100000,154,0.00154,296,0.00296
21,4,2,100000,100,0.001,218,0.00218
21,4,3,100000,80,0.0008,208,0.00208
21,4,4,100000,106,0.00106,212,0.00212
21,4,5,100000,133,0.00133,319,0.00319
21,5,0,100000,143,0.00143,293,0.00293
21,5,1,100000,139,0.00139,281,0.00281
21,5,2,100000,108,0.00108,215,0.00215
21,5,3,100000,91,0.00091,200,0.002
21,5,4,100000,114,0.00114,233,0.00233
21,5,5,100000,145,0.00145,318,0.00318
21,6,0,100000,132,0.00132,316,0.00316
21,6,1,100000,125,0.00125,275,0.00275
21,6,2,100000,100,0.001,238,0.00238
21,6,3,100000,82,0.00082,192,0.00192
21,6,4,100000,103,0.00103,242,0.00242
21,6,5,100000,150,0.0015,314,0.00314
21,7,0,100000,144,0.00144,337,0.00337
21,7,1,100000,166,0.00166,310,0.0031
21,7,2,100000,127,0.00127,255,0.00255
21,7,3,100000,99,0.00099,177,0.00177
21,7,4,100000,108,0.00108,243,0.00243
21,7,5,100000,146,0.00146,321,0.00321
21,8,0,100000,143,0.00143,348,0.00348
21,8,1,100000,158,0.00158,300,0.003
21,8,2,100000,117,0.00117,231,0.00231
21,8,3,100000,86,0.00086,196,0.00196
21,8,4,100000,97,0.00097,241,0.00241
21,8,5,100000,171,0.00171,313,0.00313
21,9,0,100000,121,0.00121,304,0.00304
21,9,1,100000,112,0.00112,304,0.00304
21,9,2,100000,114,0.00114,217,0.00217
21,9,3,100000,71,0.00071,175,0.00175
21,9,4,100000,122,0.00122,244,0.00244
21,9,5,100000,131,0.00131,294,0.00294
21,10,0,100000,179,0.00179,347,0.00347
21,10,1,100000,107,0.00107,293,0.00293
21,10,2,100000,83,0.00083,209,0.00209
21,10,3,100000,99,0.00099,212,0.00212
21,10,4,100000,106,0.00106,224,0.00224
21,10,5,100000,150,0.0015,274,0.00274
21,11,0,100000,138,0.00138,317,0.00317
21,11,1,100000,138,0.00138,302,0.00302
21,11,2,100000,104,0.00104,228,0.00228
21,11,3,100000,81,0.00081,169,0.00169
21,11,4,100000,149,0.00149,264,0.00264
21,11,5,100000,156,0.00156,313,0.00313
21,12,0,100000,168,0.00168,356,0.00356
21,12,1,100000,123,0.00123,277,0.00277
21,12,2,100000,135,0.00135,256,0.00256
21,12,3,100000,79,0.00079,190,0.0019
21,12,4,100000,109,0.00109,238,0.00238
21,12,5,100000,134,0.00134,297,0.00297
21,13,0,100000,174,0.00174,309,0.00309
21,13,1,100000,137,0.00137,294,0.00294
21,13,2,100000,125,0.00125,268,0.00268
21,13,3,100000,83,0.00083,195,0.00195
21,13,4,100000,119,0.00119,262,0.00262
21,13,5,100000,145,0.00145,283,0.00283
21,14,0,100000,170,0.0017,336,0.00336
21,14,1,100000,157,0.00157,309,0.00309
21,14,2,100000,117,0.00117,253,0.00253
21,14,3,100000,109,0.00109,197,0.00197
21,14,4,100000,103,0.00103,217,0.00217
21,14,5,100000,126,0.00126,266,0.00266
21,15,0,100000,174,0.00174,333,0.00333
21,15,1,100000,155,0.00155,304,0.00304
21,15,2,100000,114,0.00114,233,0.00233
21,15,3,100000,73,0.00073,177,0.00177
21,15,4,100000,105,0.00105,228,0.00228
21,15,5,100000,127,0.00127,294,0.00294
21,16,0,100000,170,0.0017,306,0.00306
21,16,1,100000,172,0.00172,331,0.00331
21,16,2,100000,103,0.00103,229,0.00229
21,16,3,100000,75,0.00075,194,0.00194
21,16,4,100000,109,0.00109,220,0.0022
21,16,5,100000,138,0.00138,271,0.00271
21,17,0,100000,130,0.0013,296,0.00296
21,17,1,100000,123,0.00123,282,0.00282
21,17,2,100000,114,0.00114,248,0.00248
21,17,3,100000,102,0.00102,205,0.00205
21,17,4,100000,104,0.00104,224,0.00224
21,17,5,100000,124,0.00124,300,0.003
21,18,0,100000,146,0.00146,336,0.00336
21,18,1,100000,159,0.00159,286,0.00286
21,18,2,100000,121,0.00121,228,0.00228
21,18,3,100000,90,0.0009,199,0.00199
21,18,4,100000,119,0.00119,221,0.00221
21,18,5,100000,152,0.00152,326,0.00326
21,19,0,100000,178,0.00178,353,0.00353
21,19,1,100000,160,0.0016,299,0.00299
21,19,2,100000,118,0.00118,228,0.00228
21,19,3,100000,106,0.00106,195,0.00195
21,19,4,100000,119,0.00119,238,0.00238
21,19,5,100000,164,0.00164,304,0.00304
21,20,0,100000,137,0.00137,293,0.00293
21,20,1,100000,138,0.00138,294,0.00294
21,20,2,100000,115,0.00115,223,0.00223
21,20,3,100000,81,0.00081,195,0.00195
21,20,4,100000,129,0.00129,250,0.0025
21,20,5,100000,129,0.00129,284,0.00284
21,21,0,100000,133,0.00133,328,0.00328
21,21,1,100000,136,0.00136,287,0.00287
21,21,2,100000,122,0.00122,226,0.00226
21,21,3,100000,83,0.00083,156,0.00156
21,21,4,100000,100,0.001,238,0.00238
21,21,5,100000,116,0.00116,281,0.00281
21,22,0,100000,165,0.00165,315,0.00315
21,22,1,100000,166,0.00166,318,0.00318
21,22,2,100000,104,0.00104,253,0.00253
21,22,3,100000,84,0.00084,183,0.00183
21,22,4,100000,105,0.00105,238,0.00238
21,22,5,100000,146,0.00146,274,0.00274
21,23,0,100000,141,0.00141,338,0.00338
21,23,1,100000,161,0.00161,320,0.0032
21,23,2,100000,123,0.00123,217,0.00217
21,23,3,100000,105,0.00105,196,0.00196
21,23,4,100000,93,0.00093,218,0.00218
21,23,5,100000,124,0.00124,266,0.00266
21,24,0,100000,170,0.0017,360,0.0036
21,24,1,100000,158,0.00158,255,0.00255
21,24,2,100000,112,0.00112,252,0.00252
21,24,3,100000,96,0.00096,192,0.00192
21,24,4,100000,100,0.001,215,0.00215
21,24,5,100000,128,0.00128,272,0.00272
21,25,0,100000,129,0.00129,316,0.00316
21,25,1,100000,143,0.00143,279,0.00279
21,25,2,100000,86,0.00086,212,0.00212
21,25,3,100000,111,0.00111,204,0.00204
21,25,4,100000,103,0.00103,216,0.00216
21,25,5,100000,177,0.00177,267,0.00267
21,26,0,100000,148,0.00148,313,0.00313
21,26,1,100000,173,0.00173,300,0.003
21,26,2,100000,122,0.00122,231,0.00231
21,26,3,100000,106,0.00106,180,0.0018
21,26,4,100000,84,0.00084,213,0.00213
21,26,5,100000,145,0.00145,296,0.00296
21,27,0,100000,147,0.00147,296,0.00296
21,27,1,100000,147,0.00147,283,0.00283
21,27,2,100000,110,0.0011,226,0.00226
21,27,3,100000,81,0.00081,194,0.00194
21,27,4,100000,126,0.00126,210,0.0021
21,27,5,100000,122,0.00122,290,0.0029
21,28,0,100000,144,0.00144,316,0.00316
21,28,1,100000,138,0.00138,275,0.00275
21,28,2,100000,107,0.00107,215,0.00215
21,28,3,100000,114,0.00114,202,0.00202
21,28,4,100000,90,0.0009,212,0.00212
21,28,5,100000,162,0.00162,295,0.00295
21,29,0,100000,153,0.00153,340,0.0034
21,29,1,100000,139,0.00139,275,0.00275
21,29,2,100000,121,0.00121,232,0.00232
21,29,3,100000,114,0.00114,205,0.00205
21,29,4,100000,102,0.00102,204,0.00204
21,29,5,100000,150,0.0015,286,0.00286
21,30,0,100000,156,0.00156,299,0.00299
21,30,1,100000,141,0.00141,295,0.00295
21,30,2,100000,104,0.00104,229,0.00229
21,30,3,100000,79,0.00079,188,0.00188
21,30,4,100000,96,0.00096,233,0.00233
21,30,5,100000,129,0.00129,285,0.00285
21,31,0,100000,175,0.00175,334,0.00334
21,31,1,100000,145,0.00145,290,0.0029
21,31,2,100000,129,0.00129,245,0.00245
21,31,3,100000,79,0.00079,184,0.00184
21,31,4,100000,118,0.00118,239,0.00239
21,31,5,100000,130,0.0013,284,0.00284
21,32,0,100000,139,0.00139,306,0.00306
21,32,1,100000,148,0.00148,296,0.00296
21,32,2,100000,81,0.00081,208,0.00208
21,32,3,100000,94,0.00094,191,0.00191
21,32,4,100000,121,0.00121,240,0.0024
21,32,5,100000,170,0.0017,322,0.00322
21,33,0,100000,143,0.00143,314,0.00314
21,33,1,100000,128,0.00128,270,0.0027
21,33,2,100000,106,0.00106,225,0.00225
21,33,3,100000,70,0.0007,163,0.00163
21,33,4,100000,107,0.00107,210,0.0021
21,33,5,100000,128,0.00128,277,0.00277
21,34,0,100000,157,0.00157,324,0.00324
21,34,1,100000,160,0.0016,302,0.00302
21,34,2,100000,121,0.00121,232,0.00232
21,34,3,100000,85,0.00085,156,0.00156
21,34,4,100000,115,0.00115,243,0.00243
21,34,5,100000,126,0.00126,276,0.00276
21,35,0,100000,133,0.00133,302,0.00302
21,35,1,100000,112,0.00112,301,0.00301
21,35,2,100000,107,0.00107,231,0.00231
21,35,3,100000,87,0.00087,169,0.00169
21,35,4,100000,121,0.00121,243,0.00243
21,35,5,100000,131,0.00131,287,0.00287
21,36,0,100000,175,0.00175,326,0.00326
21,36,1,100000,154,0.00154,300,0.003
21,36,2,100000,101,0.00101,222,0.00222
21,36,3,100000,72,0.00072,173,0.00173
21,36,4,100000,129,0.00129,231,0.00231
21,36,5,100000,156,0.00156,316,0.00316
21,37,0,100000,143,0.00143,297,0.00297
21,37,1,100000,121,0.00121,266,0.00266
21,37,2,100000,128,0.00128,212,0.00212
21,37,3,100000,88,0.00088,196,0.00196
21,37,4,100000,82,0.00082,215,0.00215
21,37,5,100000,133,0.00133,253,0.00253
21,38,0,100000,109,0.00109,255,0.00255
21,38,1,100000,91,0.00091,244,0.00244
21,38,2,100000,96,0.00096,208,0.00208
21,38,3,100000,92,0.00092,172,0.00172
21,38,4,100000,104,0.00104,207,0.00207
21,38,5,100000,113,0.00113,236,0.00236
21,39,0,100000,134,0.00134,243,0.00243
21,39,1,100000,120,0.0012,226,0.00226
21,39,2,100000,95,0.00095,191,0.00191
21,39,3,100000,51,0.00051,135,0.00135
21,39,4,100000,94,0.00094,182,0.00182
21,39,5,100000,95,0.00095,206,0.00206
21,40,0,100000,89,0.00089,185,0.00185
21,40,1,100000,86,0.00086,163,0.00163
21,40,2,100000,65,0.00065,138,0.00138
21,40,3,100000,64,0.00064,128,0.00128
21,40,4,100000,54,0.00054,154,0.00154
21,40,5,100000,84,0.00084,167,0.00167
21,41,0,100000,59,0.00059,144,0.00144
21,41,1,100000,58,0.00058,162,0.00162
21,41,2,100000,82,0.00082,162,0.00162
21,41,3,100000,53,0.00053,131,0.00131
21,41,4,100000,57,0.00057,127,0.00127
21,41,5,100000,66,0.00066,138,0.00138
21,42,0,100000,62,0.00062,136,0.00136
21,42,1,100000,47,0.00047,130,0.0013
21,42,2,100000,51,0.00051,125,0.00125
21,42,3,100000,69,0.00069,134,0.00134
21,42,4,100000,30,0.0003,90,0.0009
21,42,5,100000,48,0.00048,89,0.00089
21,43,0,100000,61,0.00061,119,0.00119
21,43,1,100000,57,0.00057,85,0.00085
21,43,2,100000,43,0.00043,99,0.00099
21,43,3,100000,39,0.00039,86,0.00086
21,43,4,100000,40,0.0004,80,0.0008
21,43,5,100000,34,0.00034,99,0.00099
21,44,0,100000,49,0.00049,85,0.00085
21,44,1,100000,26,0.00026,85,0.00085
21,44,2,100000,40,0.0004,89,0.00089
21,44,3,100000,41,0.00041,88,0.00088
21,44,4,100000,30,0.0003,81,0.00081
21,44,5,100000,32,0.00032,73,0.00073
21,45,0,100000,37,0.00037,85,0.00085
21,45,1,100000,23,0.00023,85,0.00085
21,45,2,100000,47,0.00047,87,0.00087
21,45,3,100000,36,0.00036,79,0.00079
21,45,4,100000,23,0.00023,70,0.0007
21,45,5,100000,34,0.00034,68,0.00068
21,46,0,100000,29,0.00029,78,0.00078
21,46,1,100000,27,0.00027,75,0.00075
21,46,2,100000,39,0.00039,76,0.00076
21,46,3,100000,30,0.0003,76,0.00076
21,46,4,100000,17,0.00017,65,0.00065
21,46,5,100000,20,0.0002,74,0.00074
21,47,0,100000,31,0.00031,80,0.0008
21,47,1,100000,32,0.00032,90,0.0009
21,47,2,100000,18,0.00018,75,0.00075
21,47,3,100000,21,0.00021,74,0.00074
21,47,4,100000,22,0.00022,77,0.00077
21,47,5,100000,21,0.00021,59,0.00059
21,48,0,100000,42,0.00042,86,0.00086
21,48,1,100000,31,0.00031,61,0.00061
21,48,2,100000,23,0.00023,74,0.00074
21,48,3,100000,32,0.00032,70,0.0007
21,48,4,100000,21,0.00021,65,0.00065
21,48,5,100000,25,0.00025,71,0.00071
21,49,0,100000,22,0.00022,62,0.00062
21,49,1,100000,29,0.00029,66,0.00066
21,49,2,100000,28,0.00028,74,0.00074
21,49,3,100000,20,0.0002,87,0.00087
21,49,4,100000,52,0.00052,82,0.00082
21,49,5,100000,25,0.00025,84,0.00084
21,50,0,100000,34,0.00034,80,0.0008
21,50,1,100000,35,0.00035,70,0.0007
21,50,2,100000,27,0.00027,63,0.00063
21,50,3,100000,27,0.00027,80,0.0008
21,50,4,100000,40,0.0004,73,0.00073
21,50,5,100000,32,0.00032,69,0.00069
22,-50,0,100000,54,0.00054,79,0.00079
22,-50,1,100000,32,0.00032,77,0.00077
22,-50,2,100000,39,0.00039,80,0.0008
22,-50,3,100000,26,0.00026,77,0.00077
22,-50,4,100000,23,0.00023,75,0.00075
22,-50,5,100000,21,0.00021,66,0.00066
22,-49,0,100000,35,0.00035,64,0.00064
22,-49,1,100000,22,0.00022,90,0.0009
22,-49,2,100000,35,0.00035,66,0.00066
22,-49,3,100000,30,0.0003,58,0.00058
22,-49,4,100000,37,0.00037,76,0.00076
22,-49,5,100000,15,0.00015,58,0.00058
22,-48,0,100000,41,0.00041,65,0.00065
22,-48,1,100000,42,0.00042,78,0.00078
22,-48,2,100000,32,0.00032,79,0.00079
22,-48,3,100000,20,0.0002,77,0.00077
22,-48,4,100000,33,0.00033,79,0.00079
22,-48,5,100000,38,0.00038,82,0.00082
22,-47,0,100000,32,0.00032,87,0.00087
22,-47,1,100000,39,0.00039,74,0.00074
22,-47,2,100000,28,0.00028,78,0.00078
22,-47,3,100000,26,0.00026,69,0.00069
22,-47,4,100000,23,0.00023,69,0.00069
22,-47,5,100000,34,0.00034,70,0.0007
22,-46,0,100000,31,0.00031,71,0.00071
22,-46,1,100000,20,0.0002,65,0.00065
22,-46,2,100000,40,0.0004,86,0.00086
22,-46,3,100000,25,0.00025,75,0.00075
22,-46,4,100000,20,0.0002,76,0.00076
22,-46,5,100000,36,0.00036,79,0.00079
22,-45,0,100000,34,0.00034,85,0.00085
22,-45,1,100000,41,0.00041,83,0.00083
22,-45,2,100000,30,0.0003,70,0.0007
22,-45,3,100000,19,0.00019,74,0.00074
22,-45,4,100000,56,0.00056,72,0.00072
22,-45,5,100000,41,0.00041,94,0.00094
22,-44,0,100000,49,0.00049,97,0.00097
22,-44,1,100000,50,0.0005,81,0.00081
22,-44,2,100000,54,0.00054,76,0.00076
22,-44,3,100000,26,0.00026,91,0.00091
22,-44,4,100000,34,0.00034,81,0.00081
22,-44,5,100000,48,0.00048,84,0.00084
22,-43,0,100000,56,0.00056,84,0.00084
22,-43,1,100000,41,0.00041,97,0.00097
22,-43,2,100000,44,0.00044,96,0.00096
22,-43,3,100000,49,0.00049,97,0.00097
22,-43,4,100000,47,0.00047,101,0.00101
22,-43,5,100000,39,0.00039,91,0.00091
22,-42,0,100000,43,0.00043,112,0.00112
22,-42,1,100000,53,0.00053,106,0.00106
22,-42,2,100000,49,0.00049,104,0.00104
22,-42,3,100000,53,0.00053,88,0.00088
22,-42,4,100000,50,0.0005,111,0.00111
22,-42,5,100000,35,0.00035,113,0.00113
22,-41,0,100000,84,0.00084,149,0.00149
22,-41,1,100000,66,0.00066,141,0.00141
22,-41,2,100000,54,0.00054,115,0.00115
22,-41,3,100000,70,0.0007,126,0.00126
22,-41,4,100000,61,0.00061,128,0.00128
22,-41,5,100000,57,0.00057,164,0.00164
22,-40,0,100000,72,0.00072,156,0.00156
22,-40,1,100000,80,0.0008,159,0.00159
22,-40,2,100000,45,0.00045,114,0.00114
22,-40,3,100000,69,0.00069,113,0.00113
22,-40,4,100000,80,0.0008,150,0.0015
22,-40,5,100000,74,0.00074,149,0.00149
22,-39,0,100000,106,0.00106,188,0.00188
22,-39,1,100000,95,0.00095,174,0.00174
22,-39,2,100000,70,0.0007,149,0.00149
22,-39,3,100000,54,0.00054,142,0.00142
22,-39,4,100000,77,0.00077,163,0.00163
22,-39,5,100000,68,0.00068,179,0.00179
22,-38,0,100000,102,0.00102,216,0.00216
22,-38,1,100000,87,0.00087,196,0.00196
22,-38,2,100000,83,0.00083,196,0.00196
22,-38,3,100000,61,0.00061,126,0.00126
22,-38,4,100000,82,0.00082,178,0.00178
22,-38,5,100000,127,0.00127,237,0.00237
22,-37,0,100000,119,0.00119,228,0.00228
22,-37,1,100000,128,0.00128,235,0.00235
22,-37,2,100000,103,0.00103,198,0.00198
22,-37,3,100000,50,0.0005,136,0.00136
22,-37,4,100000,81,0.00081,179,0.00179
22,-37,5,100000,110,0.0011,219,0.00219
22,-36,0,100000,129,0.00129,254,0.00254
22,-36,1,100000,110,0.0011,209,0.00209
22,-36,2,100000,79,0.00079,156,0.00156
22,-36,3,100000,73,0.00073,146,0.00146
22,-36,4,100000,88,0.00088,166,0.00166
22,-36,5,100000,119,0.00119,236,0.00236
22,-35,0,100000,113,0.00113,241,0.00241
22,-35,1,100000,124,0.00124,241,0.00241
22,-35,2,100000,87,0.00087,206,0.00206
22,-35,3,100000,96,0.00096,160,0.0016
22,-35,4,100000,99,0.00099,196,0.00196
22,-35,5,100000,125,0.00125,279,0.00279
22,-34,0,100000,118,0.00118,264,0.00264
22,-34,1,100000,129,0.00129,256,0.00256
22,-34,2,100000,78,0.00078,170,0.0017
22,-34,3,100000,72,0.00072,146,0.00146
22,-34,4,100000,88,0.00088,197,0.00197
22,-34,5,100000,101,0.00101,229,0.00229
22,-33,0,100000,132,0.00132,262,0.00262
22,-33,1,100000,110,0.0011,256,0.00256
22,-33,2,100000,74,0.00074,164,0.00164
22,-33,3,100000,77,0.00077,170,0.0017
22,-33,4,100000,89,0.00089,194,0.00194
22,-33,5,100000,124,0.00124,237,0.00237
22,-32,0,100000,105,0.00105,257,0.00257
22,-32,1,100000,86,0.00086,206,0.00206
22,-32,2,100000,80,0.0008,212,0.00212
22,-32,3,100000,72,0.00072,143,0.00143
22,-32,4,100000,121,0.00121,187,0.00187
22,-32,5,100000,100,0.001,227,0.00227
22,-31,0,100000,115,0.00115,243,0.00243
22,-31,1,100000,106,0.00106,256,0.00256
22,-31,2,100000,89,0.00089,183,0.00183
22,-31,3,100000,79,0.00079,153,0.00153
22,-31,4,100000,112,0.00112,221,0.00221
22,-31,5,100000,114,0.00114,230,0.0023
22,-30,0,100000,111,0.00111,256,0.00256
22,-30,1,100000,107,0.00107,215,0.00215
22,-30,2,100000,93,0.00093,200,0.002
22,-30,3,100000,91,0.00091,160,0.0016
22,-30,4,100000,91,0.00091,191,0.00191
22,-30,5,100000,112,0.00112,230,0.0023
22,-29,0,100000,101,0.00101,229,0.00229
22,-29,1,100000,136,0.00136,275,0.00275
22,-29,2,100000,89,0.00089,185,0.00185
22,-29,3,100000,80,0.0008,172,0.00172
22,-29,4,100000,102,0.00102,206,0.00206
22,-29,5,100000,127,0.00127,245,0.00245
22,-28,0,100000,130,0.0013,265,0.00265
22,-28,1,100000,102,0.00102,257,0.00257
22,-28,2,100000,95,0.00095,182,0.00182
22,-28,3,100000,52,0.00052,147,0.00147
22,-28,4,100000,109,0.00109,213,0.00213
22,-28,5,100000,137,0.00137,224,0.00224
22,-27,0,100000,126,0.00126,286,0.00286
22,-27,1,100000,105,0.00105,253,0.00253
22,-27,2,100000,104,0.00104,203,0.00203
22,-27,3,100000,79,0.00079,172,0.00172
22,-27,4,100000,97,0.00097,205,0.00205
22,-27,5,100000,134,0.00134,274,0.00274
22,-26,0,100000,148,0.00148,284,0.00284
22,-26,1,100000,105,0.00105,228,0.00228
22,-26,2,100000,89,0.00089,189,0.00189
22,-26,3,100000,76,0.00076,163,0.00163
22,-26,4,100000,81,0.00081,192,0.00192
22,-26,5,100000,97,0.00097,241,0.00241
22,-25,0,100000,120,0.0012,260,0.0026
22,-25,1,100000,127,0.00127,263,0.00263
22,-25,2,100000,104,0.00104,217,0.00217
22,-25,3,100000,89,0.00089,189,0.00189
22,-25,4,100000,101,0.00101,197,0.00197
22,-25,5,100000,111,0.00111,256,0.00256
22,-24,0,100000,130,0.0013,270,0.0027
22,-24,1,100000,102,0.00102,221,0.00221
22,-24,2,100000,146,0.00146,221,0.00221
22,-24,3,100000,54,0.00054,160,0.0016
22,-24,4,100000,76,0.00076,171,0.00171
22,-24,5,100000,120,0.0012,256,0.00256
22,-23,0,100000,115,0.00115,240,0.0024
22,-23,1,100000,114,0.00114,256,0.00256
22,-23,2,100000,93,0.00093,184,0.00184
22,-23,3,100000,75,0.00075,171,0.00171
22,-23,4,100000,94,0.00094,204,0.00204
22,-23,5,100000,116,0.00116,242,0.00242
22,-22,0,100000,137,0.00137,246,0.00246
22,-22,1,100000,111,0.00111,250,0.0025
22,-22,2,100000,89,0.00089,177,0.00177
22,-22,3,100000,73,0.00073,150,0.0015
22,-22,4,100000,87,0.00087,202,0.00202
22,-22,5,100000,109,0.00109,264,0.00264
22,-21,0,100000,134,0.00134,273,0.00273
22,-21,1,100000,107,0.00107,231,0.00231
22,-21,2,100000,97,0.00097,205,0.00205
22,-21,3,100000,100,0.001,176,0.00176
22,-21,4,100000,89,0.00089,191,0.00191
22,-21,5,100000,101,0.00101,230,0.0023
22,-20,0,100000,126,0.00126,275,0.00275
22,-20,1,100000,134,0.00134,251,0.00251
22,-20,2,100000,78,0.00078,180,0.0018
22,-20,3,100000,99,0.00099,153,0.00153
22,-20,4,100000,85,0.00085,165,0.00165
22,-20,5,100000,105,0.00105,234,0.00234
22,-19,0,100000,121,0.00121,272,0.00272
22,-19,1,100000,99,0.00099,243,0.00243
22,-19,2,100000,81,0.00081,176,0.00176
22,-19,3,100000,81,0.00081,151,0.00151
22,-19,4,100000,98,0.00098,204,0.00204
22,-19,5,100000,132,0.00132,266,0.00266
22,-18,0,100000,148,0.00148,238,0.00238
22,-18,1,100000,116,0.00116,253,0.00253
22,-18,2,100000,72,0.00072,196,0.00196
22,-18,3,100000,91,0.00091,152,0.00152
22,-18,4,100000,99,0.00099,206,0.00206
22,-18,5,100000,113,0.00113,256,0.00256
22,-17,0,100000,132,0.00132,285,0.00285
22,-17,1,100000,107,0.00107,236,0.00236
22,-17,2,100000,77,0.00077,192,0.00192
22,-17,3,100000,79,0.00079,172,0.00172
22,-17,4,100000,100,0.001,219,0.00219
22,-17,5,100000,134,0.00134,235,0.00235
22,-16,0,100000,138,0.00138,250,0.0025
22,-16,1,100000,106,0.00106,233,0.00233
22,-16,2,100000,99,0.00099,179,0.00179
22,-16,3,100000,86,0.00086,167,0.00167
22,-16,4,100000,67,0.00067,175,0.00175
22,-16,5,100000,106,0.00106,244,0.00244
22,-15,0,100000,126,0.00126,269,0.00269
22,-15,1,100000,138,0.00138,258,0.00258
22,-15,2,100000,81,0.00081,197,0.00197
22,-15,3,100000,103,0.00103,163,0.00163
22,-15,4,100000,111,0.00111,194,0.00194
22,-15,5,100000,120,0.0012,226,0.00226
22,-14,0,100000,117,0.00117,270,0.0027
22,-14,1,100000,112,0.00112,209,0.00209
22,-14,2,100000,96,0.00096,193,0.00193
22,-14,3,100000,90,0.0009,171,0.00171
22,-14,4,100000,77,0.00077,194,0.00194
22,-14,5,100000,106,0.00106,211,0.00211
22,-13,0,100000,109,0.00109,268,0.00268
22,-13,1,100000,112,0.00112,238,0.00238
22,-13,2,100000,129,0.00129,213,0.00213
22,-13,3,100000,92,0.00092,179,0.00179
22,-13,4,100000,93,0.00093,196,0.00196
22,-13,5,100000,101,0.00101,236,0.00236
22,-12,0,100000,128,0.00128,274,0.00274
22,-12,1,100000,93,0.00093,240,0.0024
22,-12,2,100000,108,0.00108,212,0.00212
22,-12,3,100000,67,0.00067,163,0.00163
22,-12,4,100000,80,0.0008,199,0.00199
22,-12,5,100000,118,0.00118,244,0.00244
22,-11,0,100000,99,0.00099,248,0.00248
22,-11,1,100000,106,0.00106,231,0.00231
22,-11,2,100000,103,0.00103,179,0.00179
22,-11,3,100000,86,0.00086,172,0.00172
22,-11,4,100000,86,0.00086,192,0.00192
22,-11,5,100000,126,0.00126,252,0.00252
22,-10,0,100000,136,0.00136,281,0.00281
22,-10,1,100000,98,0.00098,240,0.0024
22,-10,2,100000,90,0.0009,195,0.00195
22,-10,3,100000,68,0.00068,137,0.00137
22,-10,4,100000,82,0.00082,190,0.0019
22,-10,5,100000,97,0.00097,232,0.00232
22,-9,0,100000,131,0.00131,269,0.00269
22,-9,1,100000,89,0.00089,239,0.00239
22,-9,2,100000,96,0.00096,193,0.00193
22,-9,3,100000,84,0.00084,155,0.00155
22,-9,4,100000,97,0.00097,171,0.00171
22,-9,5,100000,135,0.00135,262,0.00262
22,-8,0,100000,134,0.00134,269,0.00269
22,-8,1,100000,118,0.00118,252,0.00252
22,-8,2,100000,79,0.00079,179,0.00179
22,-8,3,100000,94,0.00094,193,0.00193
22,-8,4,100000,84,0.00084,206,0.00206
22,-8,5,100000,123,0.00123,240,0.0024
22,-7,0,100000,133,0.00133,261,0.00261
22,-7,1,100000,120,0.0012,244,0.00244
22,-7,2,100000,109,0.00109,216,0.00216
22,-7,3,100000,51,0.00051,135,0.00135
22,-7,4,100000,79,0.00079,180,0.0018
22,-7,5,100000,124,0.00124,267,0.00267
22,-6,0,100000,148,0.00148,293,0.00293
22,-6,1,100000,99,0.00099,236,0.00236
22,-6,2,100000,124,0.00124,207,0.00207
22,-6,3,100000,67,0.00067,162,0.00162
22,-6,4,100000,90,0.0009,204,0.00204
22,-6,5,100000,126,0.00126,262,0.00262
22,-5,0,100000,118,0.00118,270,0.0027
22,-5,1,100000,132,0.00132,257,0.00257
22,-5,2,100000,91,0.00091,192,0.00192
22,-5,3,100000,64,0.00064,159,0.00159
22,-5,4,100000,115,0.00115,201,0.00201
22,-5,5,100000,104,0.00104,231,0.00231
22,-4,0,100000,118,0.00118,269,0.00269
22,-4,1,100000,128,0.00128,265,0.00265
22,-4,2,100000,84,0.00084,201,0.00201
22,-4,3,100000,86,0.00086,179,0.00179
22,-4,4,100000,100,0.001,187,0.00187
22,-4,5,100000,107,0.00107,221,0.00221
22,-3,0,100000,124,0.00124,238,0.00238
22,-3,1,100000,107,0.00107,251,0.00251
22,-3,2,100000,83,0.00083,190,0.0019
22,-3,3,100000,64,0.00064,158,0.00158
22,-3,4,100000,85,0.00085,200,0.002
22,-3,5,100000,116,0.00116,239,0.00239
22,-2,0,100000,106,0.00106,242,0.00242
22,-2,1,100000,116,0.00116,230,0.0023
22,-2,2,100000,94,0.00094,190,0.0019
22,-2,3,100000,67,0.00067,150,0.0015
22,-2,4,100000,99,0.00099,196,0.00196
22,-2,5,100000,127,0.00127,252,0.00252
22,-1,0,100000,118,0.00118,251,0.00251
22,-1,1,100000,111,0.00111,235,0.00235
22,-1,2,100000,84,0.00084,166,0.00166
22,-1,3,100000,66,0.00066,148,0.00148
22,-1,4,100000,88,0.00088,187,0.00187
22,-1,5,100000,117,0.00117,239,0.00239
22,0,0,100000,120,0.0012,255,0.00255
22,0,1,100000,95,0.00095,228,0.00228
22,0,2,100000,92,0.00092,195,0.00195
22,0,3,100000,68,0.00068,159,0.00159
22,0,4,100000,84,0.00084,208,0.00208
22,0,5,100000,101,0.00101,228,0.00228
22,1,0,100000,133,0.00133,239,0.00239
22,1,1,100000,126,0.00126,260,0.0026
22,1,2,100000,97,0.00097,175,0.00175
22,1,3,100000,53,0.00053,141,0.00141
22,1,4,100000,96,0.00096,208,0.00208
22,1,5,100000,111,0.00111,250,0.0025
22,2,0,100000,156,0.00156,266,0.00266
22,2,1,100000,132,0.00132,247,0.00247
22,2,2,100000,92,0.00092,201,0.00201
22,2,3,100000,73,0.00073,157,0.00157
22,2,4,100000,107,0.00107,209,0.00209
22,2,5,100000,118,0.00118,235,0.00235
22,3,0,100000,103,0.00103,246,0.00246
22,3,1,100000,111,0.00111,238,0.00238
22,3,2,100000,103,0.00103,207,0.00207
22,3,3,100000,92,0.00092,149,0.00149
22,3,4,100000,92,0.00092,168,0.00168
22,3,5,100000,90,0.0009,227,0.00227
22,4,0,100000,154,0.00154,296,0.00296
22,4,1,100000,131,0.00131,244,0.00244
22,4,2,100000,86,0.00086,200,0.002
22,4,3,100000,87,0.00087,158,0.00158
22,4,4,100000,102,0.00102,195,0.00195
22,4,5,100000,125,0.00125,264,0.00264
22,5,0,100000,133,0.00133,287,0.00287
22,5,1,100000,139,0.00139,209,0.00209
22,5,2,100000,73,0.00073,201,0.00201
22,5,3,100000,102,0.00102,173,0.00173
22,5,4,100000,78,0.00078,214,0.00214
22,5,5,100000,111,0.00111,239,0.00239
22,6,0,100000,134,0.00134,252,0.00252
22,6,1,100000,123,0.00123,220,0.0022
22,6,2,100000,88,0.00088,174,0.00174
22,6,3,100000,76,0.00076,148,0.00148
22,6,4,100000,86,0.00086,195,0.00195
22,6,5,100000,108,0.00108,215,0.00215
22,7,0,100000,122,0.00122,269,0.00269
22,7,1,100000,109,0.00109,248,0.00248
22,7,2,100000,98,0.00098,200,0.002
22,7,3,100000,92,0.00092,151,0.00151
22,7,4,100000,98,0.00098,212,0.00212
22,7,5,100000,138,0.00138,276,0.00276
22,8,0,100000,119,0.00119,262,0.00262
22,8,1,100000,138,0.00138,302,0.00302
22,8,2,100000,87,0.00087,201,0.00201
22,8,3,100000,72,0.00072,139,0.00139
22,8,4,100000,91,0.00091,188,0.00188
22,8,5,100000,104,0.00104,243,0.00243
22,9,0,100000,120,0.0012,241,0.00241
22,9,1,100000,132,0.00132,252,0.00252
22,9,2,100000,108,0.00108,197,0.00197
22,9,3,100000,83,0.00083,174,0.00174
22,9,4,100000,70,0.0007,177,0.00177
22,9,5,100000,130,0.0013,248,0.00248
22,10,0,100000,141,0.00141,256,0.00256
22,10,1,100000,117,0.00117,237,0.00237
22,10,2,100000,92,0.00092,194,0.00194
22,10,3,100000,52,0.00052,133,0.00133
22,10,4,100000,78,0.00078,194,0.00194
22,10,5,100000,99,0.00099,239,0.00239
22,11,0,100000,113,0.00113,269,0.00269
22,11,1,100000,100,0.001,251,0.00251
22,11,2,100000,88,0.00088,179,0.00179
22,11,3,100000,59,0.00059,145,0.00145
22,11,4,100000,91,0.00091,200,0.002
22,11,5,100000,112,0.00112,224,0.00224
22,12,0,100000,115,0.00115,264,0.00264
22,12,1,100000,107,0.00107,247,0.00247
22,12,2,100000,83,0.00083,191,0.00191
22,12,3,100000,64,0.00064,156,0.00156
22,12,4,100000,109,0.00109,190,0.0019
22,12,5,100000,107,0.00107,216,0.00216
22,13,0,100000,133,0.00133,296,0.00296
22,13,1,100000,137,0.00137,251,0.00251
22,13,2,100000,66,0.00066,190,0.0019
22,13,3,100000,114,0.00114,170,0.0017
22,13,4,100000,108,0.00108,210,0.0021
22,13,5,100000,133,0.00133,263,0.00263
22,14,0,100000,122,0.00122,257,0.00257
22,14,1,100000,99,0.00099,225,0.00225
22,14,2,100000,88,0.00088,179,0.00179
22,14,3,100000,90,0.0009,161,0.00161
22,14,4,100000,69,0.00069,196,0.00196
22,14,5,100000,124,0.00124,224,0.00224
22,15,0,100000,128,0.00128,262,0.00262
22,15,1,100000,120,0.0012,231,0.00231
22,15,2,100000,89,0.00089,164,0.00164
22,15,3,100000,61,0.00061,166,0.00166
22,15,4,100000,101,0.00101,192,0.00192
22,15,5,100000,147,0.00147,256,0.00256
22,16,0,100000,107,0.00107,250,0.0025
22,16,1,100000,134,0.00134,258,0.00258
22,16,2,100000,84,0.00084,187,0.00187
22,16,3,100000,84,0.00084,187,0.00187
22,16,4,100000,95,0.00095,186,0.00186
22,16,5,100000,123,0.00123,245,0.00245
22,17,0,100000,155,0.00155,275,0.00275
22,17,1,100000,172,0.00172,247,0.00247
22,17,2,100000,85,0.00085,195,0.00195
22,17,3,100000,59,0.00059,152,0.00152
22,17,4,100000,87,0.00087,182,0.00182
22,17,5,100000,129,0.00129,280,0.0028
22,18,0,100000,110,0.0011,268,0.00268
22,18,1,100000,108,0.00108,247,0.00247
22,18,2,100000,94,0.00094,211,0.00211
22,18,3,100000,64,0.00064,161,0.00161
22,18,4,100000,112,0.00112,188,0.00188
22,18,5,100000,100,0.001,237,0.00237
22,19,0,100000,109,0.00109,266,0.00266
22,19,1,100000,114,0.00114,229,0.00229
22,19,2,100000,92,0.00092,186,0.00186
22,19,3,100000,67,0.00067,165,0.00165
22,19,4,100000,114,0.00114,226,0.00226
22,19,5,100000,118,0.00118,230,0.0023
22,20,0,100000,113,0.00113,247,0.00247
22,20,1,100000,120,0.0012,245,0.00245
22,20,2,100000,94,0.00094,199,0.00199
22,20,3,100000,72,0.00072,148,0.00148
22,20,4,100000,96,0.00096,213,0.00213
22,20,5,100000,121,0.00121,269,0.00269
22,21,0,100000,117,0.00117,256,0.00256
22,21,1,100000,136,0.00136,247,0.00247
22,21,2,100000,101,0.00101,190,0.0019
22,21,3,100000,66,0.00066,156,0.00156
22,21,4,100000,77,0.00077,168,0.00168
22,21,5,100000,103,0.00103,218,0.00218
22,22,0,100000,126,0.00126,264,0.00264
22,22,1,100000,106,0.00106,239,0.00239
22,22,2,100000,101,0.00101,204,0.00204
22,22,3,100000,70,0.0007,157,0.00157
22,22,4,100000,117,0.00117,201,0.00201
22,22,5,100000,131,0.00131,248,0.00248
22,23,0,100000,166,0.00166,296,0.00296
22,23,1,100000,103,0.00103,251,0.00251
22,23,2,100000,122,0.00122,197,0.00197
22,23,3,100000,78,0.00078,144,0.00144
22,23,4,100000,106,0.00106,203,0.00203
22,23,5,100000,125,0.00125,231,0.00231
22,24,0,100000,102,0.00102,239,0.00239
22,24,1,100000,117,0.00117,252,0.00252
22,24,2,100000,66,0.00066,169,0.00169
22,24,3,100000,69,0.00069,153,0.00153
22,24,4,100000,83,0.00083,160,0.0016
22,24,5,100000,94,0.00094,227,0.00227
22,25,0,100000,144,0.00144,250,0.0025
22,25,1,100000,137,0.00137,280,0.0028
22,25,2,100000,82,0.00082,177,0.00177
22,25,3,100000,98,0.00098,163,0.00163
22,25,4,100000,70,0.0007,179,0.00179
22,25,5,100000,126,0.00126,248,0.00248
22,26,0,100000,120,0.0012,265,0.00265
22,26,1,100000,125,0.00125,229,0.00229
22,26,2,100000,82,0.00082,177,0.00177
22,26,3,100000,76,0.00076,173,0.00173
22,26,4,100000,130,0.0013,244,0.00244
22,26,5,100000,122,0.00122,235,0.00235
22,27,0,100000,116,0.00116,248,0.00248
22,27,1,100000,89,0.00089,225,0.00225
22,27,2,100000,79,0.00079,191,0.00191
22,27,3,100000,71,0.00071,157,0.00157
22,27,4,100000,90,0.0009,192,0.00192
22,27,5,100000,121,0.00121,221,0.00221
22,28,0,100000,105,0.00105,231,0.00231
22,28,1,100000,115,0.00115,227,0.00227
22,28,2,100000,106,0.00106,209,0.00209
22,28,3,100000,57,0.00057,164,0.00164
22,28,4,100000,103,0.00103,215,0.00215
22,28,5,100000,126,0.00126,263,0.00263
22,29,0,100000,138,0.00138,258,0.00258
22,29,1,100000,114,0.00114,256,0.00256
22,29,2,100000,89,0.00089,185,0.00185
22,29,3,100000,77,0.00077,158,0.00158
22,29,4,100000,112,0.00112,196,0.00196
22,29,5,100000,130,0.0013,248,0.00248
22,30,0,100000,119,0.00119,251,0.00251
22,30,1,100000,122,0.00122,258,0.00258
22,30,2,100000,89,0.00089,191,0.00191
22,30,3,100000,81,0.00081,161,0.00161
22,30,4,100000,125,0.00125,185,0.00185
22,30,5,100000,118,0.00118,235,0.00235
22,31,0,100000,130,0.0013,240,0.0024
22,31,1,100000,115,0.00115,237,0.00237
22,31,2,100000,95,0.00095,174,0.00174
22,31,3,100000,98,0.00098,170,0.0017
22,31,4,100000,79,0.00079,167,0.00167
22,31,5,100000,112,0.00112,245,0.00245
22,32,0,100000,147,0.00147,251,0.00251
22,32,1,100000,90,0.0009,234,0.00234
22,32,2,100000,119,0.00119,211,0.00211
22,32,3,100000,85,0.00085,176,0.00176
22,32,4,100000,122,0.00122,200,0.002
22,32,5,100000,94,0.00094,238,0.00238
22,33,0,100000,163,0.00163,308,0.00308
22,33,1,100000,122,0.00122,255,0.00255
22,33,2,100000,83,0.00083,173,0.00173
22,33,3,100000,68,0.00068,136,0.00136
22,33,4,100000,91,0.00091,212,0.00212
22,33,5,100000,88,0.00088,247,0.00247
22,34,0,100000,123,0.00123,258,0.00258
22,34,1,100000,125,0.00125,238,0.00238
22,34,2,100000,82,0.00082,190,0.0019
22,34,3,100000,83,0.00083,150,0.0015
22,34,4,100000,105,0.00105,220,0.0022
22,34,5,100000,116,0.00116,249,0.00249
22,35,0,100000,126,0.00126,275,0.00275
22,35,1,100000,104,0.00104,234,0.00234
22,35,2,100000,65,0.00065,182,0.00182
22,35,3,100000,84,0.00084,168,0.00168
22,35,4,100000,88,0.00088,181,0.00181
22,35,5,100000,124,0.00124,242,0.00242
22,36,0,100000,107,0.00107,217,0.00217
22,36,1,100000,100,0.001,236,0.00236
22,36,2,100000,91,0.00091,202,0.00202
22,36,3,100000,65,0.00065,141,0.00141
22,36,4,100000,90,0.0009,192,0.00192
22,36,5,100000,117,0.00117,242,0.00242
22,37,0,100000,108,0.00108,242,0.00242
22,37,1,100000,107,0.00107,242,0.00242
22,37,2,100000,87,0.00087,175,0.00175
22,37,3,100000,69,0.00069,155,0.00155
22,37,4,100000,78,0.00078,191,0.00191
22,37,5,100000,105,0.00105,219,0.00219
22,38,0,100000,80,0.0008,208,0.00208
22,38,1,100000,125,0.00125,218,0.00218
22,38,2,100000,89,0.00089,155,0.00155
22,38,3,100000,98,0.00098,150,0.0015
22,38,4,100000,87,0.00087,191,0.00191
22,38,5,100000,80,0.0008,182,0.00182
22,39,0,100000,102,0.00102,191,0.00191
22,39,1,100000,71,0.00071,174,0.00174
22,39,2,100000,62,0.00062,155,0.00155
22,39,3,100000,64,0.00064,121,0.00121
22,39,4,100000,99,0.00099,162,0.00162
22,39,5,100000,72,0.00072,198,0.00198
22,40,0,100000,57,0.00057,165,0.00165
22,40,1,100000,77,0.00077,136,0.00136
22,40,2,100000,62,0.00062,115,0.00115
22,40,3,100000,47,0.00047,115,0.00115
22,40,4,100000,66,0.00066,126,0.00126
22,40,5,100000,59,0.00059,142,0.00142
22,41,0,100000,66,0.00066,132,0.00132
22,41,1,100000,67,0.00067,140,0.0014
22,41,2,100000,56,0.00056,122,0.00122
22,41,3,100000,27,0.00027,102,0.00102
22,41,4,100000,63,0.00063,131,0.00131
22,41,5,100000,55,0.00055,122,0.00122
22,42,0,100000,51,0.00051,104,0.00104
22,42,1,100000,62,0.00062,86,0.00086
22,42,2,100000,51,0.00051,114,0.00114
22,42,3,100000,39,0.00039,90,0.0009
22,42,4,100000,31,0.00031,85,0.00085
22,42,5,100000,51,0.00051,101,0.00101
22,43,0,100000,57,0.00057,103,0.00103
22,43,1,100000,47,0.00047,95,0.00095
22,43,2,100000,42,0.00042,96,0.00096
22,43,3,100000,20,0.0002,68,0.00068
22,43,4,100000,32,0.00032,77,0.00077
22,43,5,100000,43,0.00043,98,0.00098
22,44,0,100000,27,0.00027,85,0.00085
22,44,1,100000,24,0.00024,96,0.00096
22,44,2,100000,42,0.00042,99,0.00099
22,44,3,100000,27,0.00027,89,0.00089
22,44,4,100000,23,0.00023,73,0.00073
22,44,5,100000,40,0.0004,92,0.00092
22,45,0,100000,25,0.00025,76,0.00076
22,45,1,100000,32,0.00032,71,0.00071
22,45,2,100000,54,0.00054,84,0.00084
22,45,3,100000,25,0.00025,81,0.00081
22,45,4,100000,33,0.00033,86,0.00086
22,45,5,100000,33,0.00033,79,0.00079
22,46,0,100000,30,0.0003,67,0.00067
22,46,1,100000,38,0.00038,81,0.00081
22,46,2,100000,32,0.00032,70,0.0007
22,46,3,100000,29,0.00029,76,0.00076
22,46,4,100000,34,0.00034,79,0.00079
22,46,5,100000,31,0.00031,72,0.00072
22,47,0,100000,24,0.00024,80,0.0008
22,47,1,100000,35,0.00035,79,0.00079
22,47,2,100000,38,0.00038,87,0.00087
22,47,3,100000,36,0.00036,81,0.00081
22,47,4,100000,49,0.00049,93,0.00093
22,47,5,100000,44,0.00044,70,0.0007
22,48,0,100000,31,0.00031,76,0.00076
22,48,1,100000,20,0.0002,76,0.00076
22,48,2,100000,25,0.00025,67,0.00067
22,48,3,100000,21,0.00021,52,0.00052
22,48,4,100000,25,0.00025,71,0.00071
22,48,5,100000,50,0.0005,77,0.00077
22,49,0,100000,41,0.00041,99,0.00099
22,49,1,100000,23,0.00023,64,0.00064
22,49,2,100000,36,0.00036,87,0.00087
22,49,3,100000,34,0.00034,71,0.00071
22,49,4,100000,15,0.00015,68,0.00068
22,49,5,100000,31,0.00031,74,0.00074
22,50,0,100000,25,0.00025,78,0.00078
22,50,1,100000,28,0.00028,74,0.00074
22,50,2,100000,26,0.00026,68,0.00068
22,50,3,100000,28,0.00028,67,0.00067
22,50,4,100000,24,0.00024,61,0.00061
22,50,5,100000,27,0.00027,61,0.00061
23,-50,0,100000,17,0.00017,69,0.00069
23,-50,1,100000,31,0.00031,66,0.00066
23,-50,2,100000,28,0.00028,77,0.00077
23,-50,3,100000,34,0.00034,68,0.00068
23,-50,4,100000,35,0.00035,63,0.00063
23,-50,5,100000,33,0.00033,84,0.00084
23,-49,0,100000,24,0.00024,77,0.00077
23,-49,1,100000,28,0.00028,63,0.00063
23,-49,2,100000,38,0.00038,74,0.00074
23,-49,3,100000,31,0.00031,59,0.00059
23,-49,4,100000,39,0.00039,78,0.00078
23,-49,5,100000,39,0.00039,46,0.00046
23,-48,0,100000,34,0.00034,71,0.00071
23,-48,1,100000,41,0.00041,75,0.00075
23,-48,2,100000,31,0.00031,70,0.0007
23,-48,3,100000,38,0.00038,86,0.00086
23,-48,4,100000,43,0.00043,66,0.00066
23,-48,5,100000,17,0.00017,70,0.0007
23,-47,0,100000,40,0.0004,65,0.00065
23,-47,1,100000,28,0.00028,66,0.00066
23,-47,2,100000,14,0.00014,56,0.00056
23,-47,3,100000,27,0.00027,67,0.00067
23,-47,4,100000,37,0.00037,85,0.00085
23,-47,5,100000,31,0.00031,75,0.00075
23,-46,0,100000,35,0.00035,68,0.00068
23,-46,1,100000,40,0.0004,77,0.00077
23,-46,2,100000,27,0.00027,68,0.00068
23,-46,3,100000,29,0.00029,66,0.00066
23,-46,4,100000,26,0.00026,68,0.00068
23,-46,5,100000,40,0.0004,84,0.00084
23,-45,0,100000,46,0.00046,90,0.0009
23,-45,1,100000,52,0.00052,67,0.00067
23,-45,2,100000,27,0.00027,64,0.00064
23,-45,3,100000,36,0.00036,79,0.00079
23,-45,4,100000,38,0.00038,77,0.00077
23,-45,5,100000,37,0.00037,89,0.00089
23,-44,0,100000,30,0.0003,76,0.00076
23,-44,1,100000,29,0.00029,95,0.00095
23,-44,2,100000,19,0.00019,71,0.00071
23,-44,3,100000,24,0.00024,81,0.00081
23,-44,4,100000,40,0.0004,81,0.00081
23,-44,5,100000,28,0.00028,71,0.00071
23,-43,0,100000,39,0.00039,93,0.00093
23,-43,1,100000,39,0.00039,72,0.00072
23,-43,2,100000,48,0.00048,81,0.00081
23,-43,3,100000,33,0.00033,87,0.00087
23,-43,4,100000,33,0.00033,79,0.00079
23,-43,5,100000,57,0.00057,87,0.00087
23,-42,0,100000,59,0.00059,102,0.00102
23,-42,1,100000,44,0.00044,93,0.00093
23,-42,2,100000,48,0.00048,85,0.00085
23,-42,3,100000,29,0.00029,77,0.00077
23,-42,4,100000,44,0.00044,108,0.00108
23,-42,5,100000,36,0.00036,105,0.00105
23,-41,0,100000,58,0.00058,117,0.00117
23,-41,1,100000,61,0.00061,108,0.00108
23,-41,2,100000,26,0.00026,97,0.00097
23,-41,3,100000,67,0.00067,113,0.00113
23,-41,4,100000,58,0.00058,119,0.00119
23,-41,5,100000,50,0.0005,102,0.00102
23,-40,0,100000,71,0.00071,144,0.00144
23,-40,1,100000,77,0.00077,142,0.00142
23,-40,2,100000,45,0.00045,105,0.00105
23,-40,3,100000,50,0.0005,97,0.00097
23,-40,4,100000,33,0.00033,104,0.00104
23,-40,5,100000,59,0.00059,132,0.00132
23,-39,0,100000,75,0.00075,171,0.00171
23,-39,1,100000,47,0.00047,125,0.00125
23,-39,2,100000,52,0.00052,136,0.00136
23,-39,3,100000,57,0.00057,123,0.00123
23,-39,4,100000,60,0.0006,133,0.00133
23,-39,5,100000,91,0.00091,163,0.00163
23,-38,0,100000,69,0.00069,170,0.0017
23,-38,1,100000,111,0.00111,178,0.00178
23,-38,2,100000,52,0.00052,136,0.00136
23,-38,3,100000,67,0.00067,142,0.00142
23,-38,4,100000,85,0.00085,131,0.00131
23,-38,5,100000,106,0.00106,194,0.00194
23,-37,0,100000,116,0.00116,217,0.00217
23,-37,1,100000,96,0.00096,186,0.00186
23,-37,2,100000,72,0.00072,152,0.00152
23,-37,3,100000,63,0.00063,123,0.00123
23,-37,4,100000,61,0.00061,142,0.00142
23,-37,5,100000,88,0.00088,174,0.00174
23,-36,0,100000,85,0.00085,223,0.00223
23,-36,1,100000,94,0.00094,205,0.00205
23,-36,2,100000,89,0.00089,188,0.00188
23,-36,3,100000,74,0.00074,154,0.00154
23,-36,4,100000,85,0.00085,168,0.00168
23,-36,5,100000,84,0.00084,188,0.00188
23,-35,0,100000,89,0.00089,211,0.00211
23,-35,1,100000,102,0.00102,228,0.00228
23,-35,2,100000,58,0.00058,145,0.00145
23,-35,3,100000,69,0.00069,134,0.00134
23,-35,4,100000,79,0.00079,167,0.00167
23,-35,5,100000,62,0.00062,189,0.00189
23,-34,0,100000,91,0.00091,214,0.00214
23,-34,1,100000,82,0.00082,196,0.00196
23,-34,2,100000,66,0.00066,152,0.00152
23,-34,3,100000,60,0.0006,127,0.00127
23,-34,4,100000,70,0.0007,169,0.00169
23,-34,5,100000,121,0.00121,204,0.00204
23,-33,0,100000,103,0.00103,198,0.00198
23,-33,1,100000,90,0.0009,212,0.00212
23,-33,2,100000,62,0.00062,158,0.00158
23,-33,3,100000,82,0.00082,153,0.00153
23,-33,4,100000,89,0.00089,162,0.00162
23,-33,5,100000,61,0.00061,182,0.00182
23,-32,0,100000,125,0.00125,232,0.00232
23,-32,1,100000,87,0.00087,186,0.00186
23,-32,2,100000,90,0.0009,169,0.00169
23,-32,3,100000,62,0.00062,142,0.00142
23,-32,4,100000,76,0.00076,165,0.00165
23,-32,5,100000,101,0.00101,200,0.002
23,-31,0,100000,110,0.0011,214,0.00214
23,-31,1,100000,85,0.00085,207,0.00207
23,-31,2,100000,81,0.00081,155,0.00155
23,-31,3,100000,68,0.00068,162,0.00162
23,-31,4,100000,76,0.00076,146,0.00146
23,-31,5,100000,80,0.0008,194,0.00194
23,-30,0,100000,118,0.00118,221,0.00221
23,-30,1,100000,80,0.0008,214,0.00214
23,-30,2,100000,91,0.00091,153,0.00153
23,-30,3,100000,70,0.0007,129,0.00129
23,-30,4,100000,76,0.00076,185,0.00185
23,-30,5,100000,99,0.00099,194,0.00194
23,-29,0,100000,112,0.00112,206,0.00206
23,-29,1,100000,100,0.001,196,0.00196
23,-29,2,100000,70,0.0007,155,0.00155
23,-29,3,100000,81,0.00081,149,0.00149
23,-29,4,100000,69,0.00069,153,0.00153
23,-29,5,100000,103,0.00103,212,0.00212
23,-28,0,100000,92,0.00092,188,0.00188
23,-28,1,100000,103,0.00103,213,0.00213
23,-28,2,100000,79,0.00079,156,0.00156
23,-28,3,100000,78,0.00078,133,0.00133
23,-28,4,100000,84,0.00084,190,0.0019
23,-28,5,100000,85,0.00085,168,0.00168
23,-27,0,100000,78,0.00078,205,0.00205
23,-27,1,100000,101,0.00101,196,0.00196
23,-27,2,100000,88,0.00088,171,0.00171
23,-27,3,100000,72,0.00072,147,0.00147
23,-27,4,100000,75,0.00075,163,0.00163
23,-27,5,100000,86,0.00086,191,0.00191
23,-26,0,100000,99,0.00099,202,0.00202
23,-26,1,100000,93,0.00093,188,0.00188
23,-26,2,100000,71,0.00071,154,0.00154
23,-26,3,100000,68,0.00068,144,0.00144
23,-26,4,100000,69,0.00069,148,0.00148
23,-26,5,100000,76,0.00076,178,0.00178
23,-25,0,100000,98,0.00098,238,0.00238
23,-25,1,100000,67,0.00067,186,0.00186
23,-25,2,100000,78,0.00078,158,0.00158
23,-25,3,100000,76,0.00076,140,0.0014
23,-25,4,100000,78,0.00078,167,0.00167
23,-25,5,100000,94,0.00094,217,0.00217
23,-24,0,100000,106,0.00106,227,0.00227
23,-24,1,100000,75,0.00075,201,0.00201
23,-24,2,100000,63,0.00063,142,0.00142
23,-24,3,100000,66,0.00066,136,0.00136
23,-24,4,100000,81,0.00081,152,0.00152
23,-24,5,100000,89,0.00089,175,0.00175
23,-23,0,100000,105,0.00105,229,0.00229
23,-23,1,100000,87,0.00087,190,0.0019
23,-23,2,100000,60,0.0006,163,0.00163
23,-23,3,100000,60,0.0006,125,0.00125
23,-23,4,100000,87,0.00087,173,0.00173
23,-23,5,100000,99,0.00099,202,0.00202
23,-22,0,100000,93,0.00093,203,0.00203
23,-22,1,100000,80,0.0008,189,0.00189
23,-22,2,100000,53,0.00053,158,0.00158
23,-22,3,100000,65,0.00065,150,0.0015
23,-22,4,100000,76,0.00076,160,0.0016
23,-22,5,100000,104,0.00104,203,0.00203
23,-21,0,100000,92,0.00092,228,0.00228
23,-21,1,100000,93,0.00093,178,0.00178
23,-21,2,100000,77,0.00077,143,0.00143
23,-21,3,100000,51,0.00051,125,0.00125
23,-21,4,100000,71,0.00071,179,0.00179
23,-21,5,100000,104,0.00104,193,0.00193
23,-20,0,100000,120,0.0012,241,0.00241
23,-20,1,100000,103,0.00103,202,0.00202
23,-20,2,100000,90,0.0009,178,0.00178
23,-20,3,100000,49,0.00049,134,0.00134
23,-20,4,100000,65,0.00065,171,0.00171
23,-20,5,100000,83,0.00083,198,0.00198
23,-19,0,100000,120,0.0012,234,0.00234
23,-19,1,100000,112,0.00112,217,0.00217
23,-19,2,100000,78,0.00078,177,0.00177
23,-19,3,100000,81,0.00081,135,0.00135
23,-19,4,100000,66,0.00066,139,0.00139
23,-19,5,100000,101,0.00101,199,0.00199
23,-18,0,100000,100,0.001,198,0.00198
23,-18,1,100000,73,0.00073,189,0.00189
23,-18,2,100000,61,0.00061,136,0.00136
23,-18,3,100000,79,0.00079,130,0.0013
23,-18,4,100000,67,0.00067,132,0.00132
23,-18,5,100000,92,0.00092,195,0.00195
23,-17,0,100000,120,0.0012,196,0.00196
23,-17,1,100000,92,0.00092,206,0.00206
23,-17,2,100000,103,0.00103,178,0.00178
23,-17,3,100000,78,0.00078,146,0.00146
23,-17,4,100000,56,0.00056,135,0.00135
23,-17,5,100000,92,0.00092,231,0.00231
23,-16,0,100000,107,0.00107,230,0.0023
23,-16,1,100000,95,0.00095,205,0.00205
23,-16,2,100000,93,0.00093,183,0.00183
23,-16,3,100000,82,0.00082,150,0.0015
23,-16,4,100000,87,0.00087,150,0.0015
23,-16,5,100000,107,0.00107,217,0.00217
23,-15,0,100000,94,0.00094,214,0.00214
23,-15,1,100000,119,0.00119,211,0.00211
23,-15,2,100000,81,0.00081,164,0.00164
23,-15,3,100000,70,0.0007,143,0.00143
23,-15,4,100000,82,0.00082,155,0.00155
23,-15,5,100000,84,0.00084,183,0.00183
23,-14,0,100000,119,0.00119,238,0.00238
23,-14,1,100000,74,0.00074,194,0.00194
23,-14,2,100000,78,0.00078,161,0.00161
23,-14,3,100000,44,0.00044,121,0.00121
23,-14,4,100000,76,0.00076,145,0.00145
23,-14,5,100000,88,0.00088,180,0.0018
23,-13,0,100000,113,0.00113,197,0.00197
23,-13,1,100000,104,0.00104,206,0.00206
23,-13,2,100000,73,0.00073,164,0.00164
23,-13,3,100000,68,0.00068,138,0.00138
23,-13,4,100000,86,0.00086,148,0.00148
23,-13,5,100000,101,0.00101,211,0.00211
23,-12,0,100000,102,0.00102,221,0.00221
23,-12,1,100000,100,0.001,193,0.00193
23,-12,2,100000,80,0.0008,176,0.00176
23,-12,3,100000,50,0.0005,142,0.00142
23,-12,4,100000,103,0.00103,170,0.0017
23,-12,5,100000,107,0.00107,214,0.00214
23,-11,0,100000,106,0.00106,197,0.00197
23,-11,1,100000,100,0.001,210,0.0021
23,-11,2,100000,80,0.0008,165,0.00165
23,-11,3,100000,72,0.00072,144,0.00144
23,-11,4,100000,79,0.00079,163,0.00163
23,-11,5,100000,72,0.00072,178,0.00178
23,-10,0,100000,109,0.00109,197,0.00197
23,-10,1,100000,103,0.00103,216,0.00216
23,-10,2,100000,59,0.00059,154,0.00154
23,-10,3,100000,72,0.00072,142,0.00142
23,-10,4,100000,92,0.00092,166,0.00166
23,-10,5,100000,110,0.0011,236,0.00236
23,-9,0,100000,109,0.00109,202,0.00202
23,-9,1,100000,95,0.00095,192,0.00192
23,-9,2,100000,68,0.00068,161,0.00161
23,-9,3,100000,45,0.00045,126,0.00126
23,-9,4,100000,98,0.00098,174,0.00174
23,-9,5,100000,114,0.00114,220,0.0022
23,-8,0,100000,100,0.001,205,0.00205
23,-8,1,100000,92,0.00092,206,0.00206
23,-8,2,100000,74,0.00074,161,0.00161
23,-8,3,100000,106,0.00106,174,0.00174
23,-8,4,100000,71,0.00071,154,0.00154
23,-8,5,100000,109,0.00109,187,0.00187
23,-7,0,100000,105,0.00105,206,0.00206
23,-7,1,100000,86,0.00086,194,0.00194
23,-7,2,100000,78,0.00078,170,0.0017
23,-7,3,100000,60,0.0006,120,0.0012
23,-7,4,100000,87,0.00087,171,0.00171
23,-7,5,100000,103,0.00103,196,0.00196
23,-6,0,100000,96,0.00096,208,0.00208
23,-6,1,100000,134,0.00134,225,0.00225
23,-6,2,100000,74,0.00074,172,0.00172
23,-6,3,100000,93,0.00093,134,0.00134
23,-6,4,100000,69,0.00069,168,0.00168
23,-6,5,100000,92,0.00092,199,0.00199
23,-5,0,100000,99,0.00099,194,0.00194
23,-5,1,100000,99,0.00099,203,0.00203
23,-5,2,100000,77,0.00077,161,0.00161
23,-5,3,100000,78,0.00078,139,0.00139
23,-5,4,100000,72,0.00072,146,0.00146
23,-5,5,100000,120,0.0012,175,0.00175
23,-4,0,100000,118,0.00118,243,0.00243
23,-4,1,100000,96,0.00096,190,0.0019
23,-4,2,100000,55,0.00055,155,0.00155
23,-4,3,100000,62,0.00062,145,0.00145
23,-4,4,100000,69,0.00069,166,0.00166
23,-4,5,100000,96,0.00096,201,0.00201
23,-3,0,100000,89,0.00089,209,0.00209
23,-3,1,100000,84,0.00084,185,0.00185
23,-3,2,100000,82,0.00082,163,0.00163
23,-3,3,100000,73,0.00073,141,0.00141
23,-3,4,100000,79,0.00079,164,0.00164
23,-3,5,100000,95,0.00095,202,0.00202
23,-2,0,100000,113,0.00113,216,0.00216
23,-2,1,100000,105,0.00105,188,0.00188
23,-2,2,100000,91,0.00091,173,0.00173
23,-2,3,100000,66,0.00066,129,0.00129
23,-2,4,100000,71,0.00071,155,0.00155
23,-2,5,100000,85,0.00085,186,0.00186
23,-1,0,100000,110,0.0011,215,0.00215
23,-1,1,100000,114,0.00114,217,0.00217
23,-1,2,100000,86,0.00086,168,0.00168
23,-1,3,100000,51,0.00051,139,0.00139
23,-1,4,100000,77,0.00077,151,0.00151
23,-1,5,100000,122,0.00122,206,0.00206
23,0,0,100000,80,0.0008,196,0.00196
23,0,1,100000,83,0.00083,194,0.00194
23,0,2,100000,86,0.00086,161,0.00161
23,0,3,100000,64,0.00064,133,0.00133
23,0,4,100000,98,0.00098,192,0.00192
23,0,5,100000,88,0.00088,200,0.002
23,1,0,100000,102,0.00102,213,0.00213
23,1,1,100000,107,0.00107,192,0.00192
23,1,2,100000,101,0.00101,182,0.00182
23,1,3,100000,72,0.00072,147,0.00147
23,1,4,100000,93,0.00093,163,0.00163
23,1,5,100000,69,0.00069,173,0.00173
23,2,0,100000,127,0.00127,226,0.00226
23,2,1,100000,107,0.00107,215,0.00215
23,2,2,100000,67,0.00067,159,0.00159
23,2,3,100000,49,0.00049,117,0.00117
23,2,4,100000,71,0.00071,149,0.00149
23,2,5,100000,71,0.00071,186,0.00186
23,3,0,100000,111,0.00111,209,0.00209
23,3,1,100000,77,0.00077,190,0.0019
23,3,2,100000,73,0.00073,154,0.00154
23,3,3,100000,52,0.00052,131,0.00131
23,3,4,100000,61,0.00061,137,0.00137
23,3,5,100000,85,0.00085,193,0.00193
23,4,0,100000,80,0.0008,198,0.00198
23,4,1,100000,82,0.00082,192,0.00192
23,4,2,100000,66,0.00066,148,0.00148
23,4,3,100000,58,0.00058,145,0.00145
23,4,4,100000,93,0.00093,161,0.00161
23,4,5,100000,88,0.00088,205,0.00205
23,5,0,100000,126,0.00126,232,0.00232
23,5,1,100000,69,0.00069,156,0.00156
23,5,2,100000,75,0.00075,143,0.00143
23,5,3,100000,58,0.00058,138,0.00138
23,5,4,100000,77,0.00077,167,0.00167
23,5,5,100000,90,0.0009,202,0.00202
23,6,0,100000,108,0.00108,226,0.00226
23,6,1,100000,81,0.00081,197,0.00197
23,6,2,100000,76,0.00076,157,0.00157
23,6,3,100000,68,0.00068,140,0.0014
23,6,4,100000,83,0.00083,167,0.00167
23,6,5,100000,107,0.00107,212,0.00212
23,7,0,100000,87,0.00087,188,0.00188
23,7,1,100000,102,0.00102,221,0.00221
23,7,2,100000,75,0.00075,166,0.00166
23,7,3,100000,58,0.00058,144,0.00144
23,7,4,100000,81,0.00081,156,0.00156
23,7,5,100000,78,0.00078,194,0.00194
23,8,0,100000,96,0.00096,208,0.00208
23,8,1,100000,101,0.00101,216,0.00216
23,8,2,100000,74,0.00074,177,0.00177
23,8,3,100000,53,0.00053,127,0.00127
23,8,4,100000,73,0.00073,160,0.0016
23,8,5,100000,100,0.001,210,0.0021
23,9,0,100000,101,0.00101,223,0.00223
23,9,1,100000,109,0.00109,232,0.00232
23,9,2,100000,68,0.00068,155,0.00155
23,9,3,100000,80,0.0008,148,0.00148
23,9,4,100000,76,0.00076,141,0.00141
23,9,5,100000,78,0.00078,169,0.00169
23,10,0,100000,81,0.00081,204,0.00204
23,10,1,100000,73,0.00073,194,0.00194
23,10,2,100000,92,0.00092,178,0.00178
23,10,3,100000,63,0.00063,143,0.00143
23,10,4,100000,71,0.00071,169,0.00169
23,10,5,100000,92,0.00092,208,0.00208
23,11,0,100000,116,0.00116,227,0.00227
23,11,1,100000,130,0.0013,237,0.00237
23,11,2,100000,76,0.00076,158,0.00158
23,11,3,100000,82,0.00082,142,0.00142
23,11,4,100000,81,0.00081,147,0.00147
23,11,5,100000,81,0.00081,197,0.00197
23,12,0,100000,85,0.00085,198,0.00198
23,12,1,100000,88,0.00088,183,0.00183
23,12,2,100000,74,0.00074,153,0.00153
23,12,3,100000,66,0.00066,133,0.00133
23,12,4,100000,90,0.0009,172,0.00172
23,12,5,100000,105,0.00105,196,0.00196
23,13,0,100000,119,0.00119,225,0.00225
23,13,1,100000,78,0.00078,177,0.00177
23,13,2,100000,82,0.00082,157,0.00157
23,13,3,100000,66,0.00066,137,0.00137
23,13,4,100000,78,0.00078,154,0.00154
23,13,5,100000,90,0.0009,214,0.00214
23,14,0,100000,77,0.00077,179,0.00179
23,14,1,100000,90,0.0009,192,0.00192
23,14,2,100000,68,0.00068,160,0.0016
23,14,3,100000,73,0.00073,137,0.00137
23,14,4,100000,85,0.00085,183,0.00183
23,14,5,100000,96,0.00096,212,0.00212
23,15,0,100000,106,0.00106,210,0.0021
23,15,1,100000,130,0.0013,215,0.00215
23,15,2,100000,83,0.00083,164,0.00164
23,15,3,100000,84,0.00084,137,0.00137
23,15,4,100000,79,0.00079,158,0.00158
23,15,5,100000,115,0.00115,220,0.0022
23,16,0,100000,124,0.00124,243,0.00243
23,16,1,100000,114,0.00114,212,0.00212
23,16,2,100000,71,0.00071,174,0.00174
23,16,3,100000,83,0.00083,131,0.00131
23,16,4,100000,62,0.00062,136,0.00136
23,16,5,100000,133,0.00133,213,0.00213
23,17,0,100000,90,0.0009,201,0.00201
23,17,1,100000,102,0.00102,194,0.00194
23,17,2,100000,75,0.00075,159,0.00159
23,17,3,100000,47,0.00047,131,0.00131
23,17,4,100000,110,0.0011,182,0.00182
23,17,5,100000,110,0.0011,230,0.0023
23,18,0,100000,96,0.00096,195,0.00195
23,18,1,100000,83,0.00083,179,0.00179
23,18,2,100000,100,0.001,185,0.00185
23,18,3,100000,78,0.00078,156,0.00156
23,18,4,100000,94,0.00094,167,0.00167
23,18,5,100000,115,0.00115,216,0.00216
23,19,0,100000,93,0.00093,208,0.00208
23,19,1,100000,83,0.00083,187,0.00187
23,19,2,100000,67,0.00067,163,0.00163
23,19,3,100000,41,0.00041,135,0.00135
23,19,4,100000,76,0.00076,154,0.00154
23,19,5,100000,110,0.0011,208,0.00208
23,20,0,100000,80,0.0008,228,0.00228
23,20,1,100000,88,0.00088,197,0.00197
23,20,2,100000,70,0.0007,175,0.00175
23,20,3,100000,56,0.00056,127,0.00127
23,20,4,100000,80,0.0008,182,0.00182
23,20,5,100000,97,0.00097,200,0.002
23,21,0,100000,91,0.00091,213,0.00213
23,21,1,100000,110,0.0011,201,0.00201
23,21,2,100000,87,0.00087,148,0.00148
23,21,3,100000,92,0.00092,144,0.00144
23,21,4,100000,67,0.00067,158,0.00158
23,21,5,100000,93,0.00093,189,0.00189
23,22,0,100000,105,0.00105,209,0.00209
23,22,1,100000,79,0.00079,187,0.00187
23,22,2,100000,63,0.00063,148,0.00148
23,22,3,100000,74,0.00074,140,0.0014
23,22,4,100000,66,0.00066,141,0.00141
23,22,5,100000,99,0.00099,202,0.00202
23,23,0,100000,85,0.00085,188,0.00188
23,23,1,100000,100,0.001,205,0.00205
23,23,2,100000,100,0.001,151,0.00151
23,23,3,100000,77,0.00077,148,0.00148
23,23,4,100000,71,0.00071,149,0.00149
23,23,5,100000,76,0.00076,202,0.00202
23,24,0,100000,97,0.00097,219,0.00219
23,24,1,100000,80,0.0008,187,0.00187
23,24,2,100000,89,0.00089,174,0.00174
23,24,3,100000,72,0.00072,159,0.00159
23,24,4,100000,72,0.00072,160,0.0016
23,24,5,100000,79,0.00079,187,0.00187
23,25,0,100000,100,0.001,223,0.00223
23,25,1,100000,84,0.00084,178,0.00178
23,25,2,100000,77,0.00077,171,0.00171
23,25,3,100000,62,0.00062,117,0.00117
23,25,4,100000,94,0.00094,174,0.00174
23,25,5,100000,100,0.001,210,0.0021
23,26,0,100000,97,0.00097,192,0.00192
23,26,1,100000,70,0.0007,171,0.00171
23,26,2,100000,106,0.00106,181,0.00181
23,26,3,100000,68,0.00068,135,0.00135
23,26,4,100000,82,0.00082,169,0.00169
23,26,5,100000,100,0.001,196,0.00196
23,27,0,100000,91,0.00091,213,0.00213
23,27,1,100000,85,0.00085,182,0.00182
23,27,2,100000,61,0.00061,147,0.00147
23,27,3,100000,85,0.00085,149,0.00149
23,27,4,100000,72,0.00072,145,0.00145
23,27,5,100000,95,0.00095,182,0.00182
23,28,0,100000,85,0.00085,190,0.0019
23,28,1,100000,105,0.00105,206,0.00206
23,28,2,100000,83,0.00083,153,0.00153
23,28,3,100000,72,0.00072,137,0.00137
23,28,4,100000,102,0.00102,181,0.00181
23,28,5,100000,85,0.00085,202,0.00202
23,29,0,100000,105,0.00105,225,0.00225
23,29,1,100000,94,0.00094,198,0.00198
23,29,2,100000,93,0.00093,151,0.00151
23,29,3,100000,59,0.00059,123,0.00123
23,29,4,100000,60,0.0006,135,0.00135
23,29,5,100000,77,0.00077,178,0.00178
23,30,0,100000,85,0.00085,212,0.00212
23,30,1,100000,117,0.00117,229,0.00229
23,30,2,100000,59,0.00059,147,0.00147
23,30,3,100000,58,0.00058,138,0.00138
23,30,4,100000,91,0.00091,167,0.00167
23,30,5,100000,93,0.00093,201,0.00201
23,31,0,100000,141,0.00141,225,0.00225
23,31,1,100000,133,0.00133,196,0.00196
23,31,2,100000,76,0.00076,156,0.00156
23,31,3,100000,57,0.00057,132,0.00132
23,31,4,100000,66,0.00066,163,0.00163
23,31,5,100000,86,0.00086,193,0.00193
23,32,0,100000,107,0.00107,218,0.00218
23,32,1,100000,106,0.00106,188,0.00188
23,32,2,100000,59,0.00059,153,0.00153
23,32,3,100000,63,0.00063,149,0.00149
23,32,4,100000,55,0.00055,140,0.0014
23,32,5,100000,85,0.00085,189,0.00189
23,33,0,100000,71,0.00071,186,0.00186
23,33,1,100000,102,0.00102,215,0.00215
23,33,2,100000,91,0.00091,168,0.00168
23,33,3,100000,61,0.00061,119,0.00119
23,33,4,100000,72,0.00072,145,0.00145
23,33,5,100000,106,0.00106,222,0.00222
23,34,0,100000,91,0.00091,194,0.00194
23,34,1,100000,87,0.00087,190,0.0019
23,34,2,100000,72,0.00072,155,0.00155
23,34,3,100000,78,0.00078,135,0.00135
23,34,4,100000,73,0.00073,162,0.00162
23,34,5,100000,82,0.00082,196,0.00196
23,35,0,100000,77,0.00077,187,0.00187
23,35,1,100000,97,0.00097,209,0.00209
23,35,2,100000,59,0.00059,149,0.00149
23,35,3,100000,59,0.00059,137,0.00137
23,35,4,100000,95,0.00095,150,0.0015
23,35,5,100000,86,0.00086,188,0.00188
23,36,0,100000,92,0.00092,205,0.00205
23,36,1,100000,86,0.00086,196,0.00196
23,36,2,100000,53,0.00053,142,0.00142
23,36,3,100000,64,0.00064,128,0.00128
23,36,4,100000,53,0.00053,149,0.00149
23,36,5,100000,100,0.001,192,0.00192
23,37,0,100000,97,0.00097,203,0.00203
23,37,1,100000,92,0.00092,208,0.00208
23,37,2,100000,81,0.00081,168,0.00168
23,37,3,100000,71,0.00071,165,0.00165
23,37,4,100000,66,0.00066,145,0.00145
23,37,5,100000,107,0.00107,189,0.00189
23,38,0,100000,86,0.00086,172,0.00172
23,38,1,100000,87,0.00087,165,0.00165
23,38,2,100000,85,0.00085,149,0.00149
23,38,3,100000,61,0.00061,104,0.00104
23,38,4,100000,74,0.00074,144,0.00144
23,38,5,100000,77,0.00077,175,0.00175
23,39,0,100000,73,0.00073,172,0.00172
23,39,1,100000,74,0.00074,155,0.00155
23,39,2,100000,64,0.00064,122,0.00122
23,39,3,100000,54,0.00054,126,0.00126
23,39,4,100000,58,0.00058,106,0.00106
23,39,5,100000,59,0.00059,145,0.00145
23,40,0,100000,55,0.00055,140,0.0014
23,40,1,100000,82,0.00082,152,0.00152
23,40,2,100000,45,0.00045,104,0.00104
23,40,3,100000,43,0.00043,103,0.00103
23,40,4,100000,68,0.00068,112,0.00112
23,40,5,100000,44,0.00044,127,0.00127
23,41,0,100000,47,0.00047,117,0.00117
23,41,1,100000,63,0.00063,127,0.00127
23,41,2,100000,44,0.00044,118,0.00118
23,41,3,100000,44,0.00044,109,0.00109
23,41,4,100000,39,0.00039,104,0.00104
23,41,5,100000,31,0.00031,123,0.00123
23,42,0,100000,44,0.00044,117,0.00117
23,42,1,100000,33,0.00033,94,0.00094
23,42,2,100000,43,0.00043,108,0.00108
23,42,3,100000,48,0.00048,90,0.0009
23,42,4,100000,65,0.00065,92,0.00092
23,42,5,100000,40,0.0004,101,0.00101
23,43,0,100000,36,0.00036,94,0.00094
23,43,1,100000,37,0.00037,93,0.00093
23,43,2,100000,44,0.00044,123,0.00123
23,43,3,100000,28,0.00028,85,0.00085
23,43,4,100000,34,0.00034,75,0.00075
23,43,5,100000,45,0.00045,83,0.00083
23,44,0,100000,34,0.00034,99,0.00099
23,44,1,100000,38,0.00038,93,0.00093
23,44,2,100000,48,0.00048,77,0.00077
23,44,3,100000,42,0.00042,67,0.00067
23,44,4,100000,38,0.00038,79,0.00079
23,44,5,100000,23,0.00023,71,0.00071
23,45,0,100000,27,0.00027,80,0.0008
23,45,1,100000,36,0.00036,74,0.00074
23,45,2,100000,51,0.00051,74,0.00074
23,45,3,100000,43,0.00043,82,0.00082
23,45,4,100000,35,0.00035,61,0.00061
23,45,5,100000,43,0.00043,89,0.00089
23,46,0,100000,43,0.00043,77,0.00077
23,46,1,100000,33,0.00033,81,0.00081
23,46,2,100000,25,0.00025,77,0.00077
23,46,3,100000,38,0.00038,76,0.00076
23,46,4,100000,34,0.00034,79,0.00079
23,46,5,100000,41,0.00041,88,0.00088
23,47,0,100000,23,0.00023,54,0.00054
23,47,1,100000,24,0.00024,66,0.00066
23,47,2,100000,13,0.00013,71,0.00071
23,47,3,100000,49,0.00049,92,0.00092
23,47,4,100000,24,0.00024,68,0.00068
23,47,5,100000,23,0.00023,73,0.00073
23,48,0,100000,38,0.00038,72,0.00072
23,48,1,100000,29,0.00029,88,0.00088
23,48,2,100000,50,0.0005,84,0.00084
23,48,3,100000,19,0.00019,71,0.00071
23,48,4,100000,35,0.00035,76,0.00076
23,48,5,100000,39,0.00039,81,0.00081
23,49,0,100000,7,7e-05,65,0.00065
23,49,1,100000,31,0.00031,84,0.00084
23,49,2,100000,30,0.0003,75,0.00075
23,49,3,100000,27,0.00027,69,0.00069
23,49,4,100000,23,0.00023,73,0.00073
23,49,5,100000,31,0.00031,71,0.00071
23,50,0,100000,54,0.00054,81,0.00081
23,50,1,100000,40,0.0004,63,0.00063
23,50,2,100000,33,0.00033,75,0.00075
23,50,3,100000,35,0.00035,82,0.00082
23,50,4,100000,17,0.00017,56,0.00056
23,50,5,100000,43,0.00043,74,0.00074
24,-50,0,100000,23,0.00023,70,0.0007
24,-50,1,100000,25,0.00025,74,0.00074
24,-50,2,100000,38,0.00038,78,0.00078
24,-50,3,100000,29,0.00029,66,0.00066
24,-50,4,100000,39,0.00039,95,0.00095
24,-50,5,100000,35,0.00035,82,0.00082
24,-49,0,100000,27,0.00027,67,0.00067
24,-49,1,100000,30,0.0003,70,0.0007
24,-49,2,100000,22,0.00022,71,0.00071
24,-49,3,100000,23,0.00023,72,0.00072
24,-49,4,100000,25,0.00025,81,0.00081
24,-49,5,100000,42,0.00042,74,0.00074
24,-48,0,100000,28,0.00028,66,0.00066
24,-48,1,100000,40,0.0004,88,0.00088
24,-48,2,100000,24,0.00024,75,0.00075
24,-48,3,100000,25,0.00025,77,0.00077
24,-48,4,100000,30,0.0003,89,0.00089
24,-48,5,100000,29,0.00029,75,0.00075
24,-47,0,100000,28,0.00028,76,0.00076
24,-47,1,100000,32,0.00032,68,0.00068
24,-47,2,100000,26,0.00026,68,0.00068
24,-47,3,100000,21,0.00021,66,0.00066
24,-47,4,100000,21,0.00021,65,0.00065
24,-47,5,100000,30,0.0003,71,0.00071
24,-46,0,100000,19,0.00019,74,0.00074
24,-46,1,100000,39,0.00039,70,0.0007
24,-46,2,100000,28,0.00028,72,0.00072
24,-46,3,100000,37,0.00037,71,0.00071
24,-46,4,100000,40,0.0004,89,0.00089
24,-46,5,100000,18,0.00018,72,0.00072
24,-45,0,100000,43,0.00043,86,0.00086
24,-45,1,100000,36,0.00036,99,0.00099
24,-45,2,100000,24,0.00024,70,0.0007
24,-45,3,100000,36,0.00036,78,0.00078
24,-45,4,100000,25,0.00025,89,0.00089
24,-45,5,100000,28,0.00028,72,0.00072
24,-44,0,100000,42,0.00042,99,0.00099
24,-44,1,100000,45,0.00045,73,0.00073
24,-44,2,100000,38,0.00038,79,0.00079
24,-44,3,100000,39,0.00039,83,0.00083
24,-44,4,100000,33,0.00033,89,0.00089
24,-44,5,100000,50,0.0005,79,0.00079
24,-43,0,100000,33,0.00033,83,0.00083
24,-43,1,100000,43,0.00043,94,0.00094
24,-43,2,100000,38,0.00038,95,0.00095
24,-43,3,100000,30,0.0003,92,0.00092
24,-43,4,100000,43,0.00043,79,0.00079
24,-43,5,100000,51,0.00051,90,0.0009
24,-42,0,100000,30,0.0003,93,0.00093
24,-42,1,100000,56,0.00056,100,0.001
24,-42,2,100000,42,0.00042,112,0.00112
24,-42,3,100000,21,0.00021,64,0.00064
24,-42,4,100000,37,0.00037,82,0.00082
24,-42,5,100000,33,0.00033,83,0.00083
24,-41,0,100000,67,0.00067,113,0.00113
24,-41,1,100000,60,0.0006,111,0.00111
24,-41,2,100000,41,0.00041,102,0.00102
24,-41,3,100000,36,0.00036,85,0.00085
24,-41,4,100000,37,0.00037,97,0.00097
24,-41,5,100000,53,0.00053,105,0.00105
24,-40,0,100000,50,0.0005,133,0.00133
24,-40,1,100000,73,0.00073,138,0.00138
24,-40,2,100000,31,0.00031,91,0.00091
24,-40,3,100000,45,0.00045,109,0.00109
24,-40,4,100000,63,0.00063,110,0.0011
24,-40,5,100000,71,0.00071,123,0.00123
24,-39,0,100000,48,0.00048,126,0.00126
24,-39,1,100000,47,0.00047,138,0.00138
24,-39,2,100000,53,0.00053,121,0.00121
24,-39,3,100000,41,0.00041,96,0.00096
24,-39,4,100000,38,0.00038,100,0.001
24,-39,5,100000,50,0.0005,126,0.00126
24,-38,0,100000,86,0.00086,142,0.00142
24,-38,1,100000,81,0.00081,143,0.00143
24,-38,2,100000,57,0.00057,148,0.00148
24,-38,3,100000,79,0.00079,125,0.00125
24,-38,4,100000,66,0.00066,121,0.00121
24,-38,5,100000,70,0.0007,146,0.00146
24,-37,0,100000,84,0.00084,171,0.00171
24,-37,1,100000,66,0.00066,159,0.00159
24,-37,2,100000,63,0.00063,114,0.00114
24,-37,3,100000,66,0.00066,113,0.00113
24,-37,4,100000,55,0.00055,121,0.00121
24,-37,5,100000,86,0.00086,160,0.0016
24,-36,0,100000,80,0.0008,173,0.00173
24,-36,1,100000,86,0.00086,168,0.00168
24,-36,2,100000,56,0.00056,131,0.00131
24,-36,3,100000,65,0.00065,131,0.00131
24,-36,4,100000,60,0.0006,153,0.00153
24,-36,5,100000,65,0.00065,144,0.00144
24,-35,0,100000,82,0.00082,152,0.00152
24,-35,1,100000,57,0.00057,140,0.0014
24,-35,2,100000,62,0.00062,135,0.00135
24,-35,3,100000,55,0.00055,98,0.00098
24,-35,4,100000,69,0.00069,127,0.00127
24,-35,5,100000,86,0.00086,168,0.00168
24,-34,0,100000,86,0.00086,165,0.00165
24,-34,1,100000,85,0.00085,169,0.00169
24,-34,2,100000,66,0.00066,122,0.00122
24,-34,3,100000,57,0.00057,137,0.00137
24,-34,4,100000,49,0.00049,123,0.00123
24,-34,5,100000,99,0.00099,182,0.00182
24,-33,0,100000,76,0.00076,163,0.00163
24,-33,1,100000,83,0.00083,169,0.00169
24,-33,2,100000,70,0.0007,123,0.00123
24,-33,3,100000,55,0.00055,110,0.0011
24,-33,4,100000,63,0.00063,147,0.00147
24,-33,5,100000,91,0.00091,168,0.00168
24,-32,0,100000,90,0.0009,183,0.00183
24,-32,1,100000,89,0.00089,175,0.00175
24,-32,2,100000,68,0.00068,122,0.00122
24,-32,3,100000,42,0.00042,112,0.00112
24,-32,4,100000,73,0.00073,143,0.00143
24,-32,5,100000,71,0.00071,174,0.00174
24,-31,0,100000,82,0.00082,172,0.00172
24,-31,1,100000,97,0.00097,180,0.0018
24,-31,2,100000,74,0.00074,141,0.00141
24,-31,3,100000,75,0.00075,132,0.00132
24,-31,4,100000,78,0.00078,139,0.00139
24,-31,5,100000,48,0.00048,165,0.00165
24,-30,0,100000,92,0.00092,198,0.00198
24,-30,1,100000,62,0.00062,136,0.00136
24,-30,2,100000,58,0.00058,148,0.00148
24,-30,3,100000,62,0.00062,125,0.00125
24,-30,4,100000,60,0.0006,148,0.00148
24,-30,5,100000,53,0.00053,157,0.00157
24,-29,0,100000,78,0.00078,174,0.00174
24,-29,1,100000,69,0.00069,169,0.00169
24,-29,2,100000,77,0.00077,146,0.00146
24,-29,3,100000,46,0.00046,123,0.00123
24,-29,4,100000,56,0.00056,152,0.00152
24,-29,5,100000,106,0.00106,163,0.00163
24,-28,0,100000,77,0.00077,175,0.00175
24,-28,1,100000,72,0.00072,189,0.00189
24,-28,2,100000,63,0.00063,139,0.00139
24,-28,3,100000,64,0.00064,131,0.00131
24,-28,4,100000,71,0.00071,153,0.00153
24,-28,5,100000,87,0.00087,188,0.00188
24,-27,0,100000,78,0.00078,169,0.00169
24,-27,1,100000,70,0.0007,161,0.00161
24,-27,2,100000,64,0.00064,144,0.00144
24,-27,3,100000,61,0.00061,99,0.00099
24,-27,4,100000,72,0.00072,138,0.00138
24,-27,5,100000,77,0.00077,173,0.00173
24,-26,0,100000,94,0.00094,170,0.0017
24,-26,1,100000,72,0.00072,151,0.00151
24,-26,2,100000,71,0.00071,155,0.00155
24,-26,3,100000,51,0.00051,112,0.00112
24,-26,4,100000,60,0.0006,149,0.00149
24,-26,5,100000,81,0.00081,176,0.00176
24,-25,0,100000,93,0.00093,168,0.00168
24,-25,1,100000,85,0.00085,180,0.0018
24,-25,2,100000,45,0.00045,126,0.00126
24,-25,3,100000,34,0.00034,109,0.00109
24,-25,4,100000,60,0.0006,134,0.00134
24,-25,5,100000,61,0.00061,156,0.00156
24,-24,0,100000,99,0.00099,183,0.00183
24,-24,1,100000,81,0.00081,160,0.0016
24,-24,2,100000,63,0.00063,139,0.00139
24,-24,3,100000,67,0.00067,111,0.00111
24,-24,4,100000,70,0.0007,147,0.00147
24,-24,5,100000,73,0.00073,149,0.00149
24,-23,0,100000,84,0.00084,152,0.00152
24,-23,1,100000,78,0.00078,176,0.00176
24,-23,2,100000,65,0.00065,142,0.00142
24,-23,3,100000,57,0.00057,127,0.00127
24,-23,4,100000,86,0.00086,136,0.00136
24,-23,5,100000,84,0.00084,157,0.00157
24,-22,0,100000,106,0.00106,164,0.00164
24,-22,1,100000,74,0.00074,158,0.00158
24,-22,2,100000,58,0.00058,142,0.00142
24,-22,3,100000,41,0.00041,112,0.00112
24,-22,4,100000,65,0.00065,139,0.00139
24,-22,5,100000,60,0.0006,159,0.00159
24,-21,0,100000,103,0.00103,201,0.00201
24,-21,1,100000,56,0.00056,138,0.00138
24,-21,2,100000,64,0.00064,155,0.00155
24,-21,3,100000,58,0.00058,119,0.00119
24,-21,4,100000,55,0.00055,130,0.0013
24,-21,5,100000,89,0.00089,174,0.00174
24,-20,0,100000,72,0.00072,184,0.00184
24,-20,1,100000,77,0.00077,187,0.00187
24,-20,2,100000,79,0.00079,178,0.00178
24,-20,3,100000,64,0.00064,135,0.00135
24,-20,4,100000,67,0.00067,138,0.00138
24,-20,5,100000,80,0.0008,167,0.00167
24,-19,0,100000,99,0.00099,190,0.0019
24,-19,1,100000,104,0.00104,169,0.00169
24,-19,2,100000,84,0.00084,145,0.00145
24,-19,3,100000,62,0.00062,117,0.00117
24,-19,4,100000,45,0.00045,140,0.0014
24,-19,5,100000,68,0.00068,156,0.00156
24,-18,0,100000,77,0.00077,162,0.00162
24,-18,1,100000,85,0.00085,168,0.00168
24,-18,2,100000,78,0.00078,139,0.00139
24,-18,3,100000,49,0.00049,114,0.00114
24,-18,4,100000,70,0.0007,136,0.00136
24,-18,5,100000,73,0.00073,164,0.00164
24,-17,0,100000,90,0.0009,188,0.00188
24,-17,1,100000,84,0.00084,164,0.00164
24,-17,2,100000,74,0.00074,155,0.00155
24,-17,3,100000,52,0.00052,116,0.00116
24,-17,4,100000,56,0.00056,120,0.0012
24,-17,5,100000,79,0.00079,154,0.00154
24,-16,0,100000,92,0.00092,180,0.0018
24,-16,1,100000,50,0.0005,153,0.00153
24,-16,2,100000,54,0.00054,132,0.00132
24,-16,3,100000,43,0.00043,95,0.00095
24,-16,4,100000,67,0.00067,124,0.00124
24,-16,5,100000,83,0.00083,155,0.00155
24,-15,0,100000,68,0.00068,187,0.00187
24,-15,1,100000,71,0.00071,173,0.00173
24,-15,2,100000,70,0.0007,140,0.0014
24,-15,3,100000,65,0.00065,130,0.0013
24,-15,4,100000,52,0.00052,139,0.00139
24,-15,5,100000,83,0.00083,159,0.00159
24,-14,0,100000,82,0.00082,180,0.0018
24,-14,1,100000,75,0.00075,136,0.00136
24,-14,2,100000,61,0.00061,133,0.00133
24,-14,3,100000,68,0.00068,131,0.00131
24,-14,4,100000,60,0.0006,135,0.00135
24,-14,5,100000,59,0.00059,156,0.00156
24,-13,0,100000,98,0.00098,179,0.00179
24,-13,1,100000,81,0.00081,167,0.00167
24,-13,2,100000,53,0.00053,133,0.00133
24,-13,3,100000,61,0.00061,123,0.00123
24,-13,4,100000,91,0.00091,168,0.00168
24,-13,5,100000,59,0.00059,165,0.00165
24,-12,0,100000,68,0.00068,167,0.00167
24,-12,1,100000,97,0.00097,169,0.00169
24,-12,2,100000,44,0.00044,141,0.00141
24,-12,3,100000,41,0.00041,116,0.00116
24,-12,4,100000,64,0.00064,147,0.00147
24,-12,5,100000,89,0.00089,167,0.00167
24,-11,0,100000,85,0.00085,186,0.00186
24,-11,1,100000,70,0.0007,144,0.00144
24,-11,2,100000,72,0.00072,128,0.00128
24,-11,3,100000,48,0.00048,114,0.00114
24,-11,4,100000,57,0.00057,148,0.00148
24,-11,5,100000,79,0.00079,157,0.00157
24,-10,0,100000,75,0.00075,188,0.00188
24,-10,1,100000,86,0.00086,176,0.00176
24,-10,2,100000,96,0.00096,156,0.00156
24,-10,3,100000,68,0.00068,123,0.00123
24,-10,4,100000,72,0.00072,154,0.00154
24,-10,5,100000,73,0.00073,169,0.00169
24,-9,0,100000,102,0.00102,168,0.00168
24,-9,1,100000,71,0.00071,162,0.00162
24,-9,2,100000,61,0.00061,135,0.00135
24,-9,3,100000,46,0.00046,118,0.00118
24,-9,4,100000,77,0.00077,130,0.0013
24,-9,5,100000,72,0.00072,156,0.00156
24,-8,0,100000,89,0.00089,173,0.00173
24,-8,1,100000,86,0.00086,174,0.00174
24,-8,2,100000,68,0.00068,137,0.00137
24,-8,3,100000,50,0.0005,104,0.00104
24,-8,4,100000,61,0.00061,131,0.00131
24,-8,5,100000,67,0.00067,149,0.00149
24,-7,0,100000,114,0.00114,202,0.00202
24,-7,1,100000,67,0.00067,180,0.0018
24,-7,2,100000,57,0.00057,149,0.00149
24,-7,3,100000,45,0.00045,113,0.00113
24,-7,4,100000,82,0.00082,142,0.00142
24,-7,5,100000,83,0.00083,170,0.0017
24,-6,0,100000,83,0.00083,174,0.00174
24,-6,1,100000,65,0.00065,146,0.00146
24,-6,2,100000,66,0.00066,143,0.00143
24,-6,3,100000,56,0.00056,111,0.00111
24,-6,4,100000,64,0.00064,119,0.00119
24,-6,5,100000,96,0.00096,192,0.00192
24,-5,0,100000,78,0.00078,171,0.00171
24,-5,1,100000,63,0.00063,149,0.00149
24,-5,2,100000,45,0.00045,126,0.00126
24,-5,3,100000,36,0.00036,105,0.00105
24,-5,4,100000,72,0.00072,138,0.00138
24,-5,5,100000,78,0.00078,166,0.00166
24,-4,0,100000,82,0.00082,212,0.00212
24,-4,1,100000,72,0.00072,178,0.00178
24,-4,2,100000,57,0.00057,122,0.00122
24,-4,3,100000,50,0.0005,136,0.00136
24,-4,4,100000,72,0.00072,148,0.00148
24,-4,5,100000,98,0.00098,167,0.00167
24,-3,0,100000,116,0.00116,184,0.00184
24,-3,1,100000,89,0.00089,185,0.00185
24,-3,2,100000,51,0.00051,144,0.00144
24,-3,3,100000,62,0.00062,126,0.00126
24,-3,4,100000,58,0.00058,131,0.00131
24,-3,5,100000,69,0.00069,168,0.00168
24,-2,0,100000,94,0.00094,191,0.00191
24,-2,1,100000,82,0.00082,179,0.00179
24,-2,2,100000,56,0.00056,134,0.00134
24,-2,3,100000,28,0.00028,109,0.00109
24,-2,4,100000,45,0.00045,131,0.00131
24,-2,5,100000,77,0.00077,151,0.00151
24,-1,0,100000,99,0.00099,193,0.00193
24,-1,1,100000,103,0.00103,171,0.00171
24,-1,2,100000,53,0.00053,138,0.00138
24,-1,3,100000,58,0.00058,112,0.00112
24,-1,4,100000,51,0.00051,144,0.00144
24,-1,5,100000,78,0.00078,174,0.00174
24,0,0,100000,88,0.00088,169,0.00169
24,0,1,100000,81,0.00081,169,0.00169
24,0,2,100000,66,0.00066,135,0.00135
24,0,3,100000,50,0.0005,119,0.00119
24,0,4,100000,68,0.00068,139,0.00139
24,0,5,100000,83,0.00083,157,0.00157
24,1,0,100000,98,0.00098,189,0.00189
24,1,1,100000,90,0.0009,195,0.00195
24,1,2,100000,74,0.00074,134,0.00134
24,1,3,100000,61,0.00061,111,0.00111
24,1,4,100000,66,0.00066,132,0.00132
24,1,5,100000,66,0.00066,159,0.00159
24,2,0,100000,77,0.00077,177,0.00177
24,2,1,100000,77,0.00077,158,0.00158
24,2,2,100000,66,0.00066,136,0.00136
24,2,3,100000,62,0.00062,118,0.00118
24,2,4,100000,57,0.00057,136,0.00136
24,2,5,100000,59,0.00059,158,0.00158
24,3,0,100000,75,0.00075,175,0.00175
24,3,1,100000,79,0.00079,154,0.00154
24,3,2,100000,81,0.00081,138,0.00138
24,3,3,100000,51,0.00051,117,0.00117
24,3,4,100000,56,0.00056,134,0.00134
24,3,5,100000,76,0.00076,165,0.00165
24,4,0,100000,74,0.00074,171,0.00171
24,4,1,100000,83,0.00083,178,0.00178
24,4,2,100000,64,0.00064,134,0.00134
24,4,3,100000,66,0.00066,134,0.00134
24,4,4,100000,68,0.00068,154,0.00154
24,4,5,100000,89,0.00089,157,0.00157
24,5,0,100000,85,0.00085,178,0.00178
24,5,1,100000,75,0.00075,169,0.00169
24,5,2,100000,62,0.00062,132,0.00132
24,5,3,100000,53,0.00053,112,0.00112
24,5,4,100000,67,0.00067,133,0.00133
24,5,5,100000,78,0.00078,156,0.00156
24,6,0,100000,88,0.00088,199,0.00199
24,6,1,100000,77,0.00077,189,0.00189
24,6,2,100000,47,0.00047,121,0.00121
24,6,3,100000,50,0.0005,124,0.00124
24,6,4,100000,67,0.00067,137,0.00137
24,6,5,100000,65,0.00065,168,0.00168
24,7,0,100000,101,0.00101,173,0.00173
24,7,1,100000,87,0.00087,151,0.00151
24,7,2,100000,50,0.0005,118,0.00118
24,7,3,100000,54,0.00054,124,0.00124
24,7,4,100000,67,0.00067,157,0.00157
24,7,5,100000,56,0.00056,146,0.00146
24,8,0,100000,83,0.00083,189,0.00189
24,8,1,100000,78,0.00078,172,0.00172
24,8,2,100000,41,0.00041,127,0.00127
24,8,3,100000,43,0.00043,100,0.001
24,8,4,100000,61,0.00061,148,0.00148
24,8,5,100000,62,0.00062,172,0.00172
24,9,0,100000,97,0.00097,204,0.00204
24,9,1,100000,71,0.00071,181,0.00181
24,9,2,100000,71,0.00071,139,0.00139
24,9,3,100000,58,0.00058,117,0.00117
24,9,4,100000,71,0.00071,116,0.00116
24,9,5,100000,63,0.00063,170,0.0017
24,10,0,100000,84,0.00084,164,0.00164
24,10,1,100000,97,0.00097,167,0.00167
24,10,2,100000,69,0.00069,156,0.00156
24,10,3,100000,64,0.00064,128,0.00128
24,10,4,100000,69,0.00069,136,0.00136
24,10,5,100000,71,0.00071,154,0.00154
24,11,0,100000,90,0.0009,183,0.00183
24,11,1,100000,69,0.00069,160,0.0016
24,11,2,100000,65,0.00065,143,0.00143
24,11,3,100000,65,0.00065,138,0.00138
24,11,4,100000,56,0.00056,125,0.00125
24,11,5,100000,78,0.00078,162,0.00162
24,12,0,100000,81,0.00081,174,0.00174
24,12,1,100000,89,0.00089,169,0.00169
24,12,2,100000,86,0.00086,156,0.00156
24,12,3,100000,56,0.00056,116,0.00116
24,12,4,100000,63,0.00063,151,0.00151
24,12,5,100000,72,0.00072,157,0.00157
24,13,0,100000,78,0.00078,194,0.00194
24,13,1,100000,85,0.00085,167,0.00167
24,13,2,100000,51,0.00051,141,0.00141
24,13,3,100000,54,0.00054,115,0.00115
24,13,4,100000,57,0.00057,130,0.0013
24,13,5,100000,108,0.00108,174,0.00174
24,14,0,100000,93,0.00093,176,0.00176
24,14,1,100000,100,0.001,181,0.00181
24,14,2,100000,72,0.00072,139,0.00139
24,14,3,100000,64,0.00064,124,0.00124
24,14,4,100000,85,0.00085,128,0.00128
24,14,5,100000,70,0.0007,159,0.00159
24,15,0,100000,86,0.00086,161,0.00161
24,15,1,100000,67,0.00067,176,0.00176
24,15,2,100000,62,0.00062,151,0.00151
24,15,3,100000,55,0.00055,114,0.00114
24,15,4,100000,85,0.00085,152,0.00152
24,15,5,100000,83,0.00083,154,0.00154
24,16,0,100000,91,0.00091,183,0.00183
24,16,1,100000,78,0.00078,157,0.00157
24,16,2,100000,62,0.00062,147,0.00147
24,16,3,100000,33,0.00033,112,0.00112
24,16,4,100000,93,0.00093,144,0.00144
24,16,5,100000,69,0.00069,154,0.00154
24,17,0,100000,108,0.00108,199,0.00199
24,17,1,100000,89,0.00089,173,0.00173
24,17,2,100000,53,0.00053,140,0.0014
24,17,3,100000,63,0.00063,117,0.00117
24,17,4,100000,62,0.00062,140,0.0014
24,17,5,100000,99,0.00099,169,0.00169
24,18,0,100000,101,0.00101,183,0.00183
24,18,1,100000,101,0.00101,171,0.00171
24,18,2,100000,66,0.00066,128,0.00128
24,18,3,100000,46,0.00046,110,0.0011
24,18,4,100000,69,0.00069,140,0.0014
24,18,5,100000,83,0.00083,183,0.00183
24,19,0,100000,104,0.00104,187,0.00187
24,19,1,100000,68,0.00068,183,0.00183
24,19,2,100000,65,0.00065,152,0.00152
24,19,3,100000,63,0.00063,119,0.00119
24,19,4,100000,71,0.00071,130,0.0013
24,19,5,100000,65,0.00065,161,0.00161
24,20,0,100000,86,0.00086,169,0.00169
24,20,1,100000,79,0.00079,167,0.00167
24,20,2,100000,74,0.00074,152,0.00152
24,20,3,100000,51,0.00051,115,0.00115
24,20,4,100000,69,0.00069,139,0.00139
24,20,5,100000,69,0.00069,157,0.00157
24,21,0,100000,73,0.00073,171,0.00171
24,21,1,100000,79,0.00079,167,0.00167
24,21,2,100000,63,0.00063,144,0.00144
24,21,3,100000,55,0.00055,121,0.00121
24,21,4,100000,94,0.00094,135,0.00135
24,21,5,100000,74,0.00074,179,0.00179
24,22,0,100000,83,0.00083,182,0.00182
24,22,1,100000,91,0.00091,152,0.00152
24,22,2,100000,70,0.0007,143,0.00143
24,22,3,100000,39,0.00039,125,0.00125
24,22,4,100000,49,0.00049,147,0.00147
24,22,5,100000,104,0.00104,186,0.00186
24,23,0,100000,82,0.00082,194,0.00194
24,23,1,100000,100,0.001,186,0.00186
24,23,2,100000,61,0.00061,152,0.00152
24,23,3,100000,51,0.00051,111,0.00111
24,23,4,100000,54,0.00054,138,0.00138
24,23,5,100000,90,0.0009,156,0.00156
24,24,0,100000,98,0.00098,189,0.00189
24,24,1,100000,96,0.00096,169,0.00169
24,24,2,100000,55,0.00055,144,0.00144
24,24,3,100000,50,0.0005,116,0.00116
24,24,4,100000,66,0.00066,124,0.00124
24,24,5,100000,73,0.00073,154,0.00154
24,25,0,100000,71,0.00071,177,0.00177
24,25,1,100000,84,0.00084,167,0.00167
24,25,2,100000,63,0.00063,128,0.00128
24,25,3,100000,70,0.0007,117,0.00117
24,25,4,100000,66,0.00066,136,0.00136
24,25,5,100000,85,0.00085,164,0.00164
24,26,0,100000,83,0.00083,176,0.00176
24,26,1,100000,85,0.00085,156,0.00156
24,26,2,100000,55,0.00055,134,0.00134
24,26,3,100000,70,0.0007,117,0.00117
24,26,4,100000,72,0.00072,125,0.00125
24,26,5,100000,96,0.00096,182,0.00182
24,27,0,100000,100,0.001,190,0.0019
24,27,1,100000,78,0.00078,181,0.00181
24,27,2,100000,60,0.0006,133,0.00133
24,27,3,100000,51,0.00051,97,0.00097
24,27,4,100000,72,0.00072,161,0.00161
24,27,5,100000,88,0.00088,180,0.0018
24,28,0,100000,88,0.00088,178,0.00178
24,28,1,100000,96,0.00096,203,0.00203
24,28,2,100000,60,0.0006,133,0.00133
24,28,3,100000,46,0.00046,118,0.00118
24,28,4,100000,69,0.00069,148,0.00148
24,28,5,100000,60,0.0006,166,0.00166
24,29,0,100000,69,0.00069,170,0.0017
24,29,1,100000,76,0.00076,165,0.00165
24,29,2,100000,76,0.00076,161,0.00161
24,29,3,100000,60,0.0006,132,0.00132
24,29,4,100000,71,0.00071,130,0.0013
24,29,5,100000,68,0.00068,180,0.0018
24,30,0,100000,118,0.00118,194,0.00194
24,30,1,100000,99,0.00099,185,0.00185
24,30,2,100000,54,0.00054,122,0.00122
24,30,3,100000,48,0.00048,121,0.00121
24,30,4,100000,85,0.00085,148,0.00148
24,30,5,100000,74,0.00074,146,0.00146
24,31,0,100000,80,0.0008,157,0.00157
24,31,1,100000,81,0.00081,175,0.00175
24,31,2,100000,52,0.00052,125,0.00125
24,31,3,100000,61,0.00061,108,0.00108
24,31,4,100000,62,0.00062,151,0.00151
24,31,5,100000,89,0.00089,192,0.00192
24,32,0,100000,92,0.00092,157,0.00157
24,32,1,100000,74,0.00074,164,0.00164
24,32,2,100000,90,0.0009,142,0.00142
24,32,3,100000,65,0.00065,142,0.00142
24,32,4,100000,75,0.00075,128,0.00128
24,32,5,100000,74,0.00074,169,0.00169
24,33,0,100000,65,0.00065,175,0.00175
24,33,1,100000,73,0.00073,195,0.00195
24,33,2,100000,67,0.00067,132,0.00132
24,33,3,100000,46,0.00046,113,0.00113
24,33,4,100000,43,0.00043,145,0.00145
24,33,5,100000,65,0.00065,155,0.00155
24,34,0,100000,110,0.0011,187,0.00187
24,34,1,100000,70,0.0007,160,0.0016
24,34,2,100000,55,0.00055,128,0.00128
24,34,3,100000,46,0.00046,101,0.00101
24,34,4,100000,58,0.00058,134,0.00134
24,34,5,100000,76,0.00076,158,0.00158
24,35,0,100000,82,0.00082,180,0.0018
24,35,1,100000,73,0.00073,147,0.00147
24,35,2,100000,71,0.00071,140,0.0014
24,35,3,100000,41,0.00041,122,0.00122
24,35,4,100000,75,0.00075,115,0.00115
24,35,5,100000,70,0.0007,152,0.00152
24,36,0,100000,78,0.00078,134,0.00134
24,36,1,100000,55,0.00055,136,0.00136
24,36,2,100000,51,0.00051,141,0.00141
24,36,3,100000,48,0.00048,106,0.00106
24,36,4,100000,56,0.00056,130,0.0013
24,36,5,100000,97,0.00097,166,0.00166
24,37,0,100000,75,0.00075,158,0.00158
24,37,1,100000,63,0.00063,151,0.00151
24,37,2,100000,58,0.00058,143,0.00143
24,37,3,100000,53,0.00053,128,0.00128
24,37,4,100000,84,0.00084,146,0.00146
24,37,5,100000,82,0.00082,151,0.00151
24,38,0,100000,72,0.00072,154,0.00154
24,38,1,100000,69,0.00069,155,0.00155
24,38,2,100000,64,0.00064,120,0.0012
24,38,3,100000,74,0.00074,112,0.00112
24,38,4,100000,49,0.00049,131,0.00131
24,38,5,100000,66,0.00066,136,0.00136
24,39,0,100000,72,0.00072,144,0.00144
24,39,1,100000,64,0.00064,147,0.00147
24,39,2,100000,62,0.00062,126,0.00126
24,39,3,100000,39,0.00039,101,0.00101
24,39,4,100000,41,0.00041,104,0.00104
24,39,5,100000,43,0.00043,119,0.00119
24,40,0,100000,42,0.00042,108,0.00108
24,40,1,100000,58,0.00058,100,0.001
24,40,2,100000,30,0.0003,98,0.00098
24,40,3,100000,58,0.00058,97,0.00097
24,40,4,100000,53,0.00053,113,0.00113
24,40,5,100000,66,0.00066,132,0.00132
24,41,0,100000,36,0.00036,96,0.00096
24,41,1,100000,60,0.0006,116,0.00116
24,41,2,100000,35,0.00035,96,0.00096
24,41,3,100000,28,0.00028,82,0.00082
24,41,4,100000,37,0.00037,89,0.00089
24,41,5,100000,53,0.00053,103,0.00103
24,42,0,100000,43,0.00043,102,0.00102
24,42,1,100000,58,0.00058,106,0.00106
24,42,2,100000,40,0.0004,103,0.00103
24,42,3,100000,34,0.00034,89,0.00089
24,42,4,100000,36,0.00036,79,0.00079
24,42,5,100000,53,0.00053,100,0.001
24,43,0,100000,37,0.00037,87,0.00087
24,43,1,100000,55,0.00055,94,0.00094
24,43,2,100000,42,0.00042,77,0.00077
24,43,3,100000,21,0.00021,74,0.00074
24,43,4,100000,28,0.00028,78,0.00078
24,43,5,100000,34,0.00034,85,0.00085
24,44,0,100000,32,0.00032,78,0.00078
24,44,1,100000,50,0.0005,87,0.00087
24,44,2,100000,24,0.00024,80,0.0008
24,44,3,100000,35,0.00035,82,0.00082
24,44,4,100000,27,0.00027,64,0.00064
24,44,5,100000,45,0.00045,85,0.00085
24,45,0,100000,49,0.00049,75,0.00075
24,45,1,100000,28,0.00028,91,0.00091
24,45,2,100000,45,0.00045,84,0.00084
24,45,3,100000,34,0.00034,69,0.00069
24,45,4,100000,24,0.00024,75,0.00075
24,45,5,100000,21,0.00021,76,0.00076
24,46,0,100000,51,0.00051,84,0.00084
24,46,1,100000,38,0.00038,79,0.00079
24,46,2,100000,32,0.00032,80,0.0008
24,46,3,100000,23,0.00023,67,0.00067
24,46,4,100000,21,0.00021,68,0.00068
24,46,5,100000,27,0.00027,61,0.00061
24,47,0,100000,28,0.00028,66,0.00066
24,47,1,100000,26,0.00026,58,0.00058
24,47,2,100000,31,0.00031,86,0.00086
24,47,3,100000,44,0.00044,80,0.0008
24,47,4,100000,37,0.00037,77,0.00077
24,47,5,100000,21,0.00021,67,0.00067
24,48,0,100000,32,0.00032,66,0.00066
24,48,1,100000,18,0.00018,75,0.00075
24,48,2,100000,20,0.0002,77,0.00077
24,48,3,100000,36,0.00036,90,0.0009
24,48,4,100000,17,0.00017,69,0.00069
24,48,5,100000,29,0.00029,85,0.00085
24,49,0,100000,28,0.00028,65,0.00065
24,49,1,100000,32,0.00032,68,0.00068
24,49,2,100000,32,0.00032,63,0.00063
24,49,3,100000,26,0.00026,76,0.00076
24,49,4,100000,50,0.0005,84,0.00084
24,49,5,100000,33,0.00033,62,0.00062
24,50,0,100000,14,0.00014,82,0.00082
24,50,1,100000,17,0.00017,68,0.00068
24,50,2,100000,16,0.00016,60,0.0006
24,50,3,100000,21,0.00021,54,0.00054
24,50,4,100000,39,0.00039,55,0.00055
24,50,5,100000,25,0.00025,75,0.00075
25,-50,0,100000,21,0.00021,69,0.00069
25,-50,1,100000,38,0.00038,82,0.00082
25,-50,2,100000,30,0.0003,77,0.00077
25,-50,3,100000,16,0.00016,57,0.00057
25,-50,4,100000,44,0.00044,91,0.00091
25,-50,5,100000,33,0.00033,83,0.00083
25,-49,0,100000,24,0.00024,84,0.00084
25,-49,1,100000,27,0.00027,62,0.00062
25,-49,2,100000,23,0.00023,87,0.00087
25,-49,3,100000,21,0.00021,71,0.00071
25,-49,4,100000,44,0.00044,71,0.00071
25,-49,5,100000,31,0.00031,81,0.00081
25,-48,0,100000,54,0.00054,79,0.00079
25,-48,1,100000,28,0.00028,80,0.0008
25,-48,2,100000,21,0.00021,68,0.00068
25,-48,3,100000,24,0.00024,76,0.00076
25,-48,4,100000,30,0.0003,71,0.00071
25,-48,5,100000,34,0.00034,70,0.0007
25,-47,0,100000,23,0.00023,74,0.00074
25,-47,1,100000,16,0.00016,61,0.00061
25,-47,2,100000,29,0.00029,66,0.00066
25,-47,3,100000,16,0.00016,76,0.00076
25,-47,4,100000,40,0.0004,67,0.00067
25,-47,5,100000,50,0.0005,73,0.00073
25,-46,0,100000,32,0.00032,79,0.00079
25,-46,1,100000,51,0.00051,77,0.00077
25,-46,2,100000,28,0.00028,77,0.00077
25,-46,3,100000,42,0.00042,59,0.00059
25,-46,4,100000,28,0.00028,79,0.00079
25,-46,5,100000,41,0.00041,85,0.00085
25,-45,0,100000,52,0.00052,90,0.0009
25,-45,1,100000,24,0.00024,69,0.00069
25,-45,2,100000,30,0.0003,74,0.00074
25,-45,3,100000,27,0.00027,83,0.00083
25,-45,4,100000,31,0.00031,84,0.00084
25,-45,5,100000,33,0.00033,68,0.00068
25,-44,0,100000,43,0.00043,74,0.00074
25,-44,1,100000,20,0.0002,71,0.00071
25,-44,2,100000,35,0.00035,74,0.00074
25,-44,3,100000,20,0.0002,76,0.00076
25,-44,4,100000,46,0.00046,76,0.00076
25,-44,5,100000,41,0.00041,71,0.00071
25,-43,0,100000,61,0.00061,79,0.00079
25,-43,1,100000,36,0.00036,83,0.00083
25,-43,2,100000,32,0.00032,84,0.00084
25,-43,3,100000,29,0.00029,79,0.00079
25,-43,4,100000,27,0.00027,79,0.00079
25,-43,5,100000,24,0.00024,82,0.00082
25,-42,0,100000,35,0.00035,95,0.00095
25,-42,1,100000,36,0.00036,93,0.00093
25,-42,2,100000,41,0.00041,88,0.00088
25,-42,3,100000,41,0.00041,79,0.00079
25,-42,4,100000,54,0.00054,82,0.00082
25,-42,5,100000,49,0.00049,118,0.00118
25,-41,0,100000,47,0.00047,97,0.00097
25,-41,1,100000,32,0.00032,98,0.00098
25,-41,2,100000,37,0.00037,68,0.00068
25,-41,3,100000,43,0.00043,88,0.00088
25,-41,4,100000,38,0.00038,97,0.00097
25,-41,5,100000,31,0.00031,93,0.00093
25,-40,0,100000,50,0.0005,125,0.00125
25,-40,1,100000,64,0.00064,122,0.00122
25,-40,2,100000,33,0.00033,72,0.00072
25,-40,3,100000,38,0.00038,85,0.00085
25,-40,4,100000,33,0.00033,94,0.00094
25,-40,5,100000,51,0.00051,105,0.00105
25,-39,0,100000,42,0.00042,119,0.00119
25,-39,1,100000,65,0.00065,124,0.00124
25,-39,2,100000,40,0.0004,123,0.00123
25,-39,3,100000,24,0.00024,78,0.00078
25,-39,4,100000,49,0.00049,106,0.00106
25,-39,5,100000,57,0.00057,108,0.00108
25,-38,0,100000,55,0.00055,119,0.00119
25,-38,1,100000,42,0.00042,112,0.00112
25,-38,2,100000,51,0.00051,104,0.00104
25,-38,3,100000,37,0.00037,83,0.00083
25,-38,4,100000,46,0.00046,115,0.00115
25,-38,5,100000,67,0.00067,139,0.00139
25,-37,0,100000,68,0.00068,139,0.00139
25,-37,1,100000,75,0.00075,137,0.00137
25,-37,2,100000,39,0.00039,97,0.00097
25,-37,3,100000,55,0.00055,115,0.00115
25,-37,4,100000,45,0.00045,118,0.00118
25,-37,5,100000,62,0.00062,130,0.0013
25,-36,0,100000,55,0.00055,136,0.00136
25,-36,1,100000,62,0.00062,146,0.00146
25,-36,2,100000,68,0.00068,113,0.00113
25,-36,3,100000,47,0.00047,111,0.00111
25,-36,4,100000,52,0.00052,91,0.00091
25,-36,5,100000,65,0.00065,134,0.00134
25,-35,0,100000,76,0.00076,157,0.00157
25,-35,1,100000,67,0.00067,154,0.00154
25,-35,2,100000,53,0.00053,106,0.00106
25,-35,3,100000,54,0.00054,104,0.00104
25,-35,4,100000,58,0.00058,116,0.00116
25,-35,5,100000,42,0.00042,130,0.0013
25,-34,0,100000,55,0.00055,132,0.00132
25,-34,1,100000,58,0.00058,144,0.00144
25,-34,2,100000,53,0.00053,113,0.00113
25,-34,3,100000,38,0.00038,130,0.0013
25,-34,4,100000,67,0.00067,114,0.00114
25,-34,5,100000,61,0.00061,135,0.00135
25,-33,0,100000,76,0.00076,160,0.0016
25,-33,1,100000,60,0.0006,138,0.00138
25,-33,2,100000,63,0.00063,131,0.00131
25,-33,3,100000,43,0.00043,103,0.00103
25,-33,4,100000,54,0.00054,115,0.00115
25,-33,5,100000,60,0.0006,149,0.00149
25,-32,0,100000,74,0.00074,143,0.00143
25,-32,1,100000,69,0.00069,141,0.00141
25,-32,2,100000,39,0.00039,107,0.00107
25,-32,3,100000,51,0.00051,107,0.00107
25,-32,4,100000,80,0.0008,136,0.00136
25,-32,5,100000,64,0.00064,134,0.00134
25,-31,0,100000,62,0.00062,142,0.00142
25,-31,1,100000,52,0.00052,138,0.00138
25,-31,2,100000,70,0.0007,124,0.00124
25,-31,3,100000,78,0.00078,116,0.00116
25,-31,4,100000,28,0.00028,105,0.00105
25,-31,5,100000,56,0.00056,146,0.00146
25,-30,0,100000,40,0.0004,104,0.00104
25,-30,1,100000,72,0.00072,138,0.00138
25,-30,2,100000,57,0.00057,124,0.00124
25,-30,3,100000,49,0.00049,114,0.00114
25,-30,4,100000,46,0.00046,107,0.00107
25,-30,5,100000,64,0.00064,119,0.00119
25,-29,0,100000,75,0.00075,140,0.0014
25,-29,1,100000,61,0.00061,132,0.00132
25,-29,2,100000,66,0.00066,124,0.00124
25,-29,3,100000,45,0.00045,115,0.00115
25,-29,4,100000,65,0.00065,126,0.00126
25,-29,5,100000,67,0.00067,153,0.00153
25,-28,0,100000,68,0.00068,134,0.00134
25,-28,1,100000,53,0.00053,161,0.00161
25,-28,2,100000,49,0.00049,112,0.00112
25,-28,3,100000,67,0.00067,115,0.00115
25,-28,4,100000,70,0.0007,133,0.00133
25,-28,5,100000,66,0.00066,133,0.00133
25,-27,0,100000,60,0.0006,144,0.00144
25,-27,1,100000,69,0.00069,139,0.00139
25,-27,2,100000,69,0.00069,129,0.00129
25,-27,3,100000,48,0.00048,96,0.00096
25,-27,4,100000,51,0.00051,128,0.00128
25,-27,5,100000,67,0.00067,166,0.00166
25,-26,0,100000,53,0.00053,161,0.00161
25,-26,1,100000,58,0.00058,144,0.00144
25,-26,2,100000,52,0.00052,108,0.00108
25,-26,3,100000,41,0.00041,105,0.00105
25,-26,4,100000,59,0.00059,130,0.0013
25,-26,5,100000,58,0.00058,125,0.00125
25,-25,0,100000,59,0.00059,166,0.00166
25,-25,1,100000,57,0.00057,131,0.00131
25,-25,2,100000,60,0.0006,125,0.00125
25,-25,3,100000,45,0.00045,98,0.00098
25,-25,4,100000,39,0.00039,128,0.00128
25,-25,5,100000,69,0.00069,150,0.0015
25,-24,0,100000,91,0.00091,135,0.00135
25,-24,1,100000,44,0.00044,140,0.0014
25,-24,2,100000,52,0.00052,128,0.00128
25,-24,3,100000,49,0.00049,96,0.00096
25,-24,4,100000,50,0.0005,125,0.00125
25,-24,5,100000,83,0.00083,149,0.00149
25,-23,0,100000,76,0.00076,157,0.00157
25,-23,1,100000,72,0.00072,152,0.00152
25,-23,2,100000,46,0.00046,116,0.00116
25,-23,3,100000,52,0.00052,114,0.00114
25,-23,4,100000,43,0.00043,105,0.00105
25,-23,5,100000,85,0.00085,162,0.00162
25,-22,0,100000,58,0.00058,132,0.00132
25,-22,1,100000,55,0.00055,141,0.00141
25,-22,2,100000,68,0.00068,127,0.00127
25,-22,3,100000,35,0.00035,97,0.00097
25,-22,4,100000,58,0.00058,117,0.00117
25,-22,5,100000,57,0.00057,130,0.0013
25,-21,0,100000,69,0.00069,163,0.00163
25,-21,1,100000,70,0.0007,134,0.00134
25,-21,2,100000,44,0.00044,118,0.00118
25,-21,3,100000,48,0.00048,117,0.00117
25,-21,4,100000,75,0.00075,124,0.00124
25,-21,5,100000,66,0.00066,163,0.00163
25,-20,0,100000,66,0.00066,163,0.00163
25,-20,1,100000,65,0.00065,126,0.00126
25,-20,2,100000,58,0.00058,133,0.00133
25,-20,3,100000,39,0.00039,84,0.00084
25,-20,4,100000,63,0.00063,120,0.0012
25,-20,5,100000,74,0.00074,148,0.00148
25,-19,0,100000,78,0.00078,144,0.00144
25,-19,1,100000,62,0.00062,131,0.00131
25,-19,2,100000,44,0.00044,119,0.00119
25,-19,3,100000,48,0.00048,108,0.00108
25,-19,4,100000,44,0.00044,102,0.00102
25,-19,5,100000,68,0.00068,142,0.00142
25,-18,0,100000,94,0.00094,155,0.00155
25,-18,1,100000,73,0.00073,137,0.00137
25,-18,2,100000,46,0.00046,118,0.00118
25,-18,3,100000,43,0.00043,107,0.00107
25,-18,4,100000,49,0.00049,124,0.00124
25,-18,5,100000,62,0.00062,144,0.00144
25,-17,0,100000,49,0.00049,132,0.00132
25,-17,1,100000,68,0.00068,136,0.00136
25,-17,2,100000,41,0.00041,126,0.00126
25,-17,3,100000,56,0.00056,105,0.00105
25,-17,4,100000,47,0.00047,118,0.00118
25,-17,5,100000,67,0.00067,131,0.00131
25,-16,0,100000,63,0.00063,139,0.00139
25,-16,1,100000,68,0.00068,146,0.00146
25,-16,2,100000,56,0.00056,120,0.0012
25,-16,3,100000,39,0.00039,114,0.00114
25,-16,4,100000,64,0.00064,108,0.00108
25,-16,5,100000,49,0.00049,133,0.00133
25,-15,0,100000,56,0.00056,140,0.0014
25,-15,1,100000,71,0.00071,134,0.00134
25,-15,2,100000,40,0.0004,120,0.0012
25,-15,3,100000,63,0.00063,98,0.00098
25,-15,4,100000,58,0.00058,104,0.00104
25,-15,5,100000,82,0.00082,145,0.00145
25,-14,0,100000,73,0.00073,141,0.00141
25,-14,1,100000,60,0.0006,123,0.00123
25,-14,2,100000,46,0.00046,124,0.00124
25,-14,3,100000,46,0.00046,102,0.00102
25,-14,4,100000,67,0.00067,119,0.00119
25,-14,5,100000,61,0.00061,155,0.00155
25,-13,0,100000,69,0.00069,149,0.00149
25,-13,1,100000,81,0.00081,149,0.00149
25,-13,2,100000,68,0.00068,135,0.00135
25,-13,3,100000,47,0.00047,91,0.00091
25,-13,4,100000,49,0.00049,117,0.00117
25,-13,5,100000,70,0.0007,128,0.00128
25,-12,0,100000,65,0.00065,147,0.00147
25,-12,1,100000,54,0.00054,137,0.00137
25,-12,2,100000,59,0.00059,107,0.00107
25,-12,3,100000,57,0.00057,103,0.00103
25,-12,4,100000,66,0.00066,136,0.00136
25,-12,5,100000,64,0.00064,144,0.00144
25,-11,0,100000,62,0.00062,151,0.00151
25,-11,1,100000,80,0.0008,137,0.00137
25,-11,2,100000,60,0.0006,128,0.00128
25,-11,3,100000,29,0.00029,91,0.00091
25,-11,4,100000,61,0.00061,121,0.00121
25,-11,5,100000,55,0.00055,134,0.00134
25,-10,0,100000,80,0.0008,152,0.00152
25,-10,1,100000,64,0.00064,143,0.00143
25,-10,2,100000,47,0.00047,118,0.00118
25,-10,3,100000,67,0.00067,110,0.0011
25,-10,4,100000,60,0.0006,101,0.00101
25,-10,5,100000,70,0.0007,136,0.00136
25,-9,0,100000,76,0.00076,166,0.00166
25,-9,1,100000,52,0.00052,135,0.00135
25,-9,2,100000,39,0.00039,118,0.00118
25,-9,3,100000,47,0.00047,110,0.0011
25,-9,4,100000,50,0.0005,120,0.0012
25,-9,5,100000,56,0.00056,150,0.0015
25,-8,0,100000,81,0.00081,154,0.00154
25,-8,1,100000,82,0.00082,129,0.00129
25,-8,2,100000,40,0.0004,127,0.00127
25,-8,3,100000,65,0.00065,119,0.00119
25,-8,4,100000,48,0.00048,126,0.00126
25,-8,5,100000,68,0.00068,148,0.00148
25,-7,0,100000,95,0.00095,151,0.00151
25,-7,1,100000,66,0.00066,152,0.00152
25,-7,2,100000,46,0.00046,129,0.00129
25,-7,3,100000,45,0.00045,127,0.00127
25,-7,4,100000,45,0.00045,121,0.00121
25,-7,5,100000,71,0.00071,166,0.00166
25,-6,0,100000,86,0.00086,146,0.00146
25,-6,1,100000,67,0.00067,137,0.00137
25,-6,2,100000,75,0.00075,139,0.00139
25,-6,3,100000,37,0.00037,117,0.00117
25,-6,4,100000,52,0.00052,112,0.00112
25,-6,5,100000,54,0.00054,145,0.00145
25,-5,0,100000,62,0.00062,138,0.00138
25,-5,1,100000,75,0.00075,136,0.00136
25,-5,2,100000,39,0.00039,113,0.00113
25,-5,3,100000,36,0.00036,98,0.00098
25,-5,4,100000,52,0.00052,126,0.00126
25,-5,5,100000,63,0.00063,134,0.00134
25,-4,0,100000,87,0.00087,161,0.00161
25,-4,1,100000,73,0.00073,148,0.00148
25,-4,2,100000,76,0.00076,123,0.00123
25,-4,3,100000,37,0.00037,91,0.00091
25,-4,4,100000,68,0.00068,119,0.00119
25,-4,5,100000,72,0.00072,145,0.00145
25,-3,0,100000,70,0.0007,164,0.00164
25,-3,1,100000,71,0.00071,150,0.0015
25,-3,2,100000,39,0.00039,100,0.001
25,-3,3,100000,50,0.0005,103,0.00103
25,-3,4,100000,57,0.00057,111,0.00111
25,-3,5,100000,83,0.00083,144,0.00144
25,-2,0,100000,69,0.00069,140,0.0014
25,-2,1,100000,67,0.00067,162,0.00162
25,-2,2,100000,47,0.00047,109,0.00109
25,-2,3,100000,50,0.0005,99,0.00099
25,-2,4,100000,50,0.0005,139,0.00139
25,-2,5,100000,50,0.0005,132,0.00132
25,-1,0,100000,60,0.0006,133,0.00133
25,-1,1,100000,85,0.00085,152,0.00152
25,-1,2,100000,60,0.0006,123,0.00123
25,-1,3,100000,46,0.00046,100,0.001
25,-1,4,100000,50,0.0005,119,0.00119
25,-1,5,100000,96,0.00096,162,0.00162
25,0,0,100000,66,0.00066,151,0.00151
25,0,1,100000,79,0.00079,159,0.00159
25,0,2,100000,44,0.00044,89,0.00089
25,0,3,100000,46,0.00046,103,0.00103
25,0,4,100000,45,0.00045,115,0.00115
25,0,5,100000,83,0.00083,123,0.00123
25,1,0,100000,66,0.00066,171,0.00171
25,1,1,100000,67,0.00067,143,0.00143
25,1,2,100000,67,0.00067,121,0.00121
25,1,3,100000,34,0.00034,95,0.00095
25,1,4,100000,44,0.00044,138,0.00138
25,1,5,100000,83,0.00083,144,0.00144
25,2,0,100000,74,0.00074,167,0.00167
25,2,1,100000,63,0.00063,140,0.0014
25,2,2,100000,49,0.00049,110,0.0011
25,2,3,100000,66,0.00066,110,0.0011
25,2,4,100000,55,0.00055,131,0.00131
25,2,5,100000,66,0.00066,132,0.00132
25,3,0,100000,60,0.0006,147,0.00147
25,3,1,100000,57,0.00057,155,0.00155
25,3,2,100000,50,0.0005,122,0.00122
25,3,3,100000,48,0.00048,92,0.00092
25,3,4,100000,50,0.0005,113,0.00113
25,3,5,100000,56,0.00056,147,0.00147
25,4,0,100000,77,0.00077,157,0.00157
25,4,1,100000,52,0.00052,128,0.00128
25,4,2,100000,72,0.00072,137,0.00137
25,4,3,100000,65,0.00065,120,0.0012
25,4,4,100000,59,0.00059,152,0.00152
25,4,5,100000,63,0.00063,126,0.00126
25,5,0,100000,70,0.0007,134,0.00134
25,5,1,100000,50,0.0005,137,0.00137
25,5,2,100000,78,0.00078,115,0.00115
25,5,3,100000,42,0.00042,111,0.00111
25,5,4,100000,51,0.00051,109,0.00109
25,5,5,100000,72,0.00072,141,0.00141
25,6,0,100000,55,0.00055,157,0.00157
25,6,1,100000,68,0.00068,149,0.00149
25,6,2,100000,48,0.00048,101,0.00101
25,6,3,100000,35,0.00035,110,0.0011
25,6,4,100000,63,0.00063,115,0.00115
25,6,5,100000,72,0.00072,137,0.00137
25,7,0,100000,60,0.0006,146,0.00146
25,7,1,100000,86,0.00086,170,0.0017
25,7,2,100000,45,0.00045,123,0.00123
25,7,3,100000,77,0.00077,129,0.00129
25,7,4,100000,57,0.00057,109,0.00109
25,7,5,100000,44,0.00044,135,0.00135
25,8,0,100000,65,0.00065,154,0.00154
25,8,1,100000,65,0.00065,135,0.00135
25,8,2,100000,54,0.00054,124,0.00124
25,8,3,100000,45,0.00045,89,0.00089
25,8,4,100000,54,0.00054,111,0.00111
25,8,5,100000,48,0.00048,97,0.00097
25,9,0,100000,79,0.00079,161,0.00161
25,9,1,100000,36,0.00036,133,0.00133
25,9,2,100000,63,0.00063,118,0.00118
25,9,3,100000,47,0.00047,102,0.00102
25,9,4,100000,63,0.00063,137,0.00137
25,9,5,100000,80,0.0008,168,0.00168
25,10,0,100000,76,0.00076,146,0.00146
25,10,1,100000,55,0.00055,133,0.00133
25,10,2,100000,59,0.00059,124,0.00124
25,10,3,100000,40,0.0004,92,0.00092
25,10,4,100000,37,0.00037,122,0.00122
25,10,5,100000,69,0.00069,135,0.00135
25,11,0,100000,88,0.00088,153,0.00153
25,11,1,100000,54,0.00054,129,0.00129
25,11,2,100000,54,0.00054,123,0.00123
25,11,3,100000,38,0.00038,97,0.00097
25,11,4,100000,45,0.00045,123,0.00123
25,11,5,100000,61,0.00061,132,0.00132
25,12,0,100000,72,0.00072,147,0.00147
25,12,1,100000,79,0.00079,145,0.00145
25,12,2,100000,49,0.00049,89,0.00089
25,12,3,100000,35,0.00035,104,0.00104
25,12,4,100000,65,0.00065,118,0.00118
25,12,5,100000,58,0.00058,138,0.00138
25,13,0,100000,69,0.00069,153,0.00153
25,13,1,100000,45,0.00045,137,0.00137
25,13,2,100000,60,0.0006,138,0.00138
25,13,3,100000,64,0.00064,103,0.00103
25,13,4,100000,43,0.00043,116,0.00116
25,13,5,100000,41,0.00041,133,0.00133
25,14,0,100000,79,0.00079,151,0.00151
25,14,1,100000,71,0.00071,139,0.00139
25,14,2,100000,68,0.00068,126,0.00126
25,14,3,100000,59,0.00059,85,0.00085
25,14,4,100000,46,0.00046,129,0.00129
25,14,5,100000,60,0.0006,140,0.0014
25,15,0,100000,69,0.00069,144,0.00144
25,15,1,100000,64,0.00064,135,0.00135
25,15,2,100000,69,0.00069,120,0.0012
25,15,3,100000,49,0.00049,93,0.00093
25,15,4,100000,52,0.00052,125,0.00125
25,15,5,100000,64,0.00064,133,0.00133
25,16,0,100000,74,0.00074,157,0.00157
25,16,1,100000,62,0.00062,135,0.00135
25,16,2,100000,69,0.00069,126,0.00126
25,16,3,100000,43,0.00043,109,0.00109
25,16,4,100000,74,0.00074,119,0.00119
25,16,5,100000,67,0.00067,148,0.00148
25,17,0,100000,70,0.0007,146,0.00146
25,17,1,100000,84,0.00084,136,0.00136
25,17,2,100000,42,0.00042,120,0.0012
25,17,3,100000,56,0.00056,113,0.00113
25,17,4,100000,55,0.00055,112,0.00112
25,17,5,100000,69,0.00069,124,0.00124
25,18,0,100000,78,0.00078,157,0.00157
25,18,1,100000,67,0.00067,138,0.00138
25,18,2,100000,62,0.00062,132,0.00132
25,18,3,100000,54,0.00054,124,0.00124
25,18,4,100000,50,0.0005,114,0.00114
25,18,5,100000,92,0.00092,161,0.00161
25,19,0,100000,57,0.00057,152,0.00152
25,19,1,100000,68,0.00068,140,0.0014
25,19,2,100000,55,0.00055,132,0.00132
25,19,3,100000,62,0.00062,108,0.00108
25,19,4,100000,62,0.00062,106,0.00106
25,19,5,100000,51,0.00051,131,0.00131
25,20,0,100000,57,0.00057,134,0.00134
25,20,1,100000,59,0.00059,130,0.0013
25,20,2,100000,45,0.00045,92,0.00092
25,20,3,100000,45,0.00045,87,0.00087
25,20,4,100000,54,0.00054,115,0.00115
25,20,5,100000,66,0.00066,153,0.00153
25,21,0,100000,95,0.00095,169,0.00169
25,21,1,100000,66,0.00066,158,0.00158
25,21,2,100000,88,0.00088,134,0.00134
25,21,3,100000,52,0.00052,105,0.00105
25,21,4,100000,40,0.0004,137,0.00137
25,21,5,100000,76,0.00076,150,0.0015
25,22,0,100000,73,0.00073,160,0.0016
25,22,1,100000,66,0.00066,146,0.00146
25,22,2,100000,50,0.0005,124,0.00124
25,22,3,100000,34,0.00034,110,0.0011
25,22,4,100000,63,0.00063,132,0.00132
25,22,5,100000,58,0.00058,118,0.00118
25,23,0,100000,60,0.0006,132,0.00132
25,23,1,100000,70,0.0007,152,0.00152
25,23,2,100000,44,0.00044,122,0.00122
25,23,3,100000,39,0.00039,113,0.00113
25,23,4,100000,45,0.00045,126,0.00126
25,23,5,100000,51,0.00051,146,0.00146
25,24,0,100000,51,0.00051,137,0.00137
25,24,1,100000,59,0.00059,141,0.00141
25,24,2,100000,71,0.00071,120,0.0012
25,24,3,100000,58,0.00058,107,0.00107
25,24,4,100000,52,0.00052,132,0.00132
25,24,5,100000,91,0.00091,159,0.00159
25,25,0,100000,66,0.00066,153,0.00153
25,25,1,100000,58,0.00058,127,0.00127
25,25,2,100000,42,0.00042,107,0.00107
25,25,3,100000,49,0.00049,102,0.00102
25,25,4,100000,51,0.00051,116,0.00116
25,25,5,100000,55,0.00055,130,0.0013
25,26,0,100000,75,0.00075,155,0.00155
25,26,1,100000,73,0.00073,133,0.00133
25,26,2,100000,55,0.00055,130,0.0013
25,26,3,100000,46,0.00046,107,0.00107
25,26,4,100000,36,0.00036,113,0.00113
25,26,5,100000,72,0.00072,154,0.00154
25,27,0,100000,86,0.00086,164,0.00164
25,27,1,100000,81,0.00081,132,0.00132
25,27,2,100000,55,0.00055,101,0.00101
25,27,3,100000,32,0.00032,107,0.00107
25,27,4,100000,93,0.00093,136,0.00136
25,27,5,100000,64,0.00064,126,0.00126
25,28,0,100000,78,0.00078,158,0.00158
25,28,1,100000,70,0.0007,138,0.00138
25,28,2,100000,89,0.00089,135,0.00135
25,28,3,100000,53,0.00053,102,0.00102
25,28,4,100000,59,0.00059,127,0.00127
25,28,5,100000,65,0.00065,139,0.00139
25,29,0,100000,84,0.00084,154,0.00154
25,29,1,100000,51,0.00051,130,0.0013
25,29,2,100000,58,0.00058,106,0.00106
25,29,3,100000,37,0.00037,94,0.00094
25,29,4,100000,57,0.00057,118,0.00118
25,29,5,100000,61,0.00061,127,0.00127
25,30,0,100000,69,0.00069,147,0.00147
25,30,1,100000,67,0.00067,138,0.00138
25,30,2,100000,78,0.00078,136,0.00136
25,30,3,100000,50,0.0005,113,0.00113
25,30,4,100000,46,0.00046,108,0.00108
25,30,5,100000,83,0.00083,157,0.00157
25,31,0,100000,69,0.00069,147,0.00147
25,31,1,100000,88,0.00088,143,0.00143
25,31,2,100000,53,0.00053,101,0.00101
25,31,3,100000,59,0.00059,104,0.00104
25,31,4,100000,41,0.00041,115,0.00115
25,31,5,100000,70,0.0007,145,0.00145
25,32,0,100000,93,0.00093,159,0.00159
25,32,1,100000,65,0.00065,122,0.00122
25,32,2,100000,68,0.00068,119,0.00119
25,32,3,100000,42,0.00042,86,0.00086
25,32,4,100000,63,0.00063,99,0.00099
25,32,5,100000,64,0.00064,143,0.00143
25,33,0,100000,77,0.00077,136,0.00136
25,33,1,100000,51,0.00051,133,0.00133
25,33,2,100000,84,0.00084,121,0.00121
25,33,3,100000,67,0.00067,110,0.0011
25,33,4,100000,77,0.00077,139,0.00139
25,33,5,100000,61,0.00061,124,0.00124
25,34,0,100000,54,0.00054,135,0.00135
25,34,1,100000,69,0.00069,129,0.00129
25,34,2,100000,69,0.00069,133,0.00133
25,34,3,100000,51,0.00051,112,0.00112
25,34,4,100000,61,0.00061,120,0.0012
25,34,5,100000,77,0.00077,135,0.00135
25,35,0,100000,87,0.00087,146,0.00146
25,35,1,100000,54,0.00054,117,0.00117
25,35,2,100000,57,0.00057,118,0.00118
25,35,3,100000,52,0.00052,98,0.00098
25,35,4,100000,53,0.00053,110,0.0011
25,35,5,100000,60,0.0006,129,0.00129
25,36,0,100000,79,0.00079,151,0.00151
25,36,1,100000,64,0.00064,141,0.00141
25,36,2,100000,50,0.0005,108,0.00108
25,36,3,100000,39,0.00039,100,0.001
25,36,4,100000,42,0.00042,118,0.00118
25,36,5,100000,63,0.00063,141,0.00141
25,37,0,100000,58,0.00058,121,0.00121
25,37,1,100000,50,0.0005,128,0.00128
25,37,2,100000,31,0.00031,97,0.00097
25,37,3,100000,39,0.00039,108,0.00108
25,37,4,100000,68,0.00068,117,0.00117
25,37,5,100000,51,0.00051,145,0.00145
25,38,0,100000,60,0.0006,150,0.0015
25,38,1,100000,64,0.00064,128,0.00128
25,38,2,100000,39,0.00039,94,0.00094
25,38,3,100000,52,0.00052,89,0.00089
25,38,4,100000,66,0.00066,114,0.00114
25,38,5,100000,51,0.00051,113,0.00113
25,39,0,100000,59,0.00059,106,0.00106
25,39,1,100000,39,0.00039,96,0.00096
25,39,2,100000,39,0.00039,110,0.0011
25,39,3,100000,32,0.00032,99,0.00099
25,39,4,100000,38,0.00038,107,0.00107
25,39,5,100000,55,0.00055,133,0.00133
25,40,0,100000,66,0.00066,110,0.0011
25,40,1,100000,41,0.00041,109,0.00109
25,40,2,100000,51,0.00051,96,0.00096
25,40,3,100000,38,0.00038,90,0.0009
25,40,4,100000,64,0.00064,108,0.00108
25,40,5,100000,38,0.00038,86,0.00086
25,41,0,100000,30,0.0003,81,0.00081
25,41,1,100000,48,0.00048,100,0.001
25,41,2,100000,36,0.00036,86,0.00086
25,41,3,100000,17,0.00017,63,0.00063
25,41,4,100000,51,0.00051,98,0.00098
25,41,5,100000,38,0.00038,94,0.00094
25,42,0,100000,42,0.00042,103,0.00103
25,42,1,100000,39,0.00039,73,0.00073
25,42,2,100000,33,0.00033,85,0.00085
25,42,3,100000,23,0.00023,65,0.00065
25,42,4,100000,44,0.00044,89,0.00089
25,42,5,100000,25,0.00025,76,0.00076
25,43,0,100000,53,0.00053,85,0.00085
25,43,1,100000,43,0.00043,94,0.00094
25,43,2,100000,37,0.00037,98,0.00098
25,43,3,100000,44,0.00044,68,0.00068
25,43,4,100000,49,0.00049,77,0.00077
25,43,5,100000,33,0.00033,75,0.00075
25,44,0,100000,35,0.00035,80,0.0008
25,44,1,100000,38,0.00038,85,0.00085
25,44,2,100000,31,0.00031,66,0.00066
25,44,3,100000,31,0.00031,83,0.00083
25,44,4,100000,45,0.00045,79,0.00079
25,44,5,100000,56,0.00056,84,0.00084
25,45,0,100000,42,0.00042,76,0.00076
25,45,1,100000,31,0.00031,82,0.00082
25,45,2,100000,29,0.00029,61,0.00061
25,45,3,100000,35,0.00035,73,0.00073
25,45,4,100000,31,0.00031,68,0.00068
25,45,5,100000,9,9e-05,58,0.00058
25,46,0,100000,36,0.00036,79,0.00079
25,46,1,100000,61,0.00061,76,0.00076
25,46,2,100000,27,0.00027,72,0.00072
25,46,3,100000,29,0.00029,56,0.00056
25,46,4,100000,30,0.0003,66,0.00066
25,46,5,100000,37,0.00037,75,0.00075
25,47,0,100000,65,0.00065,96,0.00096
25,47,1,100000,24,0.00024,80,0.0008
25,47,2,100000,31,0.00031,77,0.00077
25,47,3,100000,29,0.00029,64,0.00064
25,47,4,100000,48,0.00048,71,0.00071
25,47,5,100000,16,0.00016,77,0.00077
25,48,0,100000,37,0.00037,87,0.00087
25,48,1,100000,27,0.00027,70,0.0007
25,48,2,100000,28,0.00028,69,0.00069
25,48,3,100000,17,0.00017,76,0.00076
25,48,4,100000,37,0.00037,64,0.00064
25,48,5,100000,43,0.00043,58,0.00058
25,49,0,100000,24,0.00024,70,0.0007
25,49,1,100000,54,0.00054,79,0.00079
25,49,2,100000,36,0.00036,74,0.00074
25,49,3,100000,29,0.00029,67,0.00067
25,49,4,100000,29,0.00029,63,0.00063
25,49,5,100000,28,0.00028,76,0.00076
25,50,0,100000,40,0.0004,68,0.00068
25,50,1,100000,36,0.00036,81,0.00081
25,50,2,100000,6,6e-05,47,0.00047
25,50,3,100000,21,0.00021,63,0.00063
25,50,4,100000,29,0.00029,74,0.00074
25,50,5,100000,19,0.00019,69,0.00069
26,-50,0,100000,26,0.00026,85,0.00085
26,-50,1,100000,21,0.00021,70,0.0007
26,-50,2,100000,35,0.00035,66,0.00066
26,-50,3,100000,29,0.00029,66,0.00066
26,-50,4,100000,9,9e-05,70,0.0007
26,-50,5,100000,21,0.00021,63,0.00063
26,-49,0,100000,39,0.00039,72,0.00072
26,-49,1,100000,29,0.00029,82,0.00082
26,-49,2,100000,20,0.0002,63,0.00063
26,-49,3,100000,27,0.00027,66,0.00066
26,-49,4,100000,26,0.00026,70,0.0007
26,-49,5,100000,19,0.00019,67,0.00067
26,-48,0,100000,30,0.0003,96,0.00096
26,-48,1,100000,27,0.00027,66,0.00066
26,-48,2,100000,27,0.00027,65,0.00065
26,-48,3,100000,17,0.00017,66,0.00066
26,-48,4,100000,26,0.00026,74,0.00074
26,-48,5,100000,37,0.00037,59,0.00059
26,-47,0,100000,38,0.00038,82,0.00082
26,-47,1,100000,41,0.00041,76,0.00076
26,-47,2,100000,18,0.00018,64,0.00064
26,-47,3,100000,35,0.00035,74,0.00074
26,-47,4,100000,33,0.00033,72,0.00072
26,-47,5,100000,8,8e-05,73,0.00073
26,-46,0,100000,20,0.0002,83,0.00083
26,-46,1,100000,22,0.00022,71,0.00071
26,-46,2,100000,54,0.00054,75,0.00075
26,-46,3,100000,39,0.00039,82,0.00082
26,-46,4,100000,34,0.00034,76,0.00076
26,-46,5,100000,42,0.00042,88,0.00088
26,-45,0,100000,50,0.0005,72,0.00072
26,-45,1,100000,25,0.00025,79,0.00079
26,-45,2,100000,35,0.00035,74,0.00074
26,-45,3,100000,25,0.00025,54,0.00054
26,-45,4,100000,27,0.00027,81,0.00081
26,-45,5,100000,25,0.00025,67,0.00067
26,-44,0,100000,36,0.00036,81,0.00081
26,-44,1,100000,32,0.00032,82,0.00082
26,-44,2,100000,27,0.00027,70,0.0007
26,-44,3,100000,28,0.00028,65,0.00065
26,-44,4,100000,39,0.00039,100,0.001
26,-44,5,100000,37,0.00037,63,0.00063
26,-43,0,100000,63,0.00063,96,0.00096
26,-43,1,100000,20,0.0002,72,0.00072
26,-43,2,100000,30,0.0003,88,0.00088
26,-43,3,100000,31,0.00031,86,0.00086
26,-43,4,100000,40,0.0004,79,0.00079
26,-43,5,100000,17,0.00017,70,0.0007
26,-42,0,100000,42,0.00042,85,0.00085
26,-42,1,100000,36,0.00036,94,0.00094
26,-42,2,100000,46,0.00046,73,0.00073
26,-42,3,100000,41,0.00041,74,0.00074
26,-42,4,100000,67,0.00067,82,0.00082
26,-42,5,100000,45,0.00045,85,0.00085
26,-41,0,100000,51,0.00051,102,0.00102
26,-41,1,100000,28,0.00028,86,0.00086
26,-41,2,100000,39,0.00039,88,0.00088
26,-41,3,100000,17,0.00017,66,0.00066
26,-41,4,100000,30,0.0003,93,0.00093
26,-41,5,100000,31,0.00031,97,0.00097
26,-40,0,100000,62,0.00062,105,0.00105
26,-40,1,100000,45,0.00045,87,0.00087
26,-40,2,100000,27,0.00027,73,0.00073
26,-40,3,100000,22,0.00022,91,0.00091
26,-40,4,100000,32,0.00032,75,0.00075
26,-40,5,100000,41,0.00041,96,0.00096
26,-39,0,100000,54,0.00054,110,0.0011
26,-39,1,100000,33,0.00033,86,0.00086
26,-39,2,100000,33,0.00033,103,0.00103
26,-39,3,100000,41,0.00041,91,0.00091
26,-39,4,100000,29,0.00029,91,0.00091
26,-39,5,100000,31,0.00031,103,0.00103
26,-38,0,100000,36,0.00036,106,0.00106
26,-38,1,100000,45,0.00045,116,0.00116
26,-38,2,100000,44,0.00044,96,0.00096
26,-38,3,100000,33,0.00033,85,0.00085
26,-38,4,100000,62,0.00062,114,0.00114
26,-38,5,100000,46,0.00046,114,0.00114
26,-37,0,100000,68,0.00068,127,0.00127
26,-37,1,100000,41,0.00041,114,0.00114
26,-37,2,100000,68,0.00068,91,0.00091
26,-37,3,100000,69,0.00069,101,0.00101
26,-37,4,100000,51,0.00051,109,0.00109
26,-37,5,100000,46,0.00046,102,0.00102
26,-36,0,100000,40,0.0004,116,0.00116
26,-36,1,100000,50,0.0005,103,0.00103
26,-36,2,100000,45,0.00045,106,0.00106
26,-36,3,100000,46,0.00046,92,0.00092
26,-36,4,100000,44,0.00044,89,0.00089
26,-36,5,100000,49,0.00049,95,0.00095
26,-35,0,100000,57,0.00057,131,0.00131
26,-35,1,100000,58,0.00058,111,0.00111
26,-35,2,100000,38,0.00038,105,0.00105
26,-35,3,100000,32,0.00032,85,0.00085
26,-35,4,100000,40,0.0004,105,0.00105
26,-35,5,100000,60,0.0006,131,0.00131
26,-34,0,100000,48,0.00048,120,0.0012
26,-34,1,100000,22,0.00022,93,0.00093
26,-34,2,100000,72,0.00072,122,0.00122
26,-34,3,100000,38,0.00038,101,0.00101
26,-34,4,100000,36,0.00036,122,0.00122
26,-34,5,100000,54,0.00054,112,0.00112
26,-33,0,100000,60,0.0006,124,0.00124
26,-33,1,100000,48,0.00048,117,0.00117
26,-33,2,100000,42,0.00042,82,0.00082
26,-33,3,100000,53,0.00053,91,0.00091
26,-33,4,100000,54,0.00054,99,0.00099
26,-33,5,100000,67,0.00067,121,0.00121
26,-32,0,100000,48,0.00048,130,0.0013
26,-32,1,100000,44,0.00044,119,0.00119
26,-32,2,100000,56,0.00056,97,0.00097
26,-32,3,100000,51,0.00051,105,0.00105
26,-32,4,100000,38,0.00038,114,0.00114
26,-32,5,100000,53,0.00053,107,0.00107
26,-31,0,100000,52,0.00052,126,0.00126
26,-31,1,100000,72,0.00072,129,0.00129
26,-31,2,100000,48,0.00048,123,0.00123
26,-31,3,100000,35,0.00035,84,0.00084
26,-31,4,100000,40,0.0004,89,0.00089
26,-31,5,100000,42,0.00042,117,0.00117
26,-30,0,100000,82,0.00082,132,0.00132
26,-30,1,100000,51,0.00051,119,0.00119
26,-30,2,100000,39,0.00039,90,0.0009
26,-30,3,100000,36,0.00036,91,0.00091
26,-30,4,100000,62,0.00062,100,0.001
26,-30,5,100000,57,0.00057,105,0.00105
26,-29,0,100000,50,0.0005,131,0.00131
26,-29,1,100000,49,0.00049,107,0.00107
26,-29,2,100000,44,0.00044,100,0.001
26,-29,3,100000,28,0.00028,77,0.00077
26,-29,4,100000,42,0.00042,95,0.00095
26,-29,5,100000,46,0.00046,125,0.00125
26,-28,0,100000,44,0.00044,112,0.00112
26,-28,1,100000,53,0.00053,126,0.00126
26,-28,2,100000,46,0.00046,85,0.00085
26,-28,3,100000,43,0.00043,93,0.00093
26,-28,4,100000,41,0.00041,97,0.00097
26,-28,5,100000,46,0.00046,118,0.00118
26,-27,0,100000,66,0.00066,143,0.00143
26,-27,1,100000,59,0.00059,119,0.00119
26,-27,2,100000,43,0.00043,102,0.00102
26,-27,3,100000,42,0.00042,84,0.00084
26,-27,4,100000,29,0.00029,80,0.0008
26,-27,5,100000,53,0.00053,135,0.00135
26,-26,0,100000,58,0.00058,133,0.00133
26,-26,1,100000,35,0.00035,112,0.00112
26,-26,2,100000,57,0.00057,106,0.00106
26,-26,3,100000,36,0.00036,76,0.00076
26,-26,4,100000,41,0.00041,101,0.00101
26,-26,5,100000,61,0.00061,105,0.00105
26,-25,0,100000,45,0.00045,115,0.00115
26,-25,1,100000,44,0.00044,129,0.00129
26,-25,2,100000,59,0.00059,102,0.00102
26,-25,3,100000,47,0.00047,104,0.00104
26,-25,4,100000,53,0.00053,106,0.00106
26,-25,5,100000,60,0.0006,119,0.00119
26,-24,0,100000,70,0.0007,126,0.00126
26,-24,1,100000,62,0.00062,139,0.00139
26,-24,2,100000,56,0.00056,103,0.00103
26,-24,3,100000,47,0.00047,94,0.00094
26,-24,4,100000,45,0.00045,99,0.00099
26,-24,5,100000,41,0.00041,143,0.00143
26,-23,0,100000,56,0.00056,117,0.00117
26,-23,1,100000,70,0.0007,127,0.00127
26,-23,2,100000,40,0.0004,101,0.00101
26,-23,3,100000,36,0.00036,90,0.0009
26,-23,4,100000,47,0.00047,109,0.00109
26,-23,5,100000,59,0.00059,140,0.0014
26,-22,0,100000,70,0.0007,139,0.00139
26,-22,1,100000,44,0.00044,118,0.00118
26,-22,2,100000,58,0.00058,104,0.00104
26,-22,3,100000,64,0.00064,111,0.00111
26,-22,4,100000,45,0.00045,101,0.00101
26,-22,5,100000,48,0.00048,93,0.00093
26,-21,0,100000,47,0.00047,128,0.00128
26,-21,1,100000,63,0.00063,123,0.00123
26,-21,2,100000,55,0.00055,100,0.001
26,-21,3,100000,31,0.00031,93,0.00093
26,-21,4,100000,59,0.00059,116,0.00116
26,-21,5,100000,59,0.00059,118,0.00118
26,-20,0,100000,51,0.00051,115,0.00115
26,-20,1,100000,71,0.00071,118,0.00118
26,-20,2,100000,43,0.00043,108,0.00108
26,-20,3,100000,30,0.0003,89,0.00089
26,-20,4,100000,55,0.00055,82,0.00082
26,-20,5,100000,47,0.00047,117,0.00117
26,-19,0,100000,61,0.00061,138,0.00138
26,-19,1,100000,55,0.00055,130,0.0013
26,-19,2,100000,38,0.00038,105,0.00105
26,-19,3,100000,58,0.00058,84,0.00084
26,-19,4,100000,51,0.00051,101,0.00101
26,-19,5,100000,50,0.0005,124,0.00124
26,-18,0,100000,44,0.00044,109,0.00109
26,-18,1,100000,68,0.00068,130,0.0013
26,-18,2,100000,57,0.00057,117,0.00117
26,-18,3,100000,40,0.0004,100,0.001
26,-18,4,100000,61,0.00061,102,0.00102
26,-18,5,100000,55,0.00055,139,0.00139
26,-17,0,100000,76,0.00076,129,0.00129
26,-17,1,100000,49,0.00049,110,0.0011
26,-17,2,100000,39,0.00039,77,0.00077
26,-17,3,100000,41,0.00041,91,0.00091
26,-17,4,100000,47,0.00047,101,0.00101
26,-17,5,100000,62,0.00062,125,0.00125
26,-16,0,100000,53,0.00053,132,0.00132
26,-16,1,100000,49,0.00049,136,0.00136
26,-16,2,100000,30,0.0003,100,0.001
26,-16,3,100000,42,0.00042,84,0.00084
26,-16,4,100000,53,0.00053,95,0.00095
26,-16,5,100000,76,0.00076,132,0.00132
26,-15,0,100000,59,0.00059,122,0.00122
26,-15,1,100000,57,0.00057,124,0.00124
26,-15,2,100000,54,0.00054,119,0.00119
26,-15,3,100000,36,0.00036,82,0.00082
26,-15,4,100000,51,0.00051,111,0.00111
26,-15,5,100000,48,0.00048,120,0.0012
26,-14,0,100000,39,0.00039,132,0.00132
26,-14,1,100000,90,0.0009,124,0.00124
26,-14,2,100000,56,0.00056,111,0.00111
26,-14,3,100000,57,0.00057,117,0.00117
26,-14,4,100000,47,0.00047,98,0.00098
26,-14,5,100000,46,0.00046,116,0.00116
26,-13,0,100000,61,0.00061,107,0.00107
26,-13,1,100000,46,0.00046,104,0.00104
26,-13,2,100000,40,0.0004,106,0.00106
26,-13,3,100000,49,0.00049,95,0.00095
26,-13,4,100000,38,0.00038,105,0.00105
26,-13,5,100000,46,0.00046,123,0.00123
26,-12,0,100000,73,0.00073,120,0.0012
26,-12,1,100000,51,0.00051,119,0.00119
26,-12,2,100000,54,0.00054,125,0.00125
26,-12,3,100000,38,0.00038,85,0.00085
26,-12,4,100000,66,0.00066,109,0.00109
26,-12,5,100000,51,0.00051,121,0.00121
26,-11,0,100000,45,0.00045,120,0.0012
26,-11,1,100000,54,0.00054,128,0.00128
26,-11,2,100000,41,0.00041,100,0.001
26,-11,3,100000,35,0.00035,78,0.00078
26,-11,4,100000,34,0.00034,108,0.00108
26,-11,5,100000,40,0.0004,122,0.00122
26,-10,0,100000,56,0.00056,137,0.00137
26,-10,1,100000,51,0.00051,125,0.00125
26,-10,2,100000,77,0.00077,105,0.00105
26,-10,3,100000,59,0.00059,101,0.00101
26,-10,4,100000,39,0.00039,93,0.00093
26,-10,5,100000,51,0.00051,116,0.00116
26,-9,0,100000,69,0.00069,122,0.00122
26,-9,1,100000,70,0.0007,119,0.00119
26,-9,2,100000,64,0.00064,106,0.00106
26,-9,3,100000,50,0.0005,106,0.00106
26,-9,4,100000,48,0.00048,92,0.00092
26,-9,5,100000,64,0.00064,112,0.00112
26,-8,0,100000,48,0.00048,111,0.00111
26,-8,1,100000,66,0.00066,125,0.00125
26,-8,2,100000,49,0.00049,90,0.0009
26,-8,3,100000,63,0.00063,103,0.00103
26,-8,4,100000,62,0.00062,107,0.00107
26,-8,5,100000,57,0.00057,114,0.00114
26,-7,0,100000,62,0.00062,139,0.00139
26,-7,1,100000,42,0.00042,121,0.00121
26,-7,2,100000,36,0.00036,95,0.00095
26,-7,3,100000,39,0.00039,118,0.00118
26,-7,4,100000,39,0.00039,87,0.00087
26,-7,5,100000,50,0.0005,115,0.00115
26,-6,0,100000,47,0.00047,113,0.00113
26,-6,1,100000,53,0.00053,110,0.0011
26,-6,2,100000,43,0.00043,98,0.00098
26,-6,3,100000,38,0.00038,88,0.00088
26,-6,4,100000,38,0.00038,83,0.00083
26,-6,5,100000,59,0.00059,110,0.0011
26,-5,0,100000,65,0.00065,137,0.00137
26,-5,1,100000,61,0.00061,108,0.00108
26,-5,2,100000,44,0.00044,100,0.001
26,-5,3,100000,29,0.00029,88,0.00088
26,-5,4,100000,41,0.00041,101,0.00101
26,-5,5,100000,46,0.00046,117,0.00117
26,-4,0,100000,81,0.00081,137,0.00137
26,-4,1,100000,68,0.00068,110,0.0011
26,-4,2,100000,35,0.00035,92,0.00092
26,-4,3,100000,46,0.00046,95,0.00095
26,-4,4,100000,54,0.00054,87,0.00087
26,-4,5,100000,32,0.00032,109,0.00109
26,-3,0,100000,33,0.00033,107,0.00107
26,-3,1,100000,54,0.00054,109,0.00109
26,-3,2,100000,57,0.00057,119,0.00119
26,-3,3,100000,46,0.00046,86,0.00086
26,-3,4,100000,38,0.00038,104,0.00104
26,-3,5,100000,59,0.00059,130,0.0013
26,-2,0,100000,72,0.00072,113,0.00113
26,-2,1,100000,49,0.00049,111,0.00111
26,-2,2,100000,66,0.00066,124,0.00124
26,-2,3,100000,54,0.00054,82,0.00082
26,-2,4,100000,57,0.00057,115,0.00115
26,-2,5,100000,42,0.00042,111,0.00111
26,-1,0,100000,60,0.0006,128,0.00128
26,-1,1,100000,58,0.00058,130,0.0013
26,-1,2,100000,63,0.00063,117,0.00117
26,-1,3,100000,49,0.00049,95,0.00095
26,-1,4,100000,53,0.00053,119,0.00119
26,-1,5,100000,47,0.00047,127,0.00127
26,0,0,100000,66,0.00066,125,0.00125
26,0,1,100000,52,0.00052,136,0.00136
26,0,2,100000,40,0.0004,98,0.00098
26,0,3,100000,37,0.00037,86,0.00086
26,0,4,100000,58,0.00058,105,0.00105
26,0,5,100000,54,0.00054,144,0.00144
26,1,0,100000,58,0.00058,149,0.00149
26,1,1,100000,41,0.00041,108,0.00108
26,1,2,100000,59,0.00059,111,0.00111
26,1,3,100000,50,0.0005,95,0.00095
26,1,4,100000,49,0.00049,108,0.00108
26,1,5,100000,35,0.00035,91,0.00091
26,2,0,100000,72,0.00072,110,0.0011
26,2,1,100000,43,0.00043,105,0.00105
26,2,2,100000,46,0.00046,103,0.00103
26,2,3,100000,37,0.00037,88,0.00088
26,2,4,100000,30,0.0003,87,0.00087
26,2,5,100000,80,0.0008,133,0.00133
26,3,0,100000,41,0.00041,130,0.0013
26,3,1,100000,55,0.00055,119,0.00119
26,3,2,100000,29,0.00029,99,0.00099
26,3,3,100000,56,0.00056,109,0.00109
26,3,4,100000,62,0.00062,124,0.00124
26,3,5,100000,38,0.00038,109,0.00109
26,4,0,100000,64,0.00064,121,0.00121
26,4,1,100000,36,0.00036,110,0.0011
26,4,2,100000,30,0.0003,82,0.00082
26,4,3,100000,64,0.00064,112,0.00112
26,4,4,100000,67,0.00067,109,0.00109
26,4,5,100000,56,0.00056,131,0.00131
26,5,0,100000,72,0.00072,116,0.00116
26,5,1,100000,42,0.00042,118,0.00118
26,5,2,100000,53,0.00053,109,0.00109
26,5,3,100000,42,0.00042,93,0.00093
26,5,4,100000,49,0.00049,101,0.00101
26,5,5,100000,68,0.00068,131,0.00131
26,6,0,100000,74,0.00074,138,0.00138
26,6,1,100000,68,0.00068,123,0.00123
26,6,2,100000,37,0.00037,110,0.0011
26,6,3,100000,39,0.00039,101,0.00101
26,6,4,100000,38,0.00038,98,0.00098
26,6,5,100000,60,0.0006,130,0.0013
26,7,0,100000,42,0.00042,113,0.00113
26,7,1,100000,65,0.00065,107,0.00107
26,7,2,100000,46,0.00046,106,0.00106
26,7,3,100000,42,0.00042,95,0.00095
26,7,4,100000,41,0.00041,97,0.00097
26,7,5,100000,63,0.00063,131,0.00131
26,8,0,100000,47,0.00047,124,0.00124
26,8,1,100000,54,0.00054,124,0.00124
26,8,2,100000,60,0.0006,112,0.00112
26,8,3,100000,36,0.00036,94,0.00094
26,8,4,100000,49,0.00049,108,0.00108
26,8,5,100000,58,0.00058,112,0.00112
26,9,0,100000,62,0.00062,132,0.00132
26,9,1,100000,50,0.0005,122,0.00122
26,9,2,100000,44,0.00044,110,0.0011
26,9,3,100000,51,0.00051,90,0.0009
26,9,4,100000,58,0.00058,99,0.00099
26,9,5,100000,53,0.00053,132,0.00132
26,10,0,100000,67,0.00067,139,0.00139
26,10,1,100000,37,0.00037,111,0.00111
26,10,2,100000,52,0.00052,98,0.00098
26,10,3,100000,43,0.00043,95,0.00095
26,10,4,100000,66,0.00066,107,0.00107
26,10,5,100000,48,0.00048,131,0.00131
26,11,0,100000,69,0.00069,127,0.00127
26,11,1,100000,54,0.00054,120,0.0012
26,11,2,100000,52,0.00052,99,0.00099
26,11,3,100000,48,0.00048,99,0.00099
26,11,4,100000,37,0.00037,90,0.0009
26,11,5,100000,48,0.00048,106,0.00106
26,12,0,100000,59,0.00059,114,0.00114
26,12,1,100000,54,0.00054,118,0.00118
26,12,2,100000,41,0.00041,96,0.00096
26,12,3,100000,31,0.00031,100,0.001
26,12,4,100000,46,0.00046,89,0.00089
26,12,5,100000,57,0.00057,113,0.00113
26,13,0,100000,54,0.00054,109,0.00109
26,13,1,100000,58,0.00058,119,0.00119
26,13,2,100000,42,0.00042,105,0.00105
26,13,3,100000,56,0.00056,101,0.00101
26,13,4,100000,58,0.00058,102,0.00102
26,13,5,100000,53,0.00053,121,0.00121
26,14,0,100000,60,0.0006,124,0.00124
26,14,1,100000,47,0.00047,130,0.0013
26,14,2,100000,42,0.00042,86,0.00086
26,14,3,100000,50,0.0005,109,0.00109
26,14,4,100000,43,0.00043,96,0.00096
26,14,5,100000,53,0.00053,128,0.00128
26,15,0,100000,51,0.00051,140,0.0014
26,15,1,100000,46,0.00046,112,0.00112
26,15,2,100000,61,0.00061,96,0.00096
26,15,3,100000,58,0.00058,103,0.00103
26,15,4,100000,51,0.00051,111,0.00111
26,15,5,100000,49,0.00049,130,0.0013
26,16,0,100000,57,0.00057,119,0.00119
26,16,1,100000,67,0.00067,121,0.00121
26,16,2,100000,44,0.00044,87,0.00087
26,16,3,100000,48,0.00048,95,0.00095
26,16,4,100000,41,0.00041,89,0.00089
26,16,5,100000,51,0.00051,114,0.00114
26,17,0,100000,62,0.00062,125,0.00125
26,17,1,100000,56,0.00056,131,0.00131
26,17,2,100000,51,0.00051,93,0.00093
26,17,3,100000,52,0.00052,85,0.00085
26,17,4,100000,44,0.00044,100,0.001
26,17,5,100000,50,0.0005,125,0.00125
26,18,0,100000,66,0.00066,153,0.00153
26,18,1,100000,76,0.00076,136,0.00136
26,18,2,100000,65,0.00065,116,0.00116
26,18,3,100000,55,0.00055,112,0.00112
26,18,4,100000,98,0.00098,128,0.00128
26,18,5,100000,62,0.00062,135,0.00135
26,19,0,100000,47,0.00047,120,0.0012
26,19,1,100000,47,0.00047,108,0.00108
26,19,2,100000,42,0.00042,95,0.00095
26,19,3,100000,48,0.00048,92,0.00092
26,19,4,100000,56,0.00056,106,0.00106
26,19,5,100000,62,0.00062,125,0.00125
26,20,0,100000,53,0.00053,134,0.00134
26,20,1,100000,49,0.00049,120,0.0012
26,20,2,100000,54,0.00054,110,0.0011
26,20,3,100000,44,0.00044,113,0.00113
26,20,4,100000,47,0.00047,90,0.0009
26,20,5,100000,51,0.00051,114,0.00114
26,21,0,100000,58,0.00058,124,0.00124
26,21,1,100000,61,0.00061,127,0.00127
26,21,2,100000,57,0.00057,101,0.00101
26,21,3,100000,31,0.00031,83,0.00083
26,21,4,100000,75,0.00075,119,0.00119
26,21,5,100000,38,0.00038,127,0.00127
26,22,0,100000,54,0.00054,120,0.0012
26,22,1,100000,59,0.00059,123,0.00123
26,22,2,100000,35,0.00035,87,0.00087
26,22,3,100000,38,0.00038,86,0.00086
26,22,4,100000,31,0.00031,91,0.00091
26,22,5,100000,49,0.00049,95,0.00095
26,23,0,100000,55,0.00055,119,0.00119
26,23,1,100000,65,0.00065,122,0.00122
26,23,2,100000,49,0.00049,111,0.00111
26,23,3,100000,36,0.00036,84,0.00084
26,23,4,100000,26,0.00026,78,0.00078
26,23,5,100000,52,0.00052,128,0.00128
26,24,0,100000,46,0.00046,115,0.00115
26,24,1,100000,59,0.00059,116,0.00116
26,24,2,100000,32,0.00032,100,0.001
26,24,3,100000,28,0.00028,92,0.00092
26,24,4,100000,45,0.00045,109,0.00109
26,24,5,100000,48,0.00048,109,0.00109
26,25,0,100000,55,0.00055,120,0.0012
26,25,1,100000,48,0.00048,112,0.00112
26,25,2,100000,41,0.00041,106,0.00106
26,25,3,100000,27,0.00027,97,0.00097
26,25,4,100000,43,0.00043,114,0.00114
26,25,5,100000,56,0.00056,139,0.00139
26,26,0,100000,51,0.00051,124,0.00124
26,26,1,100000,58,0.00058,120,0.0012
26,26,2,100000,31,0.00031,86,0.00086
26,26,3,100000,47,0.00047,86,0.00086
26,26,4,100000,40,0.0004,110,0.0011
26,26,5,100000,41,0.00041,110,0.0011
26,27,0,100000,61,0.00061,120,0.0012
26,27,1,100000,61,0.00061,134,0.00134
26,27,2,100000,39,0.00039,102,0.00102
26,27,3,100000,20,0.0002,91,0.00091
26,27,4,100000,46,0.00046,121,0.00121
26,27,5,100000,54,0.00054,113,0.00113
26,28,0,100000,63,0.00063,140,0.0014
26,28,1,100000,42,0.00042,108,0.00108
26,28,2,100000,38,0.00038,113,0.00113
26,28,3,100000,59,0.00059,100,0.001
26,28,4,100000,60,0.0006,121,0.00121
26,28,5,100000,66,0.00066,125,0.00125
26,29,0,100000,74,0.00074,150,0.0015
26,29,1,100000,56,0.00056,108,0.00108
26,29,2,100000,47,0.00047,108,0.00108
26,29,3,100000,28,0.00028,79,0.00079
26,29,4,100000,51,0.00051,110,0.0011
26,29,5,100000,56,0.00056,126,0.00126
26,30,0,100000,54,0.00054,125,0.00125
26,30,1,100000,70,0.0007,129,0.00129
26,30,2,100000,63,0.00063,102,0.00102
26,30,3,100000,30,0.0003,77,0.00077
26,30,4,100000,41,0.00041,90,0.0009
26,30,5,100000,44,0.00044,119,0.00119
26,31,0,100000,64,0.00064,134,0.00134
26,31,1,100000,59,0.00059,131,0.00131
26,31,2,100000,60,0.0006,106,0.00106
26,31,3,100000,30,0.0003,79,0.00079
26,31,4,100000,41,0.00041,111,0.00111
26,31,5,100000,52,0.00052,103,0.00103
26,32,0,100000,45,0.00045,122,0.00122
26,32,1,100000,50,0.0005,107,0.00107
26,32,2,100000,44,0.00044,109,0.00109
26,32,3,100000,57,0.00057,102,0.00102
26,32,4,100000,56,0.00056,103,0.00103
26,32,5,100000,47,0.00047,127,0.00127
26,33,0,100000,52,0.00052,124,0.00124
26,33,1,100000,48,0.00048,138,0.00138
26,33,2,100000,51,0.00051,98,0.00098
26,33,3,100000,39,0.00039,74,0.00074
26,33,4,100000,75,0.00075,115,0.00115
26,33,5,100000,47,0.00047,122,0.00122
26,34,0,100000,66,0.00066,115,0.00115
26,34,1,100000,54,0.00054,114,0.00114
26,34,2,100000,50,0.0005,109,0.00109
26,34,3,100000,44,0.00044,105,0.00105
26,34,4,100000,102,0.00102,112,0.00112
26,34,5,100000,55,0.00055,128,0.00128
26,35,0,100000,45,0.00045,109,0.00109
26,35,1,100000,59,0.00059,100,0.001
26,35,2,100000,37,0.00037,99,0.00099
26,35,3,100000,39,0.00039,95,0.00095
26,35,4,100000,63,0.00063,106,0.00106
26,35,5,100000,44,0.00044,122,0.00122
26,36,0,100000,75,0.00075,136,0.00136
26,36,1,100000,36,0.00036,113,0.00113
26,36,2,100000,66,0.00066,98,0.00098
26,36,3,100000,37,0.00037,90,0.0009
26,36,4,100000,45,0.00045,111,0.00111
26,36,5,100000,48,0.00048,123,0.00123
26,37,0,100000,47,0.00047,112,0.00112
26,37,1,100000,78,0.00078,120,0.0012
26,37,2,100000,61,0.00061,96,0.00096
26,37,3,100000,29,0.00029,91,0.00091
26,37,4,100000,50,0.0005,123,0.00123
26,37,5,100000,39,0.00039,122,0.00122
26,38,0,100000,51,0.00051,131,0.00131
26,38,1,100000,36,0.00036,122,0.00122
26,38,2,100000,40,0.0004,101,0.00101
26,38,3,100000,51,0.00051,103,0.00103
26,38,4,100000,59,0.00059,101,0.00101
26,38,5,100000,62,0.00062,123,0.00123
26,39,0,100000,47,0.00047,106,0.00106
26,39,1,100000,35,0.00035,93,0.00093
26,39,2,100000,31,0.00031,78,0.00078
26,39,3,100000,38,0.00038,81,0.00081
26,39,4,100000,32,0.00032,86,0.00086
26,39,5,100000,32,0.00032,106,0.00106
26,40,0,100000,38,0.00038,89,0.00089
26,40,1,100000,59,0.00059,108,0.00108
26,40,2,100000,33,0.00033,83,0.00083
26,40,3,100000,47,0.00047,77,0.00077
26,40,4,100000,36,0.00036,95,0.00095
26,40,5,100000,39,0.00039,97,0.00097
26,41,0,100000,32,0.00032,94,0.00094
26,41,1,100000,58,0.00058,103,0.00103
26,41,2,100000,39,0.00039,91,0.00091
26,41,3,100000,44,0.00044,86,0.00086
26,41,4,100000,20,0.0002,68,0.00068
26,41,5,100000,42,0.00042,85,0.00085
26,42,0,100000,22,0.00022,83,0.00083
26,42,1,100000,29,0.00029,80,0.0008
26,42,2,100000,37,0.00037,90,0.0009
26,42,3,100000,28,0.00028,72,0.00072
26,42,4,100000,27,0.00027,70,0.0007
26,42,5,100000,26,0.00026,78,0.00078
26,43,0,100000,51,0.00051,101,0.00101
26,43,1,100000,36,0.00036,81,0.00081
26,43,2,100000,36,0.00036,82,0.00082
26,43,3,100000,41,0.00041,73,0.00073
26,43,4,100000,35,0.00035,52,0.00052
26,43,5,100000,49,0.00049,80,0.0008
26,44,0,100000,48,0.00048,78,0.00078
26,44,1,100000,41,0.00041,95,0.00095
26,44,2,100000,40,0.0004,98,0.00098
26,44,3,100000,21,0.00021,76,0.00076
26,44,4,100000,52,0.00052,82,0.00082
26,44,5,100000,30,0.0003,70,0.0007
26,45,0,100000,55,0.00055,92,0.00092
26,45,1,100000,30,0.0003,66,0.00066
26,45,2,100000,30,0.0003,73,0.00073
26,45,3,100000,27,0.00027,91,0.00091
26,45,4,100000,53,0.00053,60,0.0006
26,45,5,100000,36,0.00036,93,0.00093
26,46,0,100000,23,0.00023,71,0.00071
26,46,1,100000,48,0.00048,93,0.00093
26,46,2,100000,28,0.00028,71,0.00071
26,46,3,100000,40,0.0004,70,0.0007
26,46,4,100000,35,0.00035,68,0.00068
26,46,5,100000,42,0.00042,71,0.00071
26,47,0,100000,24,0.00024,74,0.00074
26,47,1,100000,30,0.0003,64,0.00064
26,47,2,100000,47,0.00047,87,0.00087
26,47,3,100000,32,0.00032,73,0.00073
26,47,4,100000,35,0.00035,85,0.00085
26,47,5,100000,21,0.00021,70,0.0007
26,48,0,100000,41,0.00041,77,0.00077
26,48,1,100000,33,0.00033,73,0.00073
26,48,2,100000,28,0.00028,73,0.00073
26,48,3,100000,31,0.00031,86,0.00086
26,48,4,100000,35,0.00035,74,0.00074
26,48,5,100000,20,0.0002,75,0.00075
26,49,0,100000,25,0.00025,67,0.00067
26,49,1,100000,40,0.0004,77,0.00077
26,49,2,100000,26,0.00026,77,0.00077
26,49,3,100000,32,0.00032,57,0.00057
26,49,4,100000,39,0.00039,84,0.00084
26,49,5,100000,17,0.00017,62,0.00062
26,50,0,100000,45,0.00045,73,0.00073
26,50,1,100000,50,0.0005,92,0.00092
26,50,2,100000,22,0.00022,86,0.00086
26,50,3,100000,33,0.00033,82,0.00082
26,50,4,100000,20,0.0002,72,0.00072
26,50,5,100000,38,0.00038,82,0.00082
27,-50,0,100000,41,0.00041,66,0.00066
27,-50,1,100000,25,0.00025,68,0.00068
27,-50,2,100000,33,0.00033,65,0.00065
27,-50,3,100000,50,0.0005,79,0.00079
27,-50,4,100000,23,0.00023,52,0.00052
27,-50,5,100000,25,0.00025,73,0.00073
27,-49,0,100000,39,0.00039,93,0.00093
27,-49,1,100000,25,0.00025,71,0.00071
27,-49,2,100000,17,0.00017,74,0.00074
27,-49,3,100000,33,0.00033,84,0.00084
27,-49,4,100000,35,0.00035,68,0.00068
27,-49,5,100000,37,0.00037,63,0.00063
27,-48,0,100000,67,0.00067,93,0.00093
27,-48,1,100000,31,0.00031,73,0.00073
27,-48,2,100000,29,0.00029,56,0.00056
27,-48,3,100000,46,0.00046,83,0.00083
27,-48,4,100000,40,0.0004,73,0.00073
27,-48,5,100000,32,0.00032,71,0.00071
27,-47,0,100000,34,0.00034,76,0.00076
27,-47,1,100000,42,0.00042,74,0.00074
27,-47,2,100000,24,0.00024,65,0.00065
27,-47,3,100000,27,0.00027,65,0.00065
27,-47,4,100000,32,0.00032,77,0.00077
27,-47,5,100000,37,0.00037,74,0.00074
27,-46,0,100000,20,0.0002,56,0.00056
27,-46,1,100000,15,0.00015,70,0.0007
27,-46,2,100000,30,0.0003,66,0.00066
27,-46,3,100000,31,0.00031,60,0.0006
27,-46,4,100000,27,0.00027,66,0.00066
27,-46,5,100000,32,0.00032,87,0.00087
27,-45,0,100000,49,0.00049,80,0.0008
27,-45,1,100000,36,0.00036,78,0.00078
27,-45,2,100000,29,0.00029,82,0.00082
27,-45,3,100000,27,0.00027,64,0.00064
27,-45,4,100000,21,0.00021,75,0.00075
27,-45,5,100000,31,0.00031,68,0.00068
27,-44,0,100000,16,0.00016,65,0.00065
27,-44,1,100000,30,0.0003,71,0.00071
27,-44,2,100000,32,0.00032,76,0.00076
27,-44,3,100000,34,0.00034,71,0.00071
27,-44,4,100000,33,0.00033,67,0.00067
27,-44,5,100000,48,0.00048,79,0.00079
27,-43,0,100000,24,0.00024,77,0.00077
27,-43,1,100000,21,0.00021,73,0.00073
27,-43,2,100000,32,0.00032,85,0.00085
27,-43,3,100000,33,0.00033,66,0.00066
27,-43,4,100000,15,0.00015,69,0.00069
27,-43,5,100000,30,0.0003,66,0.00066
27,-42,0,100000,28,0.00028,89,0.00089
27,-42,1,100000,34,0.00034,83,0.00083
27,-42,2,100000,39,0.00039,60,0.0006
27,-42,3,100000,40,0.0004,70,0.0007
27,-42,4,100000,71,0.00071,90,0.0009
27,-42,5,100000,28,0.00028,93,0.00093
27,-41,0,100000,33,0.00033,72,0.00072
27,-41,1,100000,31,0.00031,80,0.0008
27,-41,2,100000,27,0.00027,81,0.00081
27,-41,3,100000,31,0.00031,86,0.00086
27,-41,4,100000,33,0.00033,96,0.00096
27,-41,5,100000,26,0.00026,69,0.00069
27,-40,0,100000,48,0.00048,87,0.00087
27,-40,1,100000,49,0.00049,80,0.0008
27,-40,2,100000,28,0.00028,73,0.00073
27,-40,3,100000,40,0.0004,79,0.00079
27,-40,4,100000,34,0.00034,87,0.00087
27,-40,5,100000,36,0.00036,88,0.00088
27,-39,0,100000,45,0.00045,80,0.0008
27,-39,1,100000,38,0.00038,93,0.00093
27,-39,2,100000,41,0.00041,80,0.0008
27,-39,3,100000,56,0.00056,70,0.0007
27,-39,4,100000,33,0.00033,64,0.00064
27,-39,5,100000,30,0.0003,89,0.00089
27,-38,0,100000,46,0.00046,108,0.00108
27,-38,1,100000,64,0.00064,111,0.00111
27,-38,2,100000,46,0.00046,88,0.00088
27,-38,3,100000,32,0.00032,76,0.00076
27,-38,4,100000,41,0.00041,98,0.00098
27,-38,5,100000,35,0.00035,90,0.0009
27,-37,0,100000,50,0.0005,112,0.00112
27,-37,1,100000,48,0.00048,96,0.00096
27,-37,2,100000,32,0.00032,88,0.00088
27,-37,3,100000,46,0.00046,87,0.00087
27,-37,4,100000,27,0.00027,81,0.00081
27,-37,5,100000,54,0.00054,93,0.00093
27,-36,0,100000,44,0.00044,123,0.00123
27,-36,1,100000,22,0.00022,89,0.00089
27,-36,2,100000,37,0.00037,95,0.00095
27,-36,3,100000,52,0.00052,95,0.00095
27,-36,4,100000,37,0.00037,88,0.00088
27,-36,5,100000,50,0.0005,115,0.00115
27,-35,0,100000,61,0.00061,107,0.00107
27,-35,1,100000,42,0.00042,91,0.00091
27,-35,2,100000,46,0.00046,110,0.0011
27,-35,3,100000,65,0.00065,99,0.00099
27,-35,4,100000,58,0.00058,92,0.00092
27,-35,5,100000,45,0.00045,115,0.00115
27,-34,0,100000,43,0.00043,113,0.00113
27,-34,1,100000,49,0.00049,117,0.00117
27,-34,2,100000,48,0.00048,92,0.00092
27,-34,3,100000,45,0.00045,99,0.00099
27,-34,4,100000,54,0.00054,103,0.00103
27,-34,5,100000,35,0.00035,103,0.00103
27,-33,0,100000,43,0.00043,106,0.00106
27,-33,1,100000,51,0.00051,102,0.00102
27,-33,2,100000,43,0.00043,83,0.00083
27,-33,3,100000,31,0.00031,76,0.00076
27,-33,4,100000,27,0.00027,72,0.00072
27,-33,5,100000,32,0.00032,79,0.00079
27,-32,0,100000,52,0.00052,103,0.00103
27,-32,1,100000,53,0.00053,111,0.00111
27,-32,2,100000,34,0.00034,90,0.0009
27,-32,3,100000,28,0.00028,88,0.00088
27,-32,4,100000,45,0.00045,96,0.00096
27,-32,5,100000,40,0.0004,111,0.00111
27,-31,0,100000,55,0.00055,119,0.00119
27,-31,1,100000,47,0.00047,91,0.00091
27,-31,2,100000,61,0.00061,112,0.00112
27,-31,3,100000,43,0.00043,100,0.001
27,-31,4,100000,52,0.00052,105,0.00105
27,-31,5,100000,38,0.00038,103,0.00103
27,-30,0,100000,42,0.00042,105,0.00105
27,-30,1,100000,46,0.00046,99,0.00099
27,-30,2,100000,30,0.0003,87,0.00087
27,-30,3,100000,34,0.00034,75,0.00075
27,-30,4,100000,39,0.00039,91,0.00091
27,-30,5,100000,53,0.00053,112,0.00112
27,-29,0,100000,48,0.00048,107,0.00107
27,-29,1,100000,55,0.00055,116,0.00116
27,-29,2,100000,22,0.00022,83,0.00083
27,-29,3,100000,35,0.00035,79,0.00079
27,-29,4,100000,30,0.0003,96,0.00096
27,-29,5,100000,52,0.00052,101,0.00101
27,-28,0,100000,41,0.00041,108,0.00108
27,-28,1,100000,39,0.00039,99,0.00099
27,-28,2,100000,66,0.00066,73,0.00073
27,-28,3,100000,42,0.00042,96,0.00096
27,-28,4,100000,34,0.00034,94,0.00094
27,-28,5,100000,47,0.00047,107,0.00107
27,-27,0,100000,49,0.00049,115,0.00115
27,-27,1,100000,43,0.00043,95,0.00095
27,-27,2,100000,41,0.00041,93,0.00093
27,-27,3,100000,38,0.00038,79,0.00079
27,-27,4,100000,50,0.0005,103,0.00103
27,-27,5,100000,78,0.00078,131,0.00131
27,-26,0,100000,80,0.0008,121,0.00121
27,-26,1,100000,54,0.00054,99,0.00099
27,-26,2,100000,43,0.00043,107,0.00107
27,-26,3,100000,29,0.00029,86,0.00086
27,-26,4,100000,81,0.00081,111,0.00111
27,-26,5,100000,40,0.0004,95,0.00095
27,-25,0,100000,40,0.0004,80,0.0008
27,-25,1,100000,44,0.00044,98,0.00098
27,-25,2,100000,45,0.00045,97,0.00097
27,-25,3,100000,21,0.00021,72,0.00072
27,-25,4,100000,34,0.00034,83,0.00083
27,-25,5,100000,42,0.00042,98,0.00098
27,-24,0,100000,39,0.00039,105,0.00105
27,-24,1,100000,40,0.0004,107,0.00107
27,-24,2,100000,41,0.00041,92,0.00092
27,-24,3,100000,38,0.00038,79,0.00079
27,-24,4,100000,28,0.00028,83,0.00083
27,-24,5,100000,46,0.00046,105,0.00105
27,-23,0,100000,59,0.00059,111,0.00111
27,-23,1,100000,39,0.00039,105,0.00105
27,-23,2,100000,40,0.0004,91,0.00091
27,-23,3,100000,29,0.00029,89,0.00089
27,-23,4,100000,41,0.00041,83,0.00083
27,-23,5,100000,48,0.00048,125,0.00125
27,-22,0,100000,56,0.00056,126,0.00126
27,-22,1,100000,47,0.00047,115,0.00115
27,-22,2,100000,36,0.00036,66,0.00066
27,-22,3,100000,25,0.00025,86,0.00086
27,-22,4,100000,38,0.00038,92,0.00092
27,-22,5,100000,54,0.00054,91,0.00091
27,-21,0,100000,55,0.00055,104,0.00104
27,-21,1,100000,55,0.00055,107,0.00107
27,-21,2,100000,47,0.00047,108,0.00108
27,-21,3,100000,42,0.00042,83,0.00083
27,-21,4,100000,34,0.00034,90,0.0009
27,-21,5,100000,53,0.00053,104,0.00104
27,-20,0,100000,55,0.00055,119,0.00119
27,-20,1,100000,43,0.00043,105,0.00105
27,-20,2,100000,29,0.00029,94,0.00094
27,-20,3,100000,32,0.00032,74,0.00074
27,-20,4,100000,36,0.00036,86,0.00086
27,-20,5,100000,50,0.0005,123,0.00123
27,-19,0,100000,39,0.00039,88,0.00088
27,-19,1,100000,38,0.00038,102,0.00102
27,-19,2,100000,40,0.0004,89,0.00089
27,-19,3,100000,42,0.00042,95,0.00095
27,-19,4,100000,19,0.00019,84,0.00084
27,-19,5,100000,59,0.00059,109,0.00109
27,-18,0,100000,35,0.00035,99,0.00099
27,-18,1,100000,46,0.00046,105,0.00105
27,-18,2,100000,40,0.0004,95,0.00095
27,-18,3,100000,42,0.00042,84,0.00084
27,-18,4,100000,50,0.0005,91,0.00091
27,-18,5,100000,30,0.0003,102,0.00102
27,-17,0,100000,53,0.00053,125,0.00125
27,-17,1,100000,42,0.00042,95,0.00095
27,-17,2,100000,54,0.00054,107,0.00107
27,-17,3,100000,51,0.00051,80,0.0008
27,-17,4,100000,26,0.00026,88,0.00088
27,-17,5,100000,51,0.00051,107,0.00107
27,-16,0,100000,46,0.00046,98,0.00098
27,-16,1,100000,59,0.00059,108,0.00108
27,-16,2,100000,29,0.00029,86,0.00086
27,-16,3,100000,32,0.00032,70,0.0007
27,-16,4,100000,69,0.00069,87,0.00087
27,-16,5,100000,72,0.00072,134,0.00134
27,-15,0,100000,41,0.00041,103,0.00103
27,-15,1,100000,39,0.00039,92,0.00092
27,-15,2,100000,38,0.00038,92,0.00092
27,-15,3,100000,31,0.00031,88,0.00088
27,-15,4,100000,52,0.00052,86,0.00086
27,-15,5,100000,48,0.00048,102,0.00102
27,-14,0,100000,42,0.00042,122,0.00122
27,-14,1,100000,47,0.00047,115,0.00115
27,-14,2,100000,32,0.00032,76,0.00076
27,-14,3,100000,46,0.00046,92,0.00092
27,-14,4,100000,37,0.00037,91,0.00091
27,-14,5,100000,32,0.00032,96,0.00096
27,-13,0,100000,43,0.00043,97,0.00097
27,-13,1,100000,30,0.0003,84,0.00084
27,-13,2,100000,49,0.00049,106,0.00106
27,-13,3,100000,39,0.00039,89,0.00089
27,-13,4,100000,49,0.00049,94,0.00094
27,-13,5,100000,34,0.00034,90,0.0009
27,-12,0,100000,28,0.00028,107,0.00107
27,-12,1,100000,59,0.00059,116,0.00116
27,-12,2,100000,32,0.00032,83,0.00083
27,-12,3,100000,65,0.00065,81,0.00081
27,-12,4,100000,42,0.00042,102,0.00102
27,-12,5,100000,47,0.00047,107,0.00107
27,-11,0,100000,67,0.00067,110,0.0011
27,-11,1,100000,50,0.0005,106,0.00106
27,-11,2,100000,39,0.00039,83,0.00083
27,-11,3,100000,31,0.00031,94,0.00094
27,-11,4,100000,40,0.0004,121,0.00121
27,-11,5,100000,37,0.00037,98,0.00098
27,-10,0,100000,57,0.00057,125,0.00125
27,-10,1,100000,46,0.00046,91,0.00091
27,-10,2,100000,43,0.00043,86,0.00086
27,-10,3,100000,35,0.00035,74,0.00074
27,-10,4,100000,51,0.00051,102,0.00102
27,-10,5,100000,31,0.00031,106,0.00106
27,-9,0,100000,57,0.00057,106,0.00106
27,-9,1,100000,49,0.00049,114,0.00114
27,-9,2,100000,52,0.00052,98,0.00098
27,-9,3,100000,37,0.00037,89,0.00089
27,-9,4,100000,27,0.00027,83,0.00083
27,-9,5,100000,63,0.00063,102,0.00102
27,-8,0,100000,44,0.00044,106,0.00106
27,-8,1,100000,62,0.00062,117,0.00117
27,-8,2,100000,38,0.00038,102,0.00102
27,-8,3,100000,23,0.00023,76,0.00076
27,-8,4,100000,40,0.0004,92,0.00092
27,-8,5,100000,40,0.0004,110,0.0011
27,-7,0,100000,51,0.00051,108,0.00108
27,-7,1,100000,35,0.00035,113,0.00113
27,-7,2,100000,39,0.00039,84,0.00084
27,-7,3,100000,30,0.0003,64,0.00064
27,-7,4,100000,39,0.00039,89,0.00089
27,-7,5,100000,38,0.00038,112,0.00112
27,-6,0,100000,54,0.00054,109,0.00109
27,-6,1,100000,52,0.00052,106,0.00106
27,-6,2,100000,42,0.00042,92,0.00092
27,-6,3,100000,36,0.00036,89,0.00089
27,-6,4,100000,22,0.00022,80,0.0008
27,-6,5,100000,49,0.00049,108,0.00108
27,-5,0,100000,75,0.00075,116,0.00116
27,-5,1,100000,77,0.00077,123,0.00123
27,-5,2,100000,42,0.00042,90,0.0009
27,-5,3,100000,36,0.00036,79,0.00079
27,-5,4,100000,41,0.00041,88,0.00088
27,-5,5,100000,41,0.00041,112,0.00112
27,-4,0,100000,62,0.00062,121,0.00121
27,-4,1,100000,55,0.00055,119,0.00119
27,-4,2,100000,38,0.00038,79,0.00079
27,-4,3,100000,52,0.00052,91,0.00091
27,-4,4,100000,30,0.0003,102,0.00102
27,-4,5,100000,53,0.00053,112,0.00112
27,-3,0,100000,38,0.00038,96,0.00096
27,-3,1,100000,36,0.00036,88,0.00088
27,-3,2,100000,37,0.00037,99,0.00099
27,-3,3,100000,41,0.00041,97,0.00097
27,-3,4,100000,65,0.00065,91,0.00091
27,-3,5,100000,30,0.0003,81,0.00081
27,-2,0,100000,66,0.00066,107,0.00107
27,-2,1,100000,49,0.00049,114,0.00114
27,-2,2,100000,34,0.00034,104,0.00104
27,-2,3,100000,20,0.0002,80,0.0008
27,-2,4,100000,26,0.00026,67,0.00067
27,-2,5,100000,49,0.00049,98,0.00098
27,-1,0,100000,54,0.00054,105,0.00105
27,-1,1,100000,61,0.00061,111,0.00111
27,-1,2,100000,63,0.00063,93,0.00093
27,-1,3,100000,31,0.00031,79,0.00079
27,-1,4,100000,38,0.00038,80,0.0008
27,-1,5,100000,53,0.00053,100,0.001
27,0,0,100000,42,0.00042,114,0.00114
27,0,1,100000,52,0.00052,110,0.0011
27,0,2,100000,51,0.00051,99,0.00099
27,0,3,100000,36,0.00036,78,0.00078
27,0,4,100000,42,0.00042,109,0.00109
27,0,5,100000,49,0.00049,116,0.00116
27,1,0,100000,52,0.00052,107,0.00107
27,1,1,100000,43,0.00043,105,0.00105
27,1,2,100000,42,0.00042,85,0.00085
27,1,3,100000,43,0.00043,88,0.00088
27,1,4,100000,36,0.00036,85,0.00085
27,1,5,100000,76,0.00076,123,0.00123
27,2,0,100000,46,0.00046,105,0.00105
27,2,1,100000,57,0.00057,103,0.00103
27,2,2,100000,39,0.00039,60,0.0006
27,2,3,100000,24,0.00024,87,0.00087
27,2,4,100000,43,0.00043,93,0.00093
27,2,5,100000,41,0.00041,89,0.00089
27,3,0,100000,51,0.00051,112,0.00112
27,3,1,100000,45,0.00045,91,0.00091
27,3,2,100000,50,0.0005,87,0.00087
27,3,3,100000,42,0.00042,90,0.0009
27,3,4,100000,54,0.00054,104,0.00104
27,3,5,100000,43,0.00043,103,0.00103
27,4,0,100000,41,0.00041,106,0.00106
27,4,1,100000,48,0.00048,96,0.00096
27,4,2,100000,42,0.00042,70,0.0007
27,4,3,100000,23,0.00023,76,0.00076
27,4,4,100000,53,0.00053,106,0.00106
27,4,5,100000,58,0.00058,108,0.00108
27,5,0,100000,60,0.0006,131,0.00131
27,5,1,100000,35,0.00035,103,0.00103
27,5,2,100000,38,0.00038,99,0.00099
27,5,3,100000,32,0.00032,94,0.00094
27,5,4,100000,51,0.00051,88,0.00088
27,5,5,100000,46,0.00046,110,0.0011
27,6,0,100000,52,0.00052,108,0.00108
27,6,1,100000,48,0.00048,123,0.00123
27,6,2,100000,43,0.00043,113,0.00113
27,6,3,100000,19,0.00019,74,0.00074
27,6,4,100000,33,0.00033,89,0.00089
27,6,5,100000,31,0.00031,84,0.00084
27,7,0,100000,49,0.00049,120,0.0012
27,7,1,100000,50,0.0005,91,0.00091
27,7,2,100000,57,0.00057,94,0.00094
27,7,3,100000,41,0.00041,92,0.00092
27,7,4,100000,34,0.00034,92,0.00092
27,7,5,100000,49,0.00049,114,0.00114
27,8,0,100000,49,0.00049,106,0.00106
27,8,1,100000,33,0.00033,73,0.00073
27,8,2,100000,41,0.00041,76,0.00076
27,8,3,100000,37,0.00037,85,0.00085
27,8,4,100000,50,0.0005,92,0.00092
27,8,5,100000,45,0.00045,94,0.00094
27,9,0,100000,57,0.00057,102,0.00102
27,9,1,100000,65,0.00065,108,0.00108
27,9,2,100000,37,0.00037,94,0.00094
27,9,3,100000,24,0.00024,80,0.0008
27,9,4,100000,34,0.00034,84,0.00084
27,9,5,100000,38,0.00038,81,0.00081
27,10,0,100000,39,0.00039,107,0.00107
27,10,1,100000,75,0.00075,122,0.00122
27,10,2,100000,41,0.00041,87,0.00087
27,10,3,100000,35,0.00035,91,0.00091
27,10,4,100000,43,0.00043,91,0.00091
27,10,5,100000,46,0.00046,97,0.00097
27,11,0,100000,43,0.00043,112,0.00112
27,11,1,100000,46,0.00046,105,0.00105
27,11,2,100000,41,0.00041,101,0.00101
27,11,3,100000,44,0.00044,82,0.00082
27,11,4,100000,50,0.0005,92,0.00092
27,11,5,100000,48,0.00048,94,0.00094
27,12,0,100000,48,0.00048,122,0.00122
27,12,1,100000,55,0.00055,113,0.00113
27,12,2,100000,36,0.00036,100,0.001
27,12,3,100000,21,0.00021,78,0.00078
27,12,4,100000,46,0.00046,108,0.00108
27,12,5,100000,48,0.00048,96,0.00096
27,13,0,100000,36,0.00036,95,0.00095
27,13,1,100000,53,0.00053,90,0.0009
27,13,2,100000,50,0.0005,104,0.00104
27,13,3,100000,47,0.00047,91,0.00091
27,13,4,100000,26,0.00026,79,0.00079
27,13,5,100000,54,0.00054,115,0.00115
27,14,0,100000,33,0.00033,100,0.001
27,14,1,100000,56,0.00056,106,0.00106
27,14,2,100000,40,0.0004,80,0.0008
27,14,3,100000,50,0.0005,87,0.00087
27,14,4,100000,52,0.00052,88,0.00088
27,14,5,100000,48,0.00048,104,0.00104
27,15,0,100000,58,0.00058,111,0.00111
27,15,1,100000,29,0.00029,85,0.00085
27,15,2,100000,33,0.00033,84,0.00084
27,15,3,100000,34,0.00034,96,0.00096
27,15,4,100000,24,0.00024,76,0.00076
27,15,5,100000,48,0.00048,97,0.00097
27,16,0,100000,59,0.00059,116,0.00116
27,16,1,100000,48,0.00048,115,0.00115
27,16,2,100000,50,0.0005,108,0.00108
27,16,3,100000,43,0.00043,96,0.00096
27,16,4,100000,38,0.00038,88,0.00088
27,16,5,100000,43,0.00043,107,0.00107
27,17,0,100000,59,0.00059,113,0.00113
27,17,1,100000,43,0.00043,126,0.00126
27,17,2,100000,44,0.00044,84,0.00084
27,17,3,100000,30,0.0003,95,0.00095
27,17,4,100000,46,0.00046,96,0.00096
27,17,5,100000,42,0.00042,108,0.00108
27,18,0,100000,71,0.00071,115,0.00115
27,18,1,100000,62,0.00062,116,0.00116
27,18,2,100000,57,0.00057,101,0.00101
27,18,3,100000,44,0.00044,88,0.00088
27,18,4,100000,22,0.00022,90,0.0009
27,18,5,100000,50,0.0005,100,0.001
27,19,0,100000,32,0.00032,91,0.00091
27,19,1,100000,36,0.00036,88,0.00088
27,19,2,100000,38,0.00038,90,0.0009
27,19,3,100000,27,0.00027,75,0.00075
27,19,4,100000,45,0.00045,91,0.00091
27,19,5,100000,49,0.00049,87,0.00087
27,20,0,100000,36,0.00036,93,0.00093
27,20,1,100000,65,0.00065,115,0.00115
27,20,2,100000,30,0.0003,88,0.00088
27,20,3,100000,24,0.00024,94,0.00094
27,20,4,100000,40,0.0004,99,0.00099
27,20,5,100000,25,0.00025,93,0.00093
27,21,0,100000,37,0.00037,113,0.00113
27,21,1,100000,41,0.00041,108,0.00108
27,21,2,100000,41,0.00041,91,0.00091
27,21,3,100000,42,0.00042,73,0.00073
27,21,4,100000,38,0.00038,90,0.0009
27,21,5,100000,28,0.00028,98,0.00098
27,22,0,100000,55,0.00055,122,0.00122
27,22,1,100000,38,0.00038,109,0.00109
27,22,2,100000,61,0.00061,115,0.00115
27,22,3,100000,42,0.00042,95,0.00095
27,22,4,100000,49,0.00049,79,0.00079
27,22,5,100000,50,0.0005,105,0.00105
27,23,0,100000,42,0.00042,98,0.00098
27,23,1,100000,45,0.00045,87,0.00087
27,23,2,100000,34,0.00034,92,0.00092
27,23,3,100000,30,0.0003,79,0.00079
27,23,4,100000,28,0.00028,90,0.0009
27,23,5,100000,35,0.00035,98,0.00098
27,24,0,100000,65,0.00065,119,0.00119
27,24,1,100000,46,0.00046,92,0.00092
27,24,2,100000,42,0.00042,99,0.00099
27,24,3,100000,28,0.00028,76,0.00076
27,24,4,100000,25,0.00025,91,0.00091
27,24,5,100000,83,0.00083,123,0.00123
27,25,0,100000,38,0.00038,100,0.001
27,25,1,100000,38,0.00038,97,0.00097
27,25,2,100000,61,0.00061,99,0.00099
27,25,3,100000,25,0.00025,62,0.00062
27,25,4,100000,49,0.00049,95,0.00095
27,25,5,100000,56,0.00056,99,0.00099
27,26,0,100000,37,0.00037,99,0.00099
27,26,1,100000,59,0.00059,117,0.00117
27,26,2,100000,68,0.00068,101,0.00101
27,26,3,100000,43,0.00043,84,0.00084
27,26,4,100000,71,0.00071,105,0.00105
27,26,5,100000,43,0.00043,100,0.001
27,27,0,100000,55,0.00055,95,0.00095
27,27,1,100000,42,0.00042,101,0.00101
27,27,2,100000,45,0.00045,107,0.00107
27,27,3,100000,43,0.00043,92,0.00092
27,27,4,100000,47,0.00047,99,0.00099
27,27,5,100000,68,0.00068,110,0.0011
27,28,0,100000,74,0.00074,122,0.00122
27,28,1,100000,46,0.00046,98,0.00098
27,28,2,100000,38,0.00038,90,0.0009
27,28,3,100000,16,0.00016,82,0.00082
27,28,4,100000,38,0.00038,87,0.00087
27,28,5,100000,54,0.00054,103,0.00103
27,29,0,100000,60,0.0006,118,0.00118
27,29,1,100000,49,0.00049,111,0.00111
27,29,2,100000,36,0.00036,92,0.00092
27,29,3,100000,34,0.00034,86,0.00086
27,29,4,100000,46,0.00046,96,0.00096
27,29,5,100000,45,0.00045,95,0.00095
27,30,0,100000,47,0.00047,104,0.00104
27,30,1,100000,50,0.0005,108,0.00108
27,30,2,100000,34,0.00034,89,0.00089
27,30,3,100000,38,0.00038,98,0.00098
27,30,4,100000,28,0.00028,77,0.00077
27,30,5,100000,50,0.0005,97,0.00097
27,31,0,100000,39,0.00039,81,0.00081
27,31,1,100000,39,0.00039,105,0.00105
27,31,2,100000,44,0.00044,81,0.00081
27,31,3,100000,33,0.00033,100,0.001
27,31,4,100000,52,0.00052,86,0.00086
27,31,5,100000,33,0.00033,119,0.00119
27,32,0,100000,34,0.00034,118,0.00118
27,32,1,100000,28,0.00028,83,0.00083
27,32,2,100000,47,0.00047,91,0.00091
27,32,3,100000,18,0.00018,83,0.00083
27,32,4,100000,34,0.00034,81,0.00081
27,32,5,100000,38,0.00038,101,0.00101
27,33,0,100000,49,0.00049,109,0.00109
27,33,1,100000,44,0.00044,100,0.001
27,33,2,100000,42,0.00042,80,0.0008
27,33,3,100000,30,0.0003,82,0.00082
27,33,4,100000,57,0.00057,103,0.00103
27,33,5,100000,52,0.00052,119,0.00119
27,34,0,100000,58,0.00058,113,0.00113
27,34,1,100000,53,0.00053,113,0.00113
27,34,2,100000,37,0.00037,101,0.00101
27,34,3,100000,47,0.00047,97,0.00097
27,34,4,100000,43,0.00043,99,0.00099
27,34,5,100000,46,0.00046,100,0.001
27,35,0,100000,34,0.00034,77,0.00077
27,35,1,100000,35,0.00035,78,0.00078
27,35,2,100000,42,0.00042,90,0.0009
27,35,3,100000,38,0.00038,74,0.00074
27,35,4,100000,43,0.00043,88,0.00088
27,35,5,100000,51,0.00051,98,0.00098
27,36,0,100000,50,0.0005,113,0.00113
27,36,1,100000,26,0.00026,93,0.00093
27,36,2,100000,35,0.00035,83,0.00083
27,36,3,100000,42,0.00042,88,0.00088
27,36,4,100000,30,0.0003,84,0.00084
27,36,5,100000,37,0.00037,88,0.00088
27,37,0,100000,32,0.00032,102,0.00102
27,37,1,100000,45,0.00045,109,0.00109
27,37,2,100000,26,0.00026,86,0.00086
27,37,3,100000,43,0.00043,79,0.00079
27,37,4,100000,46,0.00046,78,0.00078
27,37,5,100000,54,0.00054,111,0.00111
27,38,0,100000,59,0.00059,117,0.00117
27,38,1,100000,51,0.00051,93,0.00093
27,38,2,100000,24,0.00024,76,0.00076
27,38,3,100000,54,0.00054,89,0.00089
27,38,4,100000,32,0.00032,96,0.00096
27,38,5,100000,29,0.00029,95,0.00095
27,39,0,100000,36,0.00036,80,0.0008
27,39,1,100000,42,0.00042,84,0.00084
27,39,2,100000,45,0.00045,94,0.00094
27,39,3,100000,27,0.00027,63,0.00063
27,39,4,100000,40,0.0004,81,0.00081
27,39,5,100000,38,0.00038,79,0.00079
27,40,0,100000,25,0.00025,78,0.00078
27,40,1,100000,41,0.00041,80,0.0008
27,40,2,100000,26,0.00026,79,0.00079
27,40,3,100000,33,0.00033,70,0.0007
27,40,4,100000,36,0.00036,80,0.0008
27,40,5,100000,46,0.00046,87,0.00087
27,41,0,100000,39,0.00039,98,0.00098
27,41,1,100000,38,0.00038,84,0.00084
27,41,2,100000,34,0.00034,89,0.00089
27,41,3,100000,21,0.00021,69,0.00069
27,41,4,100000,51,0.00051,84,0.00084
27,41,5,100000,46,0.00046,86,0.00086
27,42,0,100000,28,0.00028,70,0.0007
27,42,1,100000,44,0.00044,70,0.0007
27,42,2,100000,45,0.00045,91,0.00091
27,42,3,100000,38,0.00038,70,0.0007
27,42,4,100000,24,0.00024,84,0.00084
27,42,5,100000,53,0.00053,90,0.0009
27,43,0,100000,26,0.00026,67,0.00067
27,43,1,100000,36,0.00036,92,0.00092
27,43,2,100000,21,0.00021,81,0.00081
27,43,3,100000,34,0.00034,69,0.00069
27,43,4,100000,20,0.0002,70,0.0007
27,43,5,100000,26,0.00026,84,0.00084
27,44,0,100000,26,0.00026,74,0.00074
27,44,1,100000,26,0.00026,58,0.00058
27,44,2,100000,16,0.00016,75,0.00075
27,44,3,100000,25,0.00025,73,0.00073
27,44,4,100000,25,0.00025,71,0.00071
27,44,5,100000,39,0.00039,68,0.00068
27,45,0,100000,31,0.00031,74,0.00074
27,45,1,100000,54,0.00054,80,0.0008
27,45,2,100000,39,0.00039,90,0.0009
27,45,3,100000,20,0.0002,76,0.00076
27,45,4,100000,27,0.00027,76,0.00076
27,45,5,100000,27,0.00027,76,0.00076
27,46,0,100000,28,0.00028,82,0.00082
27,46,1,100000,20,0.0002,65,0.00065
27,46,2,100000,13,0.00013,68,0.00068
27,46,3,100000,25,0.00025,82,0.00082
27,46,4,100000,36,0.00036,83,0.00083
27,46,5,100000,38,0.00038,70,0.0007
27,47,0,100000,46,0.00046,69,0.00069
27,47,1,100000,31,0.00031,71,0.00071
27,47,2,100000,18,0.00018,56,0.00056
27,47,3,100000,42,0.00042,75,0.00075
27,47,4,100000,30,0.0003,75,0.00075
27,47,5,100000,28,0.00028,70,0.0007
27,48,0,100000,24,0.00024,77,0.00077
27,48,1,100000,27,0.00027,68,0.00068
27,48,2,100000,23,0.00023,68,0.00068
27,48,3,100000,28,0.00028,70,0.0007
27,48,4,100000,32,0.00032,71,0.00071
27,48,5,100000,13,0.00013,60,0.0006
27,49,0,100000,17,0.00017,58,0.00058
27,49,1,100000,36,0.00036,72,0.00072
27,49,2,100000,40,0.0004,73,0.00073
27,49,3,100000,30,0.0003,61,0.00061
27,49,4,100000,44,0.00044,72,0.00072
27,49,5,100000,23,0.00023,81,0.00081
27,50,0,100000,19,0.00019,68,0.00068
27,50,1,100000,21,0.00021,60,0.0006
27,50,2,100000,32,0.00032,75,0.00075
27,50,3,100000,54,0.00054,89,0.00089
27,50,4,100000,27,0.00027,63,0.00063
27,50,5,100000,19,0.00019,71,0.00071
28,-50,0,100000,42,0.00042,74,0.00074
28,-50,1,100000,27,0.00027,61,0.00061
28,-50,2,100000,26,0.00026,69,0.00069
28,-50,3,100000,34,0.00034,66,0.00066
28,-50,4,100000,26,0.00026,82,0.00082
28,-50,5,100000,19,0.00019,61,0.00061
28,-49,0,100000,19,0.00019,73,0.00073
28,-49,1,100000,52,0.00052,82,0.00082
28,-49,2,100000,28,0.00028,80,0.0008
28,-49,3,100000,36,0.00036,75,0.00075
28,-49,4,100000,20,0.0002,76,0.00076
28,-49,5,100000,32,0.00032,75,0.00075
28,-48,0,100000,35,0.00035,65,0.00065
28,-48,1,100000,38,0.00038,69,0.00069
28,-48,2,100000,26,0.00026,57,0.00057
28,-48,3,100000,33,0.00033,78,0.00078
28,-48,4,100000,27,0.00027,80,0.0008
28,-48,5,100000,27,0.00027,58,0.00058
28,-47,0,100000,28,0.00028,74,0.00074
28,-47,1,100000,35,0.00035,74,0.00074
28,-47,2,100000,44,0.00044,101,0.00101
28,-47,3,100000,27,0.00027,78,0.00078
28,-47,4,100000,39,0.00039,83,0.00083
28,-47,5,100000,40,0.0004,87,0.00087
28,-46,0,100000,23,0.00023,68,0.00068
28,-46,1,100000,22,0.00022,70,0.0007
28,-46,2,100000,35,0.00035,82,0.00082
28,-46,3,100000,31,0.00031,74,0.00074
28,-46,4,100000,40,0.0004,68,0.00068
28,-46,5,100000,29,0.00029,76,0.00076
28,-45,0,100000,33,0.00033,77,0.00077
28,-45,1,100000,36,0.00036,85,0.00085
28,-45,2,100000,31,0.00031,79,0.00079
28,-45,3,100000,20,0.0002,76,0.00076
28,-45,4,100000,18,0.00018,62,0.00062
28,-45,5,100000,39,0.00039,80,0.0008
28,-44,0,100000,46,0.00046,74,0.00074
28,-44,1,100000,44,0.00044,72,0.00072
28,-44,2,100000,28,0.00028,81,0.00081
28,-44,3,100000,16,0.00016,64,0.00064
28,-44,4,100000,30,0.0003,65,0.00065
28,-44,5,100000,27,0.00027,77,0.00077
28,-43,0,100000,30,0.0003,70,0.0007
28,-43,1,100000,23,0.00023,72,0.00072
28,-43,2,100000,17,0.00017,68,0.00068
28,-43,3,100000,19,0.00019,79,0.00079
28,-43,4,100000,28,0.00028,84,0.00084
28,-43,5,100000,41,0.00041,70,0.0007
28,-42,0,100000,50,0.0005,79,0.00079
28,-42,1,100000,26,0.00026,75,0.00075
28,-42,2,100000,18,0.00018,88,0.00088
28,-42,3,100000,55,0.00055,82,0.00082
28,-42,4,100000,47,0.00047,89,0.00089
28,-42,5,100000,37,0.00037,67,0.00067
28,-41,0,100000,23,0.00023,71,0.00071
28,-41,1,100000,36,0.00036,69,0.00069
28,-41,2,100000,31,0.00031,79,0.00079
28,-41,3,100000,35,0.00035,70,0.0007
28,-41,4,100000,30,0.0003,83,0.00083
28,-41,5,100000,34,0.00034,65,0.00065
28,-40,0,100000,33,0.00033,86,0.00086
28,-40,1,100000,40,0.0004,79,0.00079
28,-40,2,100000,24,0.00024,82,0.00082
28,-40,3,100000,26,0.00026,87,0.00087
28,-40,4,100000,12,0.00012,79,0.00079
28,-40,5,100000,35,0.00035,78,0.00078
28,-39,0,100000,58,0.00058,84,0.00084
28,-39,1,100000,64,0.00064,88,0.00088
28,-39,2,100000,36,0.00036,75,0.00075
28,-39,3,100000,24,0.00024,86,0.00086
28,-39,4,100000,40,0.0004,94,0.00094
28,-39,5,100000,45,0.00045,87,0.00087
28,-38,0,100000,36,0.00036,84,0.00084
28,-38,1,100000,30,0.0003,81,0.00081
28,-38,2,100000,55,0.00055,83,0.00083
28,-38,3,100000,32,0.00032,83,0.00083
28,-38,4,100000,35,0.00035,94,0.00094
28,-38,5,100000,35,0.00035,76,0.00076
28,-37,0,100000,32,0.00032,88,0.00088
28,-37,1,100000,48,0.00048,84,0.00084
28,-37,2,100000,28,0.00028,73,0.00073
28,-37,3,100000,34,0.00034,76,0.00076
28,-37,4,100000,38,0.00038,77,0.00077
28,-37,5,100000,26,0.00026,91,0.00091
28,-36,0,100000,34,0.00034,85,0.00085
28,-36,1,100000,38,0.00038,78,0.00078
28,-36,2,100000,41,0.00041,78,0.00078
28,-36,3,100000,24,0.00024,73,0.00073
28,-36,4,100000,46,0.00046,89,0.00089
28,-36,5,100000,51,0.00051,85,0.00085
28,-35,0,100000,35,0.00035,94,0.00094
28,-35,1,100000,24,0.00024,81,0.00081
28,-35,2,100000,31,0.00031,68,0.00068
28,-35,3,100000,48,0.00048,92,0.00092
28,-35,4,100000,31,0.00031,83,0.00083
28,-35,5,100000,21,0.00021,77,0.00077
28,-34,0,100000,39,0.00039,82,0.00082
28,-34,1,100000,54,0.00054,92,0.00092
28,-34,2,100000,43,0.00043,100,0.001
28,-34,3,100000,37,0.00037,94,0.00094
28,-34,4,100000,37,0.00037,90,0.0009
28,-34,5,100000,32,0.00032,99,0.00099
28,-33,0,100000,43,0.00043,94,0.00094
28,-33,1,100000,39,0.00039,84,0.00084
28,-33,2,100000,36,0.00036,83,0.00083
28,-33,3,100000,25,0.00025,87,0.00087
28,-33,4,100000,44,0.00044,66,0.00066
28,-33,5,100000,42,0.00042,109,0.00109
28,-32,0,100000,50,0.0005,107,0.00107
28,-32,1,100000,41,0.00041,84,0.00084
28,-32,2,100000,56,0.00056,95,0.00095
28,-32,3,100000,39,0.00039,102,0.00102
28,-32,4,100000,38,0.00038,80,0.0008
28,-32,5,100000,46,0.00046,82,0.00082
28,-31,0,100000,43,0.00043,93,0.00093
28,-31,1,100000,42,0.00042,91,0.00091
28,-31,2,100000,35,0.00035,89,0.00089
28,-31,3,100000,22,0.00022,75,0.00075
28,-31,4,100000,42,0.00042,83,0.00083
28,-31,5,100000,37,0.00037,81,0.00081
28,-30,0,100000,31,0.00031,87,0.00087
28,-30,1,100000,43,0.00043,86,0.00086
28,-30,2,100000,39,0.00039,76,0.00076
28,-30,3,100000,27,0.00027,76,0.00076
28,-30,4,100000,17,0.00017,74,0.00074
28,-30,5,100000,50,0.0005,101,0.00101
28,-29,0,100000,43,0.00043,78,0.00078
28,-29,1,100000,42,0.00042,106,0.00106
28,-29,2,100000,40,0.0004,87,0.00087
28,-29,3,100000,40,0.0004,88,0.00088
28,-29,4,100000,42,0.00042,97,0.00097
28,-29,5,100000,54,0.00054,91,0.00091
28,-28,0,100000,60,0.0006,101,0.00101
28,-28,1,100000,46,0.00046,89,0.00089
28,-28,2,100000,35,0.00035,80,0.0008
28,-28,3,100000,38,0.00038,75,0.00075
28,-28,4,100000,43,0.00043,82,0.00082
28,-28,5,100000,33,0.00033,82,0.00082
28,-27,0,100000,35,0.00035,85,0.00085
28,-27,1,100000,42,0.00042,89,0.00089
28,-27,2,100000,26,0.00026,81,0.00081
28,-27,3,100000,40,0.0004,72,0.00072
28,-27,4,100000,30,0.0003,89,0.00089
28,-27,5,100000,41,0.00041,85,0.00085
28,-26,0,100000,63,0.00063,94,0.00094
28,-26,1,100000,43,0.00043,90,0.0009
28,-26,2,100000,27,0.00027,75,0.00075
28,-26,3,100000,32,0.00032,78,0.00078
28,-26,4,100000,40,0.0004,75,0.00075
28,-26,5,100000,49,0.00049,103,0.00103
28,-25,0,100000,47,0.00047,99,0.00099
28,-25,1,100000,51,0.00051,95,0.00095
28,-25,2,100000,34,0.00034,80,0.0008
28,-25,3,100000,27,0.00027,76,0.00076
28,-25,4,100000,35,0.00035,80,0.0008
28,-25,5,100000,41,0.00041,89,0.00089
28,-24,0,100000,52,0.00052,102,0.00102
28,-24,1,100000,42,0.00042,85,0.00085
28,-24,2,100000,55,0.00055,101,0.00101
28,-24,3,100000,41,0.00041,83,0.00083
28,-24,4,100000,26,0.00026,79,0.00079
28,-24,5,100000,52,0.00052,108,0.00108
28,-23,0,100000,55,0.00055,101,0.00101
28,-23,1,100000,28,0.00028,75,0.00075
28,-23,2,100000,24,0.00024,82,0.00082
28,-23,3,100000,41,0.00041,80,0.0008
28,-23,4,100000,55,0.00055,93,0.00093
28,-23,5,100000,67,0.00067,96,0.00096
28,-22,0,100000,39,0.00039,100,0.001
28,-22,1,100000,42,0.00042,98,0.00098
28,-22,2,100000,18,0.00018,68,0.00068
28,-22,3,100000,31,0.00031,82,0.00082
28,-22,4,100000,25,0.00025,67,0.00067
28,-22,5,100000,57,0.00057,110,0.0011
28,-21,0,100000,41,0.00041,102,0.00102
28,-21,1,100000,52,0.00052,95,0.00095
28,-21,2,100000,27,0.00027,79,0.00079
28,-21,3,100000,26,0.00026,94,0.00094
28,-21,4,100000,51,0.00051,106,0.00106
28,-21,5,100000,42,0.00042,81,0.00081
28,-20,0,100000,43,0.00043,91,0.00091
28,-20,1,100000,39,0.00039,82,0.00082
28,-20,2,100000,20,0.0002,78,0.00078
28,-20,3,100000,35,0.00035,78,0.00078
28,-20,4,100000,40,0.0004,87,0.00087
28,-20,5,100000,52,0.00052,88,0.00088
28,-19,0,100000,29,0.00029,83,0.00083
28,-19,1,100000,32,0.00032,97,0.00097
28,-19,2,100000,28,0.00028,79,0.00079
28,-19,3,100000,33,0.00033,76,0.00076
28,-19,4,100000,33,0.00033,80,0.0008
28,-19,5,100000,30,0.0003,84,0.00084
28,-18,0,100000,43,0.00043,90,0.0009
28,-18,1,100000,29,0.00029,69,0.00069
28,-18,2,100000,28,0.00028,83,0.00083
28,-18,3,100000,32,0.00032,84,0.00084
28,-18,4,100000,25,0.00025,78,0.00078
28,-18,5,100000,30,0.0003,107,0.00107
28,-17,0,100000,41,0.00041,85,0.00085
28,-17,1,100000,37,0.00037,89,0.00089
28,-17,2,100000,37,0.00037,83,0.00083
28,-17,3,100000,26,0.00026,73,0.00073
28,-17,4,100000,37,0.00037,94,0.00094
28,-17,5,100000,25,0.00025,79,0.00079
28,-16,0,100000,34,0.00034,91,0.00091
28,-16,1,100000,40,0.0004,104,0.00104
28,-16,2,100000,34,0.00034,78,0.00078
28,-16,3,100000,39,0.00039,78,0.00078
28,-16,4,100000,30,0.0003,84,0.00084
28,-16,5,100000,41,0.00041,100,0.001
28,-15,0,100000,35,0.00035,102,0.00102
28,-15,1,100000,34,0.00034,92,0.00092
28,-15,2,100000,32,0.00032,84,0.00084
28,-15,3,100000,26,0.00026,72,0.00072
28,-15,4,100000,26,0.00026,71,0.00071
28,-15,5,100000,34,0.00034,92,0.00092
28,-14,0,100000,23,0.00023,76,0.00076
28,-14,1,100000,41,0.00041,71,0.00071
28,-14,2,100000,49,0.00049,77,0.00077
28,-14,3,100000,38,0.00038,88,0.00088
28,-14,4,100000,38,0.00038,77,0.00077
28,-14,5,100000,23,0.00023,87,0.00087
28,-13,0,100000,48,0.00048,97,0.00097
28,-13,1,100000,37,0.00037,91,0.00091
28,-13,2,100000,32,0.00032,78,0.00078
28,-13,3,100000,36,0.00036,74,0.00074
28,-13,4,100000,24,0.00024,77,0.00077
28,-13,5,100000,44,0.00044,103,0.00103
28,-12,0,100000,69,0.00069,103,0.00103
28,-12,1,100000,37,0.00037,95,0.00095
28,-12,2,100000,36,0.00036,79,0.00079
28,-12,3,100000,18,0.00018,80,0.0008
28,-12,4,100000,37,0.00037,91,0.00091
28,-12,5,100000,40,0.0004,89,0.00089
28,-11,0,100000,55,0.00055,104,0.00104
28,-11,1,100000,57,0.00057,109,0.00109
28,-11,2,100000,7,7e-05,72,0.00072
28,-11,3,100000,23,0.00023,96,0.00096
28,-11,4,100000,21,0.00021,65,0.00065
28,-11,5,100000,50,0.0005,88,0.00088
28,-10,0,100000,62,0.00062,104,0.00104
28,-10,1,100000,49,0.00049,89,0.00089
28,-10,2,100000,41,0.00041,86,0.00086
28,-10,3,100000,60,0.0006,114,0.00114
28,-10,4,100000,32,0.00032,80,0.0008
28,-10,5,100000,36,0.00036,104,0.00104
28,-9,0,100000,39,0.00039,99,0.00099
28,-9,1,100000,32,0.00032,91,0.00091
28,-9,2,100000,33,0.00033,82,0.00082
28,-9,3,100000,26,0.00026,86,0.00086
28,-9,4,100000,45,0.00045,86,0.00086
28,-9,5,100000,59,0.00059,100,0.001
28,-8,0,100000,23,0.00023,74,0.00074
28,-8,1,100000,32,0.00032,87,0.00087
28,-8,2,100000,27,0.00027,85,0.00085
28,-8,3,100000,25,0.00025,79,0.00079
28,-8,4,100000,25,0.00025,72,0.00072
28,-8,5,100000,26,0.00026,87,0.00087
28,-7,0,100000,47,0.00047,102,0.00102
28,-7,1,100000,52,0.00052,95,0.00095
28,-7,2,100000,42,0.00042,91,0.00091
28,-7,3,100000,47,0.00047,77,0.00077
28,-7,4,100000,57,0.00057,95,0.00095
28,-7,5,100000,59,0.00059,106,0.00106
28,-6,0,100000,46,0.00046,97,0.00097
28,-6,1,100000,19,0.00019,75,0.00075
28,-6,2,100000,35,0.00035,87,0.00087
28,-6,3,100000,49,0.00049,97,0.00097
28,-6,4,100000,24,0.00024,78,0.00078
28,-6,5,100000,36,0.00036,85,0.00085
28,-5,0,100000,43,0.00043,120,0.0012
28,-5,1,100000,40,0.0004,92,0.00092
28,-5,2,100000,42,0.00042,82,0.00082
28,-5,3,100000,69,0.00069,105,0.00105
28,-5,4,100000,49,0.00049,88,0.00088
28,-5,5,100000,30,0.0003,97,0.00097
28,-4,0,100000,49,0.00049,95,0.00095
28,-4,1,100000,42,0.00042,93,0.00093
28,-4,2,100000,36,0.00036,79,0.00079
28,-4,3,100000,35,0.00035,66,0.00066
28,-4,4,100000,38,0.00038,92,0.00092
28,-4,5,100000,40,0.0004,104,0.00104
28,-3,0,100000,36,0.00036,81,0.00081
28,-3,1,100000,32,0.00032,97,0.00097
28,-3,2,100000,37,0.00037,95,0.00095
28,-3,3,100000,38,0.00038,93,0.00093
28,-3,4,100000,29,0.00029,84,0.00084
28,-3,5,100000,43,0.00043,86,0.00086
28,-2,0,100000,67,0.00067,96,0.00096
28,-2,1,100000,37,0.00037,94,0.00094
28,-2,2,100000,31,0.00031,96,0.00096
28,-2,3,100000,37,0.00037,85,0.00085
28,-2,4,100000,50,0.0005,83,0.00083
28,-2,5,100000,36,0.00036,87,0.00087
28,-1,0,100000,63,0.00063,103,0.00103
28,-1,1,100000,34,0.00034,69,0.00069
28,-1,2,100000,47,0.00047,85,0.00085
28,-1,3,100000,33,0.00033,87,0.00087
28,-1,4,100000,39,0.00039,86,0.00086
28,-1,5,100000,36,0.00036,112,0.00112
28,0,0,100000,48,0.00048,87,0.00087
28,0,1,100000,52,0.00052,102,0.00102
28,0,2,100000,31,0.00031,89,0.00089
28,0,3,100000,29,0.00029,70,0.0007
28,0,4,100000,31,0.00031,94,0.00094
28,0,5,100000,25,0.00025,67,0.00067
28,1,0,100000,62,0.00062,99,0.00099
28,1,1,100000,36,0.00036,105,0.00105
28,1,2,100000,37,0.00037,86,0.00086
28,1,3,100000,35,0.00035,86,0.00086
28,1,4,100000,42,0.00042,82,0.00082
28,1,5,100000,68,0.00068,84,0.00084
28,2,0,100000,50,0.0005,95,0.00095
28,2,1,100000,27,0.00027,91,0.00091
28,2,2,100000,39,0.00039,73,0.00073
28,2,3,100000,40,0.0004,92,0.00092
28,2,4,100000,28,0.00028,83,0.00083
28,2,5,100000,53,0.00053,74,0.00074
28,3,0,100000,48,0.00048,88,0.00088
28,3,1,100000,51,0.00051,112,0.00112
28,3,2,100000,40,0.0004,91,0.00091
28,3,3,100000,43,0.00043,97,0.00097
28,3,4,100000,49,0.00049,101,0.00101
28,3,5,100000,38,0.00038,93,0.00093
28,4,0,100000,37,0.00037,111,0.00111
28,4,1,100000,48,0.00048,91,0.00091
28,4,2,100000,27,0.00027,69,0.00069
28,4,3,100000,33,0.00033,76,0.00076
28,4,4,100000,31,0.00031,84,0.00084
28,4,5,100000,32,0.00032,80,0.0008
28,5,0,100000,18,0.00018,79,0.00079
28,5,1,100000,41,0.00041,99,0.00099
28,5,2,100000,36,0.00036,84,0.00084
28,5,3,100000,43,0.00043,79,0.00079
28,5,4,100000,56,0.00056,89,0.00089
28,5,5,100000,31,0.00031,82,0.00082
28,6,0,100000,41,0.00041,89,0.00089
28,6,1,100000,36,0.00036,95,0.00095
28,6,2,100000,28,0.00028,91,0.00091
28,6,3,100000,45,0.00045,83,0.00083
28,6,4,100000,47,0.00047,84,0.00084
28,6,5,100000,41,0.00041,95,0.00095
28,7,0,100000,30,0.0003,74,0.00074
28,7,1,100000,51,0.00051,88,0.00088
28,7,2,100000,21,0.00021,78,0.00078
28,7,3,100000,30,0.0003,81,0.00081
28,7,4,100000,35,0.00035,77,0.00077
28,7,5,100000,37,0.00037,84,0.00084
28,8,0,100000,26,0.00026,84,0.00084
28,8,1,100000,28,0.00028,86,0.00086
28,8,2,100000,50,0.0005,84,0.00084
28,8,3,100000,40,0.0004,69,0.00069
28,8,4,100000,40,0.0004,103,0.00103
28,8,5,100000,30,0.0003,94,0.00094
28,9,0,100000,36,0.00036,92,0.00092
28,9,1,100000,38,0.00038,91,0.00091
28,9,2,100000,24,0.00024,91,0.00091
28,9,3,100000,30,0.0003,74,0.00074
28,9,4,100000,41,0.00041,82,0.00082
28,9,5,100000,33,0.00033,83,0.00083
28,10,0,100000,33,0.00033,99,0.00099
28,10,1,100000,44,0.00044,100,0.001
28,10,2,100000,26,0.00026,86,0.00086
28,10,3,100000,51,0.00051,87,0.00087
28,10,4,100000,29,0.00029,77,0.00077
28,10,5,100000,39,0.00039,94,0.00094
28,11,0,100000,27,0.00027,74,0.00074
28,11,1,100000,35,0.00035,85,0.00085
28,11,2,100000,41,0.00041,85,0.00085
28,11,3,100000,21,0.00021,76,0.00076
28,11,4,100000,28,0.00028,78,0.00078
28,11,5,100000,31,0.00031,97,0.00097
28,12,0,100000,58,0.00058,101,0.00101
28,12,1,100000,57,0.00057,102,0.00102
28,12,2,100000,38,0.00038,90,0.0009
28,12,3,100000,50,0.0005,92,0.00092
28,12,4,100000,44,0.00044,91,0.00091
28,12,5,100000,44,0.00044,95,0.00095
28,13,0,100000,39,0.00039,89,0.00089
28,13,1,100000,31,0.00031,72,0.00072
28,13,2,100000,36,0.00036,77,0.00077
28,13,3,100000,27,0.00027,77,0.00077
28,13,4,100000,42,0.00042,97,0.00097
28,13,5,100000,52,0.00052,99,0.00099
28,14,0,100000,35,0.00035,91,0.00091
28,14,1,100000,30,0.0003,87,0.00087
28,14,2,100000,48,0.00048,89,0.00089
28,14,3,100000,40,0.0004,89,0.00089
28,14,4,100000,42,0.00042,93,0.00093
28,14,5,100000,47,0.00047,94,0.00094
28,15,0,100000,25,0.00025,81,0.00081
28,15,1,100000,32,0.00032,84,0.00084
28,15,2,100000,50,0.0005,82,0.00082
28,15,3,100000,35,0.00035,76,0.00076
28,15,4,100000,38,0.00038,83,0.00083
28,15,5,100000,38,0.00038,98,0.00098
28,16,0,100000,25,0.00025,89,0.00089
28,16,1,100000,45,0.00045,94,0.00094
28,16,2,100000,30,0.0003,81,0.00081
28,16,3,100000,35,0.00035,90,0.0009
28,16,4,100000,30,0.0003,80,0.0008
28,16,5,100000,31,0.00031,87,0.00087
28,17,0,100000,56,0.00056,95,0.00095
28,17,1,100000,22,0.00022,70,0.0007
28,17,2,100000,57,0.00057,85,0.00085
28,17,3,100000,31,0.00031,77,0.00077
28,17,4,100000,42,0.00042,91,0.00091
28,17,5,100000,46,0.00046,94,0.00094
28,18,0,100000,53,0.00053,100,0.001
28,18,1,100000,49,0.00049,89,0.00089
28,18,2,100000,29,0.00029,74,0.00074
28,18,3,100000,34,0.00034,77,0.00077
28,18,4,100000,27,0.00027,84,0.00084
28,18,5,100000,49,0.00049,97,0.00097
28,19,0,100000,39,0.00039,75,0.00075
28,19,1,100000,69,0.00069,81,0.00081
28,19,2,100000,18,0.00018,62,0.00062
28,19,3,100000,37,0.00037,75,0.00075
28,19,4,100000,18,0.00018,68,0.00068
28,19,5,100000,58,0.00058,102,0.00102
28,20,0,100000,48,0.00048,91,0.00091
28,20,1,100000,30,0.0003,75,0.00075
28,20,2,100000,30,0.0003,84,0.00084
28,20,3,100000,39,0.00039,76,0.00076
28,20,4,100000,27,0.00027,75,0.00075
28,20,5,100000,39,0.00039,89,0.00089
28,21,0,100000,26,0.00026,102,0.00102
28,21,1,100000,50,0.0005,98,0.00098
28,21,2,100000,43,0.00043,75,0.00075
28,21,3,100000,18,0.00018,68,0.00068
28,21,4,100000,50,0.0005,99,0.00099
28,21,5,100000,49,0.00049,101,0.00101
28,22,0,100000,58,0.00058,108,0.00108
28,22,1,100000,67,0.00067,93,0.00093
28,22,2,100000,35,0.00035,82,0.00082
28,22,3,100000,47,0.00047,91,0.00091
28,22,4,100000,57,0.00057,99,0.00099
28,22,5,100000,52,0.00052,93,0.00093
28,23,0,100000,41,0.00041,87,0.00087
28,23,1,100000,35,0.00035,105,0.00105
28,23,2,100000,24,0.00024,81,0.00081
28,23,3,100000,47,0.00047,90,0.0009
28,23,4,100000,36,0.00036,91,0.00091
28,23,5,100000,37,0.00037,86,0.00086
28,24,0,100000,39,0.00039,103,0.00103
28,24,1,100000,26,0.00026,102,0.00102
28,24,2,100000,25,0.00025,96,0.00096
28,24,3,100000,34,0.00034,70,0.0007
28,24,4,100000,35,0.00035,87,0.00087
28,24,5,100000,51,0.00051,76,0.00076
28,25,0,100000,50,0.0005,121,0.00121
28,25,1,100000,25,0.00025,71,0.00071
28,25,2,100000,48,0.00048,90,0.0009
28,25,3,100000,62,0.00062,94,0.00094
28,25,4,100000,24,0.00024,77,0.00077
28,25,5,100000,36,0.00036,81,0.00081
28,26,0,100000,45,0.00045,97,0.00097
28,26,1,100000,53,0.00053,94,0.00094
28,26,2,100000,32,0.00032,74,0.00074
28,26,3,100000,32,0.00032,92,0.00092
28,26,4,100000,24,0.00024,72,0.00072
28,26,5,100000,42,0.00042,81,0.00081
28,27,0,100000,48,0.00048,93,0.00093
28,27,1,100000,28,0.00028,77,0.00077
28,27,2,100000,31,0.00031,81,0.00081
28,27,3,100000,26,0.00026,80,0.0008
28,27,4,100000,28,0.00028,81,0.00081
28,27,5,100000,42,0.00042,84,0.00084
28,28,0,100000,33,0.00033,89,0.00089
28,28,1,100000,41,0.00041,88,0.00088
28,28,2,100000,27,0.00027,66,0.00066
28,28,3,100000,31,0.00031,78,0.00078
28,28,4,100000,34,0.00034,77,0.00077
28,28,5,100000,40,0.0004,92,0.00092
28,29,0,100000,35,0.00035,83,0.00083
28,29,1,100000,44,0.00044,88,0.00088
28,29,2,100000,28,0.00028,79,0.00079
28,29,3,100000,34,0.00034,90,0.0009
28,29,4,100000,46,0.00046,90,0.0009
28,29,5,100000,34,0.00034,106,0.00106
28,30,0,100000,37,0.00037,99,0.00099
28,30,1,100000,34,0.00034,95,0.00095
28,30,2,100000,36,0.00036,68,0.00068
28,30,3,100000,32,0.00032,91,0.00091
28,30,4,100000,34,0.00034,78,0.00078
28,30,5,100000,70,0.0007,110,0.0011
28,31,0,100000,56,0.00056,97,0.00097
28,31,1,100000,50,0.0005,102,0.00102
28,31,2,100000,28,0.00028,84,0.00084
28,31,3,100000,27,0.00027,75,0.00075
28,31,4,100000,26,0.00026,71,0.00071
28,31,5,100000,45,0.00045,106,0.00106
28,32,0,100000,33,0.00033,79,0.00079
28,32,1,100000,35,0.00035,78,0.00078
28,32,2,100000,55,0.00055,77,0.00077
28,32,3,100000,68,0.00068,96,0.00096
28,32,4,100000,41,0.00041,94,0.00094
28,32,5,100000,39,0.00039,86,0.00086
28,33,0,100000,34,0.00034,92,0.00092
28,33,1,100000,42,0.00042,86,0.00086
28,33,2,100000,39,0.00039,86,0.00086
28,33,3,100000,22,0.00022,71,0.00071
28,33,4,100000,34,0.00034,71,0.00071
28,33,5,100000,29,0.00029,96,0.00096
28,34,0,100000,53,0.00053,107,0.00107
28,34,1,100000,49,0.00049,104,0.00104
28,34,2,100000,37,0.00037,78,0.00078
28,34,3,100000,13,0.00013,71,0.00071
28,34,4,100000,23,0.00023,71,0.00071
28,34,5,100000,33,0.00033,83,0.00083
28,35,0,100000,34,0.00034,91,0.00091
28,35,1,100000,28,0.00028,101,0.00101
28,35,2,100000,22,0.00022,68,0.00068
28,35,3,100000,35,0.00035,82,0.00082
28,35,4,100000,29,0.00029,76,0.00076
28,35,5,100000,34,0.00034,88,0.00088
28,36,0,100000,31,0.00031,94,0.00094
28,36,1,100000,42,0.00042,86,0.00086
28,36,2,100000,28,0.00028,74,0.00074
28,36,3,100000,29,0.00029,76,0.00076
28,36,4,100000,53,0.00053,109,0.00109
28,36,5,100000,33,0.00033,97,0.00097
28,37,0,100000,32,0.00032,91,0.00091
28,37,1,100000,42,0.00042,94,0.00094
28,37,2,100000,44,0.00044,79,0.00079
28,37,3,100000,43,0.00043,73,0.00073
28,37,4,100000,42,0.00042,97,0.00097
28,37,5,100000,63,0.00063,97,0.00097
28,38,0,100000,45,0.00045,86,0.00086
28,38,1,100000,35,0.00035,78,0.00078
28,38,2,100000,24,0.00024,84,0.00084
28,38,3,100000,47,0.00047,64,0.00064
28,38,4,100000,39,0.00039,81,0.00081
28,38,5,100000,30,0.0003,72,0.00072
28,39,0,100000,46,0.00046,101,0.00101
28,39,1,100000,25,0.00025,70,0.0007
28,39,2,100000,37,0.00037,98,0.00098
28,39,3,100000,61,0.00061,84,0.00084
28,39,4,100000,27,0.00027,73,0.00073
28,39,5,100000,32,0.00032,76,0.00076
28,40,0,100000,38,0.00038,86,0.00086
28,40,1,100000,37,0.00037,78,0.00078
28,40,2,100000,33,0.00033,80,0.0008
28,40,3,100000,24,0.00024,71,0.00071
28,40,4,100000,29,0.00029,73,0.00073
28,40,5,100000,30,0.0003,88,0.00088
28,41,0,100000,35,0.00035,66,0.00066
28,41,1,100000,22,0.00022,76,0.00076
28,41,2,100000,43,0.00043,82,0.00082
28,41,3,100000,36,0.00036,77,0.00077
28,41,4,100000,30,0.0003,71,0.00071
28,41,5,100000,29,0.00029,71,0.00071
28,42,0,100000,27,0.00027,85,0.00085
28,42,1,100000,26,0.00026,73,0.00073
28,42,2,100000,24,0.00024,78,0.00078
28,42,3,100000,38,0.00038,66,0.00066
28,42,4,100000,19,0.00019,81,0.00081
28,42,5,100000,21,0.00021,74,0.00074
28,43,0,100000,19,0.00019,67,0.00067
28,43,1,100000,39,0.00039,77,0.00077
28,43,2,100000,51,0.00051,66,0.00066
28,43,3,100000,29,0.00029,63,0.00063
28,43,4,100000,26,0.00026,69,0.00069
28,43,5,100000,20,0.0002,67,0.00067
28,44,0,100000,38,0.00038,77,0.00077
28,44,1,100000,33,0.00033,80,0.0008
28,44,2,100000,32,0.00032,81,0.00081
28,44,3,100000,23,0.00023,79,0.00079
28,44,4,100000,17,0.00017,59,0.00059
28,44,5,100000,30,0.0003,76,0.00076
28,45,0,100000,37,0.00037,83,0.00083
28,45,1,100000,30,0.0003,70,0.0007
28,45,2,100000,28,0.00028,79,0.00079
28,45,3,100000,34,0.00034,69,0.00069
28,45,4,100000,14,0.00014,68,0.00068
28,45,5,100000,51,0.00051,97,0.00097
28,46,0,100000,47,0.00047,86,0.00086
28,46,1,100000,28,0.00028,67,0.00067
28,46,2,100000,44,0.00044,96,0.00096
28,46,3,100000,41,0.00041,77,0.00077
28,46,4,100000,44,0.00044,80,0.0008
28,46,5,100000,38,0.00038,72,0.00072
28,47,0,100000,17,0.00017,66,0.00066
28,47,1,100000,27,0.00027,77,0.00077
28,47,2,100000,43,0.00043,70,0.0007
28,47,3,100000,19,0.00019,65,0.00065
28,47,4,100000,35,0.00035,62,0.00062
28,47,5,100000,20,0.0002,65,0.00065
28,48,0,100000,42,0.00042,90,0.0009
28,48,1,100000,34,0.00034,83,0.00083
28,48,2,100000,21,0.00021,73,0.00073
28,48,3,100000,37,0.00037,70,0.0007
28,48,4,100000,44,0.00044,68,0.00068
28,48,5,100000,22,0.00022,72,0.00072
28,49,0,100000,43,0.00043,79,0.00079
28,49,1,100000,27,0.00027,71,0.00071
28,49,2,100000,26,0.00026,73,0.00073
28,49,3,100000,58,0.00058,81,0.00081
28,49,4,100000,15,0.00015,64,0.00064
28,49,5,100000,25,0.00025,77,0.00077
28,50,0,100000,46,0.00046,80,0.0008
28,50,1,100000,20,0.0002,81,0.00081
28,50,2,100000,46,0.00046,80,0.0008
28,50,3,100000,31,0.00031,78,0.00078
28,50,4,100000,28,0.00028,68,0.00068
28,50,5,100000,17,0.00017,61,0.00061
29,-50,0,100000,29,0.00029,80,0.0008
29,-50,1,100000,31,0.00031,70,0.0007
29,-50,2,100000,33,0.00033,93,0.00093
29,-50,3,100000,32,0.00032,85,0.00085
29,-50,4,100000,29,0.00029,70,0.0007
29,-50,5,100000,20,0.0002,63,0.00063
29,-49,0,100000,39,0.00039,79,0.00079
29,-49,1,100000,27,0.00027,88,0.00088
29,-49,2,100000,23,0.00023,72,0.00072
29,-49,3,100000,31,0.00031,68,0.00068
29,-49,4,100000,25,0.00025,84,0.00084
29,-49,5,100000,29,0.00029,65,0.00065
29,-48,0,100000,32,0.00032,61,0.00061
29,-48,1,100000,33,0.00033,79,0.00079
29,-48,2,100000,31,0.00031,78,0.00078
29,-48,3,100000,26,0.00026,65,0.00065
29,-48,4,100000,6,6e-05,69,0.00069
29,-48,5,100000,29,0.00029,72,0.00072
29,-47,0,100000,20,0.0002,72,0.00072
29,-47,1,100000,27,0.00027,73,0.00073
29,-47,2,100000,57,0.00057,80,0.0008
29,-47,3,100000,32,0.00032,75,0.00075
29,-47,4,100000,17,0.00017,79,0.00079
29,-47,5,100000,25,0.00025,65,0.00065
29,-46,0,100000,34,0.00034,79,0.00079
29,-46,1,100000,21,0.00021,70,0.0007
29,-46,2,100000,28,0.00028,65,0.00065
29,-46,3,100000,34,0.00034,67,0.00067
29,-46,4,100000,38,0.00038,96,0.00096
29,-46,5,100000,44,0.00044,78,0.00078
29,-45,0,100000,21,0.00021,85,0.00085
29,-45,1,100000,34,0.00034,83,0.00083
29,-45,2,100000,31,0.00031,72,0.00072
29,-45,3,100000,28,0.00028,71,0.00071
29,-45,4,100000,15,0.00015,67,0.00067
29,-45,5,100000,52,0.00052,70,0.0007
29,-44,0,100000,34,0.00034,88,0.00088
29,-44,1,100000,31,0.00031,68,0.00068
29,-44,2,100000,43,0.00043,74,0.00074
29,-44,3,100000,25,0.00025,86,0.00086
29,-44,4,100000,21,0.00021,73,0.00073
29,-44,5,100000,24,0.00024,77,0.00077
29,-43,0,100000,34,0.00034,87,0.00087
29,-43,1,100000,25,0.00025,80,0.0008
29,-43,2,100000,29,0.00029,70,0.0007
29,-43,3,100000,33,0.00033,70,0.0007
29,-43,4,100000,33,0.00033,80,0.0008
29,-43,5,100000,32,0.00032,71,0.00071
29,-42,0,100000,39,0.00039,87,0.00087
29,-42,1,100000,30,0.0003,90,0.0009
29,-42,2,100000,35,0.00035,80,0.0008
29,-42,3,100000,40,0.0004,76,0.00076
29,-42,4,100000,47,0.00047,90,0.0009
29,-42,5,100000,19,0.00019,75,0.00075
29,-41,0,100000,30,0.0003,74,0.00074
29,-41,1,100000,22,0.00022,71,0.00071
29,-41,2,100000,31,0.00031,57,0.00057
29,-41,3,100000,44,0.00044,71,0.00071
29,-41,4,100000,33,0.00033,71,0.00071
29,-41,5,100000,36,0.00036,69,0.00069
29,-40,0,100000,50,0.0005,100,0.001
29,-40,1,100000,31,0.00031,89,0.00089
29,-40,2,100000,31,0.00031,74,0.00074
29,-40,3,100000,21,0.00021,64,0.00064
29,-40,4,100000,46,0.00046,80,0.0008
29,-40,5,100000,55,0.00055,94,0.00094
29,-39,0,100000,19,0.00019,89,0.00089
29,-39,1,100000,32,0.00032,83,0.00083
29,-39,2,100000,38,0.00038,85,0.00085
29,-39,3,100000,31,0.00031,87,0.00087
29,-39,4,100000,32,0.00032,78,0.00078
29,-39,5,100000,23,0.00023,72,0.00072
29,-38,0,100000,31,0.00031,74,0.00074
29,-38,1,100000,35,0.00035,80,0.0008
29,-38,2,100000,31,0.00031,75,0.00075
29,-38,3,100000,30,0.0003,88,0.00088
29,-38,4,100000,53,0.00053,86,0.00086
29,-38,5,100000,54,0.00054,88,0.00088
29,-37,0,100000,50,0.0005,83,0.00083
29,-37,1,100000,19,0.00019,64,0.00064
29,-37,2,100000,28,0.00028,71,0.00071
29,-37,3,100000,15,0.00015,70,0.0007
29,-37,4,100000,42,0.00042,73,0.00073
29,-37,5,100000,60,0.0006,96,0.00096
29,-36,0,100000,25,0.00025,63,0.00063
29,-36,1,100000,46,0.00046,92,0.00092
29,-36,2,100000,14,0.00014,72,0.00072
29,-36,3,100000,38,0.00038,72,0.00072
29,-36,4,100000,26,0.00026,72,0.00072
29,-36,5,100000,33,0.00033,84,0.00084
29,-35,0,100000,34,0.00034,96,0.00096
29,-35,1,100000,34,0.00034,75,0.00075
29,-35,2,100000,16,0.00016,59,0.00059
29,-35,3,100000,42,0.00042,83,0.00083
29,-35,4,100000,36,0.00036,92,0.00092
29,-35,5,100000,30,0.0003,83,0.00083
29,-34,0,100000,29,0.00029,72,0.00072
29,-34,1,100000,52,0.00052,83,0.00083
29,-34,2,100000,34,0.00034,78,0.00078
29,-34,3,100000,42,0.00042,88,0.00088
29,-34,4,100000,38,0.00038,80,0.0008
29,-34,5,100000,40,0.0004,81,0.00081
29,-33,0,100000,44,0.00044,82,0.00082
29,-33,1,100000,50,0.0005,85,0.00085
29,-33,2,100000,36,0.00036,85,0.00085
29,-33,3,100000,46,0.00046,93,0.00093
29,-33,4,100000,29,0.00029,72,0.00072
29,-33,5,100000,20,0.0002,78,0.00078
29,-32,0,100000,57,0.00057,82,0.00082
29,-32,1,100000,49,0.00049,90,0.0009
29,-32,2,100000,47,0.00047,84,0.00084
29,-32,3,100000,14,0.00014,75,0.00075
29,-32,4,100000,34,0.00034,79,0.00079
29,-32,5,100000,23,0.00023,68,0.00068
29,-31,0,100000,34,0.00034,84,0.00084
29,-31,1,100000,39,0.00039,81,0.00081
29,-31,2,100000,24,0.00024,78,0.00078
29,-31,3,100000,28,0.00028,84,0.00084
29,-31,4,100000,46,0.00046,75,0.00075
29,-31,5,100000,28,0.00028,80,0.0008
29,-30,0,100000,53,0.00053,93,0.00093
29,-30,1,100000,41,0.00041,101,0.00101
29,-30,2,100000,30,0.0003,79,0.00079
29,-30,3,100000,33,0.00033,87,0.00087
29,-30,4,100000,30,0.0003,82,0.00082
29,-30,5,100000,27,0.00027,76,0.00076
29,-29,0,100000,29,0.00029,75,0.00075
29,-29,1,100000,34,0.00034,75,0.00075
29,-29,2,100000,37,0.00037,82,0.00082
29,-29,3,100000,28,0.00028,81,0.00081
29,-29,4,100000,20,0.0002,86,0.00086
29,-29,5,100000,20,0.0002,82,0.00082
29,-28,0,100000,17,0.00017,64,0.00064
29,-28,1,100000,37,0.00037,89,0.00089
29,-28,2,100000,42,0.00042,75,0.00075
29,-28,3,100000,30,0.0003,71,0.00071
29,-28,4,100000,40,0.0004,81,0.00081
29,-28,5,100000,40,0.0004,86,0.00086
29,-27,0,100000,45,0.00045,92,0.00092
29,-27,1,100000,43,0.00043,82,0.00082
29,-27,2,100000,39,0.00039,84,0.00084
29,-27,3,100000,40,0.0004,81,0.00081
29,-27,4,100000,30,0.0003,86,0.00086
29,-27,5,100000,43,0.00043,100,0.001
29,-26,0,100000,48,0.00048,85,0.00085
29,-26,1,100000,49,0.00049,82,0.00082
29,-26,2,100000,46,0.00046,93,0.00093
29,-26,3,100000,32,0.00032,75,0.00075
29,-26,4,100000,39,0.00039,80,0.0008
29,-26,5,100000,42,0.00042,80,0.0008
29,-25,0,100000,44,0.00044,104,0.00104
29,-25,1,100000,26,0.00026,75,0.00075
29,-25,2,100000,39,0.00039,73,0.00073
29,-25,3,100000,29,0.00029,77,0.00077
29,-25,4,100000,19,0.00019,60,0.0006
29,-25,5,100000,41,0.00041,92,0.00092
29,-24,0,100000,35,0.00035,87,0.00087
29,-24,1,100000,38,0.00038,94,0.00094
29,-24,2,100000,39,0.00039,77,0.00077
29,-24,3,100000,17,0.00017,77,0.00077
29,-24,4,100000,30,0.0003,81,0.00081
29,-24,5,100000,38,0.00038,91,0.00091
29,-23,0,100000,47,0.00047,84,0.00084
29,-23,1,100000,54,0.00054,96,0.00096
29,-23,2,100000,29,0.00029,82,0.00082
29,-23,3,100000,23,0.00023,62,0.00062
29,-23,4,100000,37,0.00037,72,0.00072
29,-23,5,100000,29,0.00029,85,0.00085
29,-22,0,100000,37,0.00037,83,0.00083
29,-22,1,100000,41,0.00041,76,0.00076
29,-22,2,100000,28,0.00028,74,0.00074
29,-22,3,100000,34,0.00034,77,0.00077
29,-22,4,100000,46,0.00046,94,0.00094
29,-22,5,100000,37,0.00037,75,0.00075
29,-21,0,100000,28,0.00028,79,0.00079
29,-21,1,100000,45,0.00045,81,0.00081
29,-21,2,100000,14,0.00014,56,0.00056
29,-21,3,100000,36,0.00036,78,0.00078
29,-21,4,100000,33,0.00033,88,0.00088
29,-21,5,100000,48,0.00048,80,0.0008
29,-20,0,100000,22,0.00022,83,0.00083
29,-20,1,100000,24,0.00024,72,0.00072
29,-20,2,100000,24,0.00024,73,0.00073
29,-20,3,100000,40,0.0004,90,0.0009
29,-20,4,100000,25,0.00025,81,0.00081
29,-20,5,100000,51,0.00051,93,0.00093
29,-19,0,100000,35,0.00035,76,0.00076
29,-19,1,100000,32,0.00032,81,0.00081
29,-19,2,100000,27,0.00027,78,0.00078
29,-19,3,100000,40,0.0004,83,0.00083
29,-19,4,100000,38,0.00038,70,0.0007
29,-19,5,100000,28,0.00028,88,0.00088
29,-18,0,100000,33,0.00033,85,0.00085
29,-18,1,100000,30,0.0003,93,0.00093
29,-18,2,100000,23,0.00023,76,0.00076
29,-18,3,100000,34,0.00034,90,0.0009
29,-18,4,100000,24,0.00024,75,0.00075
29,-18,5,100000,21,0.00021,73,0.00073
29,-17,0,100000,47,0.00047,87,0.00087
29,-17,1,100000,32,0.00032,97,0.00097
29,-17,2,100000,33,0.00033,83,0.00083
29,-17,3,100000,55,0.00055,84,0.00084
29,-17,4,100000,28,0.00028,75,0.00075
29,-17,5,100000,25,0.00025,72,0.00072
29,-16,0,100000,36,0.00036,87,0.00087
29,-16,1,100000,22,0.00022,74,0.00074
29,-16,2,100000,40,0.0004,80,0.0008
29,-16,3,100000,26,0.00026,77,0.00077
29,-16,4,100000,54,0.00054,81,0.00081
29,-16,5,100000,28,0.00028,95,0.00095
29,-15,0,100000,39,0.00039,96,0.00096
29,-15,1,100000,32,0.00032,78,0.00078
29,-15,2,100000,30,0.0003,69,0.00069
29,-15,3,100000,45,0.00045,87,0.00087
29,-15,4,100000,46,0.00046,85,0.00085
29,-15,5,100000,37,0.00037,75,0.00075
29,-14,0,100000,48,0.00048,87,0.00087
29,-14,1,100000,50,0.0005,78,0.00078
29,-14,2,100000,29,0.00029,79,0.00079
29,-14,3,100000,33,0.00033,82,0.00082
29,-14,4,100000,34,0.00034,73,0.00073
29,-14,5,100000,50,0.0005,81,0.00081
29,-13,0,100000,39,0.00039,77,0.00077
29,-13,1,100000,39,0.00039,86,0.00086
29,-13,2,100000,24,0.00024,60,0.0006
29,-13,3,100000,40,0.0004,69,0.00069
29,-13,4,100000,32,0.00032,85,0.00085
29,-13,5,100000,33,0.00033,86,0.00086
29,-12,0,100000,37,0.00037,78,0.00078
29,-12,1,100000,38,0.00038,93,0.00093
29,-12,2,100000,31,0.00031,74,0.00074
29,-12,3,100000,30,0.0003,87,0.00087
29,-12,4,100000,31,0.00031,73,0.00073
29,-12,5,100000,37,0.00037,94,0.00094
29,-11,0,100000,35,0.00035,66,0.00066
29,-11,1,100000,38,0.00038,84,0.00084
29,-11,2,100000,28,0.00028,81,0.00081
29,-11,3,100000,25,0.00025,56,0.00056
29,-11,4,100000,56,0.00056,98,0.00098
29,-11,5,100000,29,0.00029,75,0.00075
29,-10,0,100000,25,0.00025,79,0.00079
29,-10,1,100000,50,0.0005,84,0.00084
29,-10,2,100000,31,0.00031,75,0.00075
29,-10,3,100000,40,0.0004,73,0.00073
29,-10,4,100000,24,0.00024,68,0.00068
29,-10,5,100000,40,0.0004,91,0.00091
29,-9,0,100000,42,0.00042,72,0.00072
29,-9,1,100000,25,0.00025,74,0.00074
29,-9,2,100000,45,0.00045,90,0.0009
29,-9,3,100000,39,0.00039,93,0.00093
29,-9,4,100000,49,0.00049,77,0.00077
29,-9,5,100000,20,0.0002,90,0.0009
29,-8,0,100000,62,0.00062,92,0.00092
29,-8,1,100000,37,0.00037,68,0.00068
29,-8,2,100000,31,0.00031,79,0.00079
29,-8,3,100000,33,0.00033,82,0.00082
29,-8,4,100000,21,0.00021,62,0.00062
29,-8,5,100000,45,0.00045,93,0.00093
29,-7,0,100000,24,0.00024,82,0.00082
29,-7,1,100000,43,0.00043,104,0.00104
29,-7,2,100000,25,0.00025,63,0.00063
29,-7,3,100000,31,0.00031,80,0.0008
29,-7,4,100000,30,0.0003,69,0.00069
29,-7,5,100000,39,0.00039,100,0.001
29,-6,0,100000,40,0.0004,86,0.00086
29,-6,1,100000,23,0.00023,77,0.00077
29,-6,2,100000,62,0.00062,89,0.00089
29,-6,3,100000,37,0.00037,73,0.00073
29,-6,4,100000,35,0.00035,82,0.00082
29,-6,5,100000,31,0.00031,93,0.00093
29,-5,0,100000,43,0.00043,97,0.00097
29,-5,1,100000,24,0.00024,76,0.00076
29,-5,2,100000,19,0.00019,72,0.00072
29,-5,3,100000,25,0.00025,74,0.00074
29,-5,4,100000,20,0.0002,73,0.00073
29,-5,5,100000,52,0.00052,74,0.00074
29,-4,0,100000,41,0.00041,89,0.00089
29,-4,1,100000,30,0.0003,74,0.00074
29,-4,2,100000,21,0.00021,79,0.00079
29,-4,3,100000,39,0.00039,69,0.00069
29,-4,4,100000,49,0.00049,74,0.00074
29,-4,5,100000,32,0.00032,84,0.00084
29,-3,0,100000,63,0.00063,100,0.001
29,-3,1,100000,31,0.00031,75,0.00075
29,-3,2,100000,42,0.00042,81,0.00081
29,-3,3,100000,40,0.0004,78,0.00078
29,-3,4,100000,22,0.00022,79,0.00079
29,-3,5,100000,53,0.00053,94,0.00094
29,-2,0,100000,32,0.00032,94,0.00094
29,-2,1,100000,26,0.00026,72,0.00072
29,-2,2,100000,19,0.00019,71,0.00071
29,-2,3,100000,25,0.00025,72,0.00072
29,-2,4,100000,50,0.0005,73,0.00073
29,-2,5,100000,34,0.00034,84,0.00084
29,-1,0,100000,53,0.00053,99,0.00099
29,-1,1,100000,37,0.00037,75,0.00075
29,-1,2,100000,38,0.00038,83,0.00083
29,-1,3,100000,22,0.00022,67,0.00067
29,-1,4,100000,35,0.00035,76,0.00076
29,-1,5,100000,25,0.00025,62,0.00062
29,0,0,100000,39,0.00039,94,0.00094
29,0,1,100000,32,0.00032,76,0.00076
29,0,2,100000,50,0.0005,84,0.00084
29,0,3,100000,39,0.00039,69,0.00069
29,0,4,100000,45,0.00045,89,0.00089
29,0,5,100000,43,0.00043,92,0.00092
29,1,0,100000,26,0.00026,86,0.00086
29,1,1,100000,26,0.00026,70,0.0007
29,1,2,100000,38,0.00038,88,0.00088
29,1,3,100000,24,0.00024,77,0.00077
29,1,4,100000,25,0.00025,78,0.00078
29,1,5,100000,47,0.00047,94,0.00094
29,2,0,100000,63,0.00063,94,0.00094
29,2,1,100000,19,0.00019,84,0.00084
29,2,2,100000,28,0.00028,79,0.00079
29,2,3,100000,41,0.00041,72,0.00072
29,2,4,100000,27,0.00027,78,0.00078
29,2,5,100000,46,0.00046,103,0.00103
29,3,0,100000,51,0.00051,90,0.0009
29,3,1,100000,52,0.00052,78,0.00078
29,3,2,100000,47,0.00047,74,0.00074
29,3,3,100000,36,0.00036,88,0.00088
29,3,4,100000,53,0.00053,86,0.00086
29,3,5,100000,52,0.00052,102,0.00102
29,4,0,100000,57,0.00057,100,0.001
29,4,1,100000,45,0.00045,86,0.00086
29,4,2,100000,33,0.00033,72,0.00072
29,4,3,100000,20,0.0002,73,0.00073
29,4,4,100000,26,0.00026,78,0.00078
29,4,5,100000,42,0.00042,79,0.00079
29,5,0,100000,34,0.00034,92,0.00092
29,5,1,100000,25,0.00025,79,0.00079
29,5,2,100000,34,0.00034,87,0.00087
29,5,3,100000,32,0.00032,88,0.00088
29,5,4,100000,45,0.00045,75,0.00075
29,5,5,100000,40,0.0004,84,0.00084
29,6,0,100000,51,0.00051,85,0.00085
29,6,1,100000,39,0.00039,76,0.00076
29,6,2,100000,20,0.0002,68,0.00068
29,6,3,100000,25,0.00025,79,0.00079
29,6,4,100000,36,0.00036,78,0.00078
29,6,5,100000,29,0.00029,80,0.0008
29,7,0,100000,29,0.00029,72,0.00072
29,7,1,100000,44,0.00044,86,0.00086
29,7,2,100000,26,0.00026,71,0.00071
29,7,3,100000,38,0.00038,89,0.00089
29,7,4,100000,26,0.00026,69,0.00069
29,7,5,100000,27,0.00027,82,0.00082
29,8,0,100000,27,0.00027,90,0.0009
29,8,1,100000,40,0.0004,89,0.00089
29,8,2,100000,26,0.00026,78,0.00078
29,8,3,100000,34,0.00034,96,0.00096
29,8,4,100000,27,0.00027,76,0.00076
29,8,5,100000,68,0.00068,88,0.00088
29,9,0,100000,41,0.00041,94,0.00094
29,9,1,100000,21,0.00021,91,0.00091
29,9,2,100000,19,0.00019,94,0.00094
29,9,3,100000,38,0.00038,89,0.00089
29,9,4,100000,24,0.00024,72,0.00072
29,9,5,100000,55,0.00055,86,0.00086
29,10,0,100000,43,0.00043,89,0.00089
29,10,1,100000,25,0.00025,72,0.00072
29,10,2,100000,34,0.00034,72,0.00072
29,10,3,100000,34,0.00034,64,0.00064
29,10,4,100000,38,0.00038,80,0.0008
29,10,5,100000,40,0.0004,86,0.00086
29,11,0,100000,49,0.00049,90,0.0009
29,11,1,100000,46,0.00046,92,0.00092
29,11,2,100000,51,0.00051,96,0.00096
29,11,3,100000,21,0.00021,93,0.00093
29,11,4,100000,31,0.00031,79,0.00079
29,11,5,100000,19,0.00019,81,0.00081
29,12,0,100000,40,0.0004,73,0.00073
29,12,1,100000,28,0.00028,100,0.001
29,12,2,100000,34,0.00034,73,0.00073
29,12,3,100000,34,0.00034,77,0.00077
29,12,4,100000,31,0.00031,77,0.00077
29,12,5,100000,46,0.00046,80,0.0008
29,13,0,100000,44,0.00044,83,0.00083
29,13,1,100000,41,0.00041,77,0.00077
29,13,2,100000,42,0.00042,80,0.0008
29,13,3,100000,14,0.00014,70,0.0007
29,13,4,100000,26,0.00026,58,0.00058
29,13,5,100000,51,0.00051,66,0.00066
29,14,0,100000,33,0.00033,64,0.00064
29,14,1,100000,32,0.00032,81,0.00081
29,14,2,100000,37,0.00037,71,0.00071
29,14,3,100000,29,0.00029,77,0.00077
29,14,4,100000,27,0.00027,78,0.00078
29,14,5,100000,55,0.00055,84,0.00084
29,15,0,100000,25,0.00025,81,0.00081
29,15,1,100000,38,0.00038,89,0.00089
29,15,2,100000,30,0.0003,71,0.00071
29,15,3,100000,20,0.0002,73,0.00073
29,15,4,100000,37,0.00037,83,0.00083
29,15,5,100000,20,0.0002,75,0.00075
29,16,0,100000,33,0.00033,69,0.00069
29,16,1,100000,46,0.00046,90,0.0009
29,16,2,100000,38,0.00038,73,0.00073
29,16,3,100000,36,0.00036,71,0.00071
29,16,4,100000,34,0.00034,73,0.00073
29,16,5,100000,48,0.00048,84,0.00084
29,17,0,100000,30,0.0003,94,0.00094
29,17,1,100000,23,0.00023,85,0.00085
29,17,2,100000,20,0.0002,78,0.00078
29,17,3,100000,19,0.00019,68,0.00068
29,17,4,100000,41,0.00041,75,0.00075
29,17,5,100000,37,0.00037,66,0.00066
29,18,0,100000,32,0.00032,90,0.0009
29,18,1,100000,40,0.0004,77,0.00077
29,18,2,100000,20,0.0002,78,0.00078
29,18,3,100000,53,0.00053,83,0.00083
29,18,4,100000,55,0.00055,85,0.00085
29,18,5,100000,33,0.00033,83,0.00083
29,19,0,100000,45,0.00045,78,0.00078
29,19,1,100000,29,0.00029,83,0.00083
29,19,2,100000,30,0.0003,83,0.00083
29,19,3,100000,41,0.00041,84,0.00084
29,19,4,100000,22,0.00022,80,0.0008
29,19,5,100000,26,0.00026,82,0.00082
29,20,0,100000,41,0.00041,80,0.0008
29,20,1,100000,26,0.00026,66,0.00066
29,20,2,100000,31,0.00031,85,0.00085
29,20,3,100000,51,0.00051,72,0.00072
29,20,4,100000,40,0.0004,74,0.00074
29,20,5,100000,56,0.00056,103,0.00103
29,21,0,100000,46,0.00046,76,0.00076
29,21,1,100000,37,0.00037,78,0.00078
29,21,2,100000,34,0.00034,71,0.00071
29,21,3,100000,23,0.00023,67,0.00067
29,21,4,100000,28,0.00028,80,0.0008
29,21,5,100000,31,0.00031,78,0.00078
29,22,0,100000,52,0.00052,106,0.00106
29,22,1,100000,28,0.00028,77,0.00077
29,22,2,100000,29,0.00029,70,0.0007
29,22,3,100000,28,0.00028,89,0.00089
29,22,4,100000,33,0.00033,84,0.00084
29,22,5,100000,36,0.00036,88,0.00088
29,23,0,100000,30,0.0003,65,0.00065
29,23,1,100000,32,0.00032,84,0.00084
29,23,2,100000,53,0.00053,91,0.00091
29,23,3,100000,57,0.00057,76,0.00076
29,23,4,100000,19,0.00019,57,0.00057
29,23,5,100000,38,0.00038,88,0.00088
29,24,0,100000,48,0.00048,90,0.0009
29,24,1,100000,49,0.00049,84,0.00084
29,24,2,100000,29,0.00029,71,0.00071
29,24,3,100000,17,0.00017,63,0.00063
29,24,4,100000,20,0.0002,73,0.00073
29,24,5,100000,22,0.00022,71,0.00071
29,25,0,100000,45,0.00045,87,0.00087
29,25,1,100000,45,0.00045,90,0.0009
29,25,2,100000,21,0.00021,78,0.00078
29,25,3,100000,36,0.00036,80,0.0008
29,25,4,100000,39,0.00039,84,0.00084
29,25,5,100000,40,0.0004,91,0.00091
29,26,0,100000,44,0.00044,93,0.00093
29,26,1,100000,40,0.0004,82,0.00082
29,26,2,100000,34,0.00034,83,0.00083
29,26,3,100000,39,0.00039,89,0.00089
29,26,4,100000,27,0.00027,80,0.0008
29,26,5,100000,40,0.0004,95,0.00095
29,27,0,100000,29,0.00029,80,0.0008
29,27,1,100000,35,0.00035,87,0.00087
29,27,2,100000,37,0.00037,85,0.00085
29,27,3,100000,33,0.00033,72,0.00072
29,27,4,100000,22,0.00022,76,0.00076
29,27,5,100000,34,0.00034,79,0.00079
29,28,0,100000,29,0.00029,90,0.0009
29,28,1,100000,35,0.00035,92,0.00092
29,28,2,100000,36,0.00036,69,0.00069
29,28,3,100000,30,0.0003,71,0.00071
29,28,4,100000,38,0.00038,74,0.00074
29,28,5,100000,29,0.00029,62,0.00062
29,29,0,100000,44,0.00044,103,0.00103
29,29,1,100000,29,0.00029,73,0.00073
29,29,2,100000,24,0.00024,76,0.00076
29,29,3,100000,45,0.00045,89,0.00089
29,29,4,100000,34,0.00034,78,0.00078
29,29,5,100000,48,0.00048,99,0.00099
29,30,0,100000,37,0.00037,83,0.00083
29,30,1,100000,55,0.00055,77,0.00077
29,30,2,100000,29,0.00029,73,0.00073
29,30,3,100000,16,0.00016,72,0.00072
29,30,4,100000,29,0.00029,84,0.00084
29,30,5,100000,39,0.00039,86,0.00086
29,31,0,100000,44,0.00044,102,0.00102
29,31,1,100000,23,0.00023,88,0.00088
29,31,2,100000,38,0.00038,88,0.00088
29,31,3,100000,40,0.0004,89,0.00089
29,31,4,100000,17,0.00017,59,0.00059
29,31,5,100000,61,0.00061,99,0.00099
29,32,0,100000,27,0.00027,85,0.00085
29,32,1,100000,25,0.00025,72,0.00072
29,32,2,100000,41,0.00041,68,0.00068
29,32,3,100000,36,0.00036,71,0.00071
29,32,4,100000,44,0.00044,79,0.00079
29,32,5,100000,34,0.00034,83,0.00083
29,33,0,100000,20,0.0002,70,0.0007
29,33,1,100000,21,0.00021,63,0.00063
29,33,2,100000,61,0.00061,87,0.00087
29,33,3,100000,28,0.00028,66,0.00066
29,33,4,100000,27,0.00027,78,0.00078
29,33,5,100000,41,0.00041,80,0.0008
29,34,0,100000,44,0.00044,83,0.00083
29,34,1,100000,33,0.00033,73,0.00073
29,34,2,100000,30,0.0003,71,0.00071
29,34,3,100000,37,0.00037,72,0.00072
29,34,4,100000,31,0.00031,82,0.00082
29,34,5,100000,23,0.00023,93,0.00093
29,35,0,100000,36,0.00036,103,0.00103
29,35,1,100000,33,0.00033,83,0.00083
29,35,2,100000,15,0.00015,62,0.00062
29,35,3,100000,26,0.00026,83,0.00083
29,35,4,100000,35,0.00035,79,0.00079
29,35,5,100000,33,0.00033,71,0.00071
29,36,0,100000,53,0.00053,103,0.00103
29,36,1,100000,30,0.0003,70,0.0007
29,36,2,100000,26,0.00026,75,0.00075
29,36,3,100000,42,0.00042,81,0.00081
29,36,4,100000,35,0.00035,69,0.00069
29,36,5,100000,35,0.00035,90,0.0009
29,37,0,100000,39,0.00039,98,0.00098
29,37,1,100000,40,0.0004,84,0.00084
29,37,2,100000,39,0.00039,79,0.00079
29,37,3,100000,39,0.00039,77,0.00077
29,37,4,100000,27,0.00027,81,0.00081
29,37,5,100000,28,0.00028,92,0.00092
29,38,0,100000,37,0.00037,71,0.00071
29,38,1,100000,29,0.00029,82,0.00082
29,38,2,100000,33,0.00033,76,0.00076
29,38,3,100000,42,0.00042,79,0.00079
29,38,4,100000,34,0.00034,76,0.00076
29,38,5,100000,24,0.00024,87,0.00087
29,39,0,100000,34,0.00034,102,0.00102
29,39,1,100000,33,0.00033,81,0.00081
29,39,2,100000,21,0.00021,72,0.00072
29,39,3,100000,46,0.00046,88,0.00088
29,39,4,100000,35,0.00035,79,0.00079
29,39,5,100000,27,0.00027,71,0.00071
29,40,0,100000,42,0.00042,78,0.00078
29,40,1,100000,29,0.00029,75,0.00075
29,40,2,100000,25,0.00025,75,0.00075
29,40,3,100000,40,0.0004,78,0.00078
29,40,4,100000,42,0.00042,93,0.00093
29,40,5,100000,42,0.00042,82,0.00082
29,41,0,100000,28,0.00028,85,0.00085
29,41,1,100000,43,0.00043,79,0.00079
29,41,2,100000,34,0.00034,72,0.00072
29,41,3,100000,26,0.00026,72,0.00072
29,41,4,100000,19,0.00019,69,0.00069
29,41,5,100000,31,0.00031,77,0.00077
29,42,0,100000,17,0.00017,67,0.00067
29,42,1,100000,51,0.00051,71,0.00071
29,42,2,100000,40,0.0004,75,0.00075
29,42,3,100000,26,0.00026,73,0.00073
29,42,4,100000,39,0.00039,68,0.00068
29,42,5,100000,16,0.00016,69,0.00069
29,43,0,100000,32,0.00032,72,0.00072
29,43,1,100000,12,0.00012,62,0.00062
29,43,2,100000,40,0.0004,75,0.00075
29,43,3,100000,24,0.00024,78,0.00078
29,43,4,100000,28,0.00028,67,0.00067
29,43,5,100000,34,0.00034,83,0.00083
29,44,0,100000,24,0.00024,63,0.00063
29,44,1,100000,37,0.00037,83,0.00083
29,44,2,100000,38,0.00038,82,0.00082
29,44,3,100000,26,0.00026,81,0.00081
29,44,4,100000,35,0.00035,87,0.00087
29,44,5,100000,27,0.00027,76,0.00076
29,45,0,100000,27,0.00027,65,0.00065
29,45,1,100000,22,0.00022,75,0.00075
29,45,2,100000,32,0.00032,67,0.00067
29,45,3,100000,33,0.00033,66,0.00066
29,45,4,100000,23,0.00023,66,0.00066
29,45,5,100000,26,0.00026,73,0.00073
29,46,0,100000,38,0.00038,85,0.00085
29,46,1,100000,25,0.00025,76,0.00076
29,46,2,100000,25,0.00025,69,0.00069
29,46,3,100000,30,0.0003,82,0.00082
29,46,4,100000,26,0.00026,92,0.00092
29,46,5,100000,21,0.00021,71,0.00071
29,47,0,100000,24,0.00024,77,0.00077
29,47,1,100000,31,0.00031,70,0.0007
29,47,2,100000,28,0.00028,74,0.00074
29,47,3,100000,33,0.00033,68,0.00068
29,47,4,100000,22,0.00022,56,0.00056
29,47,5,100000,17,0.00017,67,0.00067
29,48,0,100000,17,0.00017,67,0.00067
29,48,1,100000,21,0.00021,72,0.00072
29,48,2,100000,35,0.00035,75,0.00075
29,48,3,100000,29,0.00029,85,0.00085
29,48,4,100000,32,0.00032,83,0.00083
29,48,5,100000,35,0.00035,78,0.00078
29,49,0,100000,24,0.00024,72,0.00072
29,49,1,100000,27,0.00027,81,0.00081
29,49,2,100000,33,0.00033,77,0.00077
29,49,3,100000,19,0.00019,69,0.00069
29,49,4,100000,38,0.00038,64,0.00064
29,49,5,100000,52,0.00052,78,0.00078
29,50,0,100000,37,0.00037,67,0.00067
29,50,1,100000,25,0.00025,70,0.0007
29,50,2,100000,25,0.00025,69,0.00069
29,50,3,100000,38,0.00038,66,0.00066
29,50,4,100000,41,0.00041,88,0.00088
29,50,5,100000,19,0.00019,77,0.00077
30,-50,0,100000,27,0.00027,68,0.00068
30,-50,1,100000,28,0.00028,74,0.00074
30,-50,2,100000,15,0.00015,67,0.00067
30,-50,3,100000,42,0.00042,69,0.00069
30,-50,4,100000,50,0.0005,75,0.00075
30,-50,5,100000,23,0.00023,64,0.00064
30,-49,0,100000,18,0.00018,77,0.00077
30,-49,1,100000,15,0.00015,51,0.00051
30,-49,2,100000,40,0.0004,73,0.00073
30,-49,3,100000,29,0.00029,78,0.00078
30,-49,4,100000,32,0.00032,60,0.0006
30,-49,5,100000,26,0.00026,66,0.00066
30,-48,0,100000,35,0.00035,70,0.0007
30,-48,1,100000,54,0.00054,85,0.00085
30,-48,2,100000,17,0.00017,55,0.00055
30,-48,3,100000,29,0.00029,50,0.0005
30,-48,4,100000,21,0.00021,63,0.00063
30,-48,5,100000,24,0.00024,73,0.00073
30,-47,0,100000,26,0.00026,82,0.00082
30,-47,1,100000,27,0.00027,84,0.00084
30,-47,2,100000,21,0.00021,62,0.00062
30,-47,3,100000,38,0.00038,61,0.00061
30,-47,4,100000,21,0.00021,61,0.00061
30,-47,5,100000,18,0.00018,69,0.00069
30,-46,0,100000,27,0.00027,77,0.00077
30,-46,1,100000,26,0.00026,58,0.00058
30,-46,2,100000,23,0.00023,77,0.00077
30,-46,3,100000,15,0.00015,59,0.00059
30,-46,4,100000,27,0.00027,71,0.00071
30,-46,5,100000,55,0.00055,81,0.00081
30,-45,0,100000,41,0.00041,64,0.00064
30,-45,1,100000,51,0.00051,77,0.00077
30,-45,2,100000,54,0.00054,98,0.00098
30,-45,3,100000,41,0.00041,80,0.0008
30,-45,4,100000,18,0.00018,66,0.00066
30,-45,5,100000,41,0.00041,72,0.00072
30,-44,0,100000,32,0.00032,81,0.00081
30,-44,1,100000,48,0.00048,70,0.0007
30,-44,2,100000,40,0.0004,77,0.00077
30,-44,3,100000,15,0.00015,74,0.00074
30,-44,4,100000,29,0.00029,83,0.00083
30,-44,5,100000,39,0.00039,70,0.0007
30,-43,0,100000,23,0.00023,64,0.00064
30,-43,1,100000,23,0.00023,71,0.00071
30,-43,2,100000,35,0.00035,64,0.00064
30,-43,3,100000,40,0.0004,68,0.00068
30,-43,4,100000,39,0.00039,86,0.00086
30,-43,5,100000,29,0.00029,70,0.0007
30,-42,0,100000,22,0.00022,68,0.00068
30,-42,1,100000,34,0.00034,72,0.00072
30,-42,2,100000,22,0.00022,57,0.00057
30,-42,3,100000,32,0.00032,71,0.00071
30,-42,4,100000,17,0.00017,53,0.00053
30,-42,5,100000,33,0.00033,98,0.00098
30,-41,0,100000,33,0.00033,65,0.00065
30,-41,1,100000,34,0.00034,77,0.00077
30,-41,2,100000,41,0.00041,86,0.00086
30,-41,3,100000,26,0.00026,72,0.00072
30,-41,4,100000,22,0.00022,80,0.0008
30,-41,5,100000,44,0.00044,72,0.00072
30,-40,0,100000,30,0.0003,87,0.00087
30,-40,1,100000,36,0.00036,70,0.0007
30,-40,2,100000,36,0.00036,83,0.00083
30,-40,3,100000,21,0.00021,71,0.00071
30,-40,4,100000,51,0.00051,87,0.00087
30,-40,5,100000,53,0.00053,76,0.00076
30,-39,0,100000,27,0.00027,88,0.00088
30,-39,1,100000,36,0.00036,76,0.00076
30,-39,2,100000,33,0.00033,78,0.00078
30,-39,3,100000,20,0.0002,70,0.0007
30,-39,4,100000,43,0.00043,66,0.00066
30,-39,5,100000,42,0.00042,72,0.00072
30,-38,0,100000,24,0.00024,81,0.00081
30,-38,1,100000,16,0.00016,66,0.00066
30,-38,2,100000,27,0.00027,63,0.00063
30,-38,3,100000,17,0.00017,70,0.0007
30,-38,4,100000,31,0.00031,75,0.00075
30,-38,5,100000,49,0.00049,94,0.00094
30,-37,0,100000,29,0.00029,82,0.00082
30,-37,1,100000,43,0.00043,68,0.00068
30,-37,2,100000,23,0.00023,79,0.00079
30,-37,3,100000,35,0.00035,72,0.00072
30,-37,4,100000,45,0.00045,85,0.00085
30,-37,5,100000,30,0.0003,73,0.00073
30,-36,0,100000,45,0.00045,78,0.00078
30,-36,1,100000,32,0.00032,70,0.0007
30,-36,2,100000,40,0.0004,86,0.00086
30,-36,3,100000,40,0.0004,86,0.00086
30,-36,4,100000,30,0.0003,74,0.00074
30,-36,5,100000,30,0.0003,89,0.00089
30,-35,0,100000,41,0.00041,75,0.00075
30,-35,1,100000,41,0.00041,75,0.00075
30,-35,2,100000,38,0.00038,82,0.00082
30,-35,3,100000,29,0.00029,65,0.00065
30,-35,4,100000,39,0.00039,82,0.00082
30,-35,5,100000,42,0.00042,85,0.00085
30,-34,0,100000,18,0.00018,93,0.00093
30,-34,1,100000,40,0.0004,79,0.00079
30,-34,2,100000,22,0.00022,87,0.00087
30,-34,3,100000,27,0.00027,67,0.00067
30,-34,4,100000,38,0.00038,57,0.00057
30,-34,5,100000,32,0.00032,67,0.00067
30,-33,0,100000,35,0.00035,78,0.00078
30,-33,1,100000,43,0.00043,77,0.00077
30,-33,2,100000,30,0.0003,75,0.00075
30,-33,3,100000,25,0.00025,65,0.00065
30,-33,4,100000,31,0.00031,80,0.0008
30,-33,5,100000,32,0.00032,74,0.00074
30,-32,0,100000,33,0.00033,77,0.00077
30,-32,1,100000,26,0.00026,74,0.00074
30,-32,2,100000,35,0.00035,73,0.00073
30,-32,3,100000,40,0.0004,75,0.00075
30,-32,4,100000,36,0.00036,88,0.00088
30,-32,5,100000,48,0.00048,80,0.0008
30,-31,0,100000,21,0.00021,64,0.00064
30,-31,1,100000,42,0.00042,97,0.00097
30,-31,2,100000,35,0.00035,72,0.00072
30,-31,3,100000,28,0.00028,62,0.00062
30,-31,4,100000,26,0.00026,77,0.00077
30,-31,5,100000,28,0.00028,69,0.00069
30,-30,0,100000,25,0.00025,81,0.00081
30,-30,1,100000,41,0.00041,92,0.00092
30,-30,2,100000,21,0.00021,73,0.00073
30,-30,3,100000,33,0.00033,87,0.00087
30,-30,4,100000,26,0.00026,77,0.00077
30,-30,5,100000,32,0.00032,84,0.00084
30,-29,0,100000,29,0.00029,71,0.00071
30,-29,1,100000,31,0.00031,85,0.00085
30,-29,2,100000,28,0.00028,78,0.00078
30,-29,3,100000,14,0.00014,62,0.00062
30,-29,4,100000,25,0.00025,69,0.00069
30,-29,5,100000,50,0.0005,84,0.00084
30,-28,0,100000,35,0.00035,73,0.00073
30,-28,1,100000,15,0.00015,54,0.00054
30,-28,2,100000,35,0.00035,66,0.00066
30,-28,3,100000,10,0.0001,76,0.00076
30,-28,4,100000,27,0.00027,78,0.00078
30,-28,5,100000,59,0.00059,79,0.00079
30,-27,0,100000,31,0.00031,70,0.0007
30,-27,1,100000,32,0.00032,78,0.00078
30,-27,2,100000,19,0.00019,67,0.00067
30,-27,3,100000,36,0.00036,83,0.00083
30,-27,4,100000,31,0.00031,69,0.00069
30,-27,5,100000,38,0.00038,70,0.0007
30,-26,0,100000,26,0.00026,64,0.00064
30,-26,1,100000,15,0.00015,76,0.00076
30,-26,2,100000,33,0.00033,67,0.00067
30,-26,3,100000,37,0.00037,74,0.00074
30,-26,4,100000,34,0.00034,58,0.00058
30,-26,5,100000,25,0.00025,67,0.00067
30,-25,0,100000,41,0.00041,92,0.00092
30,-25,1,100000,42,0.00042,68,0.00068
30,-25,2,100000,21,0.00021,71,0.00071
30,-25,3,100000,22,0.00022,69,0.00069
30,-25,4,100000,8,8e-05,60,0.0006
30,-25,5,100000,41,0.00041,80,0.0008
30,-24,0,100000,29,0.00029,81,0.00081
30,-24,1,100000,28,0.00028,87,0.00087
30,-24,2,100000,11,0.00011,65,0.00065
30,-24,3,100000,20,0.0002,77,0.00077
30,-24,4,100000,32,0.00032,72,0.00072
30,-24,5,100000,35,0.00035,69,0.00069
30,-23,0,100000,30,0.0003,68,0.00068
30,-23,1,100000,37,0.00037,77,0.00077
30,-23,2,100000,21,0.00021,83,0.00083
30,-23,3,100000,18,0.00018,65,0.00065
30,-23,4,100000,20,0.0002,70,0.0007
30,-23,5,100000,30,0.0003,74,0.00074
30,-22,0,100000,41,0.00041,69,0.00069
30,-22,1,100000,26,0.00026,80,0.0008
30,-22,2,100000,38,0.00038,75,0.00075
30,-22,3,100000,28,0.00028,74,0.00074
30,-22,4,100000,39,0.00039,71,0.00071
30,-22,5,100000,37,0.00037,83,0.00083
30,-21,0,100000,13,0.00013,68,0.00068
30,-21,1,100000,42,0.00042,71,0.00071
30,-21,2,100000,23,0.00023,71,0.00071
30,-21,3,100000,14,0.00014,59,0.00059
30,-21,4,100000,29,0.00029,75,0.00075
30,-21,5,100000,32,0.00032,92,0.00092
30,-20,0,100000,38,0.00038,78,0.00078
30,-20,1,100000,32,0.00032,90,0.0009
30,-20,2,100000,40,0.0004,76,0.00076
30,-20,3,100000,26,0.00026,75,0.00075
30,-20,4,100000,34,0.00034,81,0.00081
30,-20,5,100000,20,0.0002,85,0.00085
30,-19,0,100000,33,0.00033,65,0.00065
30,-19,1,100000,38,0.00038,90,0.0009
30,-19,2,100000,33,0.00033,81,0.00081
30,-19,3,100000,39,0.00039,66,0.00066
30,-19,4,100000,40,0.0004,85,0.00085
30,-19,5,100000,25,0.00025,71,0.00071
30,-18,0,100000,23,0.00023,72,0.00072
30,-18,1,100000,33,0.00033,61,0.00061
30,-18,2,100000,18,0.00018,68,0.00068
30,-18,3,100000,28,0.00028,71,0.00071
30,-18,4,100000,30,0.0003,64,0.00064
30,-18,5,100000,34,0.00034,72,0.00072
30,-17,0,100000,32,0.00032,79,0.00079
30,-17,1,100000,31,0.00031,85,0.00085
30,-17,2,100000,43,0.00043,80,0.0008
30,-17,3,100000,25,0.00025,72,0.00072
30,-17,4,100000,41,0.00041,83,0.00083
30,-17,5,100000,36,0.00036,88,0.00088
30,-16,0,100000,20,0.0002,75,0.00075
30,-16,1,100000,26,0.00026,85,0.00085
30,-16,2,100000,36,0.00036,62,0.00062
30,-16,3,100000,29,0.00029,85,0.00085
30,-16,4,100000,24,0.00024,84,0.00084
30,-16,5,100000,45,0.00045,79,0.00079
30,-15,0,100000,28,0.00028,85,0.00085
30,-15,1,100000,38,0.00038,68,0.00068
30,-15,2,100000,37,0.00037,76,0.00076
30,-15,3,100000,52,0.00052,85,0.00085
30,-15,4,100000,28,0.00028,74,0.00074
30,-15,5,100000,20,0.0002,64,0.00064
30,-14,0,100000,25,0.00025,81,0.00081
30,-14,1,100000,25,0.00025,84,0.00084
30,-14,2,100000,21,0.00021,72,0.00072
30,-14,3,100000,17,0.00017,65,0.00065
30,-14,4,100000,35,0.00035,66,0.00066
30,-14,5,100000,31,0.00031,77,0.00077
30,-13,0,100000,31,0.00031,81,0.00081
30,-13,1,100000,30,0.0003,73,0.00073
30,-13,2,100000,37,0.00037,78,0.00078
30,-13,3,100000,37,0.00037,75,0.00075
30,-13,4,100000,34,0.00034,80,0.0008
30,-13,5,100000,43,0.00043,74,0.00074
30,-12,0,100000,34,0.00034,76,0.00076
30,-12,1,100000,21,0.00021,87,0.00087
30,-12,2,100000,33,0.00033,69,0.00069
30,-12,3,100000,30,0.0003,66,0.00066
30,-12,4,100000,19,0.00019,65,0.00065
30,-12,5,100000,23,0.00023,75,0.00075
30,-11,0,100000,28,0.00028,78,0.00078
30,-11,1,100000,24,0.00024,68,0.00068
30,-11,2,100000,30,0.0003,81,0.00081
30,-11,3,100000,32,0.00032,88,0.00088
30,-11,4,100000,19,0.00019,69,0.00069
30,-11,5,100000,36,0.00036,74,0.00074
30,-10,0,100000,48,0.00048,81,0.00081
30,-10,1,100000,39,0.00039,76,0.00076
30,-10,2,100000,20,0.0002,75,0.00075
30,-10,3,100000,23,0.00023,66,0.00066
30,-10,4,100000,25,0.00025,83,0.00083
30,-10,5,100000,53,0.00053,79,0.00079
30,-9,0,100000,44,0.00044,87,0.00087
30,-9,1,100000,39,0.00039,69,0.00069
30,-9,2,100000,23,0.00023,83,0.00083
30,-9,3,100000,40,0.0004,82,0.00082
30,-9,4,100000,43,0.00043,89,0.00089
30,-9,5,100000,26,0.00026,62,0.00062
30,-8,0,100000,29,0.00029,87,0.00087
30,-8,1,100000,37,0.00037,84,0.00084
30,-8,2,100000,27,0.00027,74,0.00074
30,-8,3,100000,21,0.00021,76,0.00076
30,-8,4,100000,29,0.00029,67,0.00067
30,-8,5,100000,49,0.00049,88,0.00088
30,-7,0,100000,33,0.00033,71,0.00071
30,-7,1,100000,32,0.00032,75,0.00075
30,-7,2,100000,42,0.00042,90,0.0009
30,-7,3,100000,27,0.00027,76,0.00076
30,-7,4,100000,31,0.00031,89,0.00089
30,-7,5,100000,34,0.00034,81,0.00081
30,-6,0,100000,36,0.00036,79,0.00079
30,-6,1,100000,27,0.00027,73,0.00073
30,-6,2,100000,30,0.0003,80,0.0008
30,-6,3,100000,21,0.00021,69,0.00069
30,-6,4,100000,36,0.00036,72,0.00072
30,-6,5,100000,28,0.00028,65,0.00065
30,-5,0,100000,44,0.00044,89,0.00089
30,-5,1,100000,24,0.00024,69,0.00069
30,-5,2,100000,36,0.00036,87,0.00087
30,-5,3,100000,34,0.00034,71,0.00071
30,-5,4,100000,30,0.0003,77,0.00077
30,-5,5,100000,35,0.00035,69,0.00069
30,-4,0,100000,22,0.00022,73,0.00073
30,-4,1,100000,51,0.00051,75,0.00075
30,-4,2,100000,26,0.00026,72,0.00072
30,-4,3,100000,24,0.00024,65,0.00065
30,-4,4,100000,22,0.00022,83,0.00083
30,-4,5,100000,18,0.00018,66,0.00066
30,-3,0,100000,30,0.0003,82,0.00082
30,-3,1,100000,43,0.00043,94,0.00094
30,-3,2,100000,35,0.00035,70,0.0007
30,-3,3,100000,42,0.00042,77,0.00077
30,-3,4,100000,57,0.00057,81,0.00081
30,-3,5,100000,26,0.00026,67,0.00067
30,-2,0,100000,23,0.00023,79,0.00079
30,-2,1,100000,17,0.00017,55,0.00055
30,-2,2,100000,32,0.00032,66,0.00066
30,-2,3,100000,46,0.00046,78,0.00078
30,-2,4,100000,31,0.00031,89,0.00089
30,-2,5,100000,38,0.00038,73,0.00073
30,-1,0,100000,30,0.0003,71,0.00071
30,-1,1,100000,49,0.00049,102,0.00102
30,-1,2,100000,42,0.00042,90,0.0009
30,-1,3,100000,14,0.00014,61,0.00061
30,-1,4,100000,27,0.00027,70,0.0007
30,-1,5,100000,24,0.00024,87,0.00087
30,0,0,100000,36,0.00036,70,0.0007
30,0,1,100000,39,0.00039,69,0.00069
30,0,2,100000,60,0.0006,86,0.00086
30,0,3,100000,22,0.00022,60,0.0006
30,0,4,100000,31,0.00031,69,0.00069
30,0,5,100000,39,0.00039,78,0.00078
30,1,0,100000,30,0.0003,79,0.00079
30,1,1,100000,26,0.00026,77,0.00077
30,1,2,100000,38,0.00038,78,0.00078
30,1,3,100000,38,0.00038,74,0.00074
30,1,4,100000,26,0.00026,80,0.0008
30,1,5,100000,48,0.00048,78,0.00078
30,2,0,100000,46,0.00046,83,0.00083
30,2,1,100000,29,0.00029,82,0.00082
30,2,2,100000,42,0.00042,59,0.00059
30,2,3,100000,27,0.00027,85,0.00085
30,2,4,100000,38,0.00038,76,0.00076
30,2,5,100000,37,0.00037,76,0.00076
30,3,0,100000,34,0.00034,82,0.00082
30,3,1,100000,47,0.00047,75,0.00075
30,3,2,100000,32,0.00032,81,0.00081
30,3,3,100000,26,0.00026,85,0.00085
30,3,4,100000,26,0.00026,92,0.00092
30,3,5,100000,29,0.00029,80,0.0008
30,4,0,100000,26,0.00026,60,0.0006
30,4,1,100000,36,0.00036,79,0.00079
30,4,2,100000,28,0.00028,70,0.0007
30,4,3,100000,40,0.0004,90,0.0009
30,4,4,100000,14,0.00014,76,0.00076
30,4,5,100000,16,0.00016,74,0.00074
30,5,0,100000,47,0.00047,103,0.00103
30,5,1,100000,39,0.00039,75,0.00075
30,5,2,100000,30,0.0003,74,0.00074
30,5,3,100000,45,0.00045,88,0.00088
30,5,4,100000,35,0.00035,69,0.00069
30,5,5,100000,27,0.00027,65,0.00065
30,6,0,100000,41,0.00041,60,0.0006
30,6,1,100000,35,0.00035,68,0.00068
30,6,2,100000,24,0.00024,79,0.00079
30,6,3,100000,44,0.00044,77,0.00077
30,6,4,100000,27,0.00027,77,0.00077
30,6,5,100000,19,0.00019,77,0.00077
30,7,0,100000,52,0.00052,74,0.00074
30,7,1,100000,19,0.00019,71,0.00071
30,7,2,100000,56,0.00056,77,0.00077
30,7,3,100000,25,0.00025,80,0.0008
30,7,4,100000,38,0.00038,68,0.00068
30,7,5,100000,35,0.00035,85,0.00085
30,8,0,100000,38,0.00038,71,0.00071
30,8,1,100000,43,0.00043,82,0.00082
30,8,2,100000,34,0.00034,59,0.00059
30,8,3,100000,44,0.00044,90,0.0009
30,8,4,100000,44,0.00044,92,0.00092
30,8,5,100000,36,0.00036,69,0.00069
30,9,0,100000,23,0.00023,59,0.00059
30,9,1,100000,29,0.00029,74,0.00074
30,9,2,100000,46,0.00046,75,0.00075
30,9,3,100000,30,0.0003,68,0.00068
30,9,4,100000,21,0.00021,72,0.00072
30,9,5,100000,28,0.00028,69,0.00069
30,10,0,100000,31,0.00031,80,0.0008
30,10,1,100000,18,0.00018,81,0.00081
30,10,2,100000,31,0.00031,74,0.00074
30,10,3,100000,34,0.00034,65,0.00065
30,10,4,100000,42,0.00042,93,0.00093
30,10,5,100000,22,0.00022,101,0.00101
30,11,0,100000,38,0.00038,76,0.00076
30,11,1,100000,29,0.00029,73,0.00073
30,11,2,100000,31,0.00031,70,0.0007
30,11,3,100000,34,0.00034,79,0.00079
30,11,4,100000,33,0.00033,80,0.0008
30,11,5,100000,36,0.00036,81,0.00081
30,12,0,100000,52,0.00052,92,0.00092
30,12,1,100000,37,0.00037,78,0.00078
30,12,2,100000,21,0.00021,74,0.00074
30,12,3,100000,42,0.00042,70,0.0007
30,12,4,100000,24,0.00024,79,0.00079
30,12,5,100000,44,0.00044,90,0.0009
30,13,0,100000,35,0.00035,91,0.00091
30,13,1,100000,43,0.00043,76,0.00076
30,13,2,100000,56,0.00056,92,0.00092
30,13,3,100000,24,0.00024,72,0.00072
30,13,4,100000,35,0.00035,75,0.00075
30,13,5,100000,39,0.00039,80,0.0008
30,14,0,100000,39,0.00039,90,0.0009
30,14,1,100000,45,0.00045,60,0.0006
30,14,2,100000,43,0.00043,79,0.00079
30,14,3,100000,44,0.00044,55,0.00055
30,14,4,100000,29,0.00029,75,0.00075
30,14,5,100000,50,0.0005,89,0.00089
30,15,0,100000,34,0.00034,97,0.00097
30,15,1,100000,22,0.00022,69,0.00069
30,15,2,100000,41,0.00041,86,0.00086
30,15,3,100000,34,0.00034,68,0.00068
30,15,4,100000,28,0.00028,60,0.0006
30,15,5,100000,21,0.00021,69,0.00069
30,16,0,100000,53,0.00053,74,0.00074
30,16,1,100000,33,0.00033,87,0.00087
30,16,2,100000,29,0.00029,67,0.00067
30,16,3,100000,40,0.0004,80,0.0008
30,16,4,100000,21,0.00021,68,0.00068
30,16,5,100000,40,0.0004,80,0.0008
30,17,0,100000,24,0.00024,61,0.00061
30,17,1,100000,28,0.00028,79,0.00079
30,17,2,100000,41,0.00041,79,0.00079
30,17,3,100000,22,0.00022,69,0.00069
30,17,4,100000,17,0.00017,76,0.00076
30,17,5,100000,35,0.00035,86,0.00086
30,18,0,100000,26,0.00026,81,0.00081
30,18,1,100000,40,0.0004,85,0.00085
30,18,2,100000,28,0.00028,71,0.00071
30,18,3,100000,31,0.00031,63,0.00063
30,18,4,100000,21,0.00021,51,0.00051
30,18,5,100000,32,0.00032,79,0.00079
30,19,0,100000,28,0.00028,77,0.00077
30,19,1,100000,40,0.0004,94,0.00094
30,19,2,100000,23,0.00023,68,0.00068
30,19,3,100000,44,0.00044,71,0.00071
30,19,4,100000,31,0.00031,79,0.00079
30,19,5,100000,25,0.00025,72,0.00072
30,20,0,100000,27,0.00027,70,0.0007
30,20,1,100000,58,0.00058,84,0.00084
30,20,2,100000,36,0.00036,76,0.00076
30,20,3,100000,33,0.00033,62,0.00062
30,20,4,100000,38,0.00038,81,0.00081
30,20,5,100000,38,0.00038,75,0.00075
30,21,0,100000,33,0.00033,89,0.00089
30,21,1,100000,25,0.00025,70,0.0007
30,21,2,100000,25,0.00025,67,0.00067
30,21,3,100000,34,0.00034,86,0.00086
30,21,4,100000,21,0.00021,73,0.00073
30,21,5,100000,24,0.00024,82,0.00082
30,22,0,100000,31,0.00031,74,0.00074
30,22,1,100000,47,0.00047,98,0.00098
30,22,2,100000,26,0.00026,82,0.00082
30,22,3,100000,40,0.0004,74,0.00074
30,22,4,100000,30,0.0003,77,0.00077
30,22,5,100000,48,0.00048,76,0.00076
30,23,0,100000,41,0.00041,78,0.00078
30,23,1,100000,20,0.0002,80,0.0008
30,23,2,100000,39,0.00039,77,0.00077
30,23,3,100000,32,0.00032,79,0.00079
30,23,4,100000,32,0.00032,60,0.0006
30,23,5,100000,38,0.00038,76,0.00076
30,24,0,100000,41,0.00041,72,0.00072
30,24,1,100000,21,0.00021,75,0.00075
30,24,2,100000,51,0.00051,75,0.00075
30,24,3,100000,26,0.00026,81,0.00081
30,24,4,100000,36,0.00036,80,0.0008
30,24,5,100000,30,0.0003,82,0.00082
30,25,0,100000,37,0.00037,78,0.00078
30,25,1,100000,42,0.00042,76,0.00076
30,25,2,100000,26,0.00026,71,0.00071
30,25,3,100000,34,0.00034,72,0.00072
30,25,4,100000,52,0.00052,87,0.00087
30,25,5,100000,27,0.00027,79,0.00079
30,26,0,100000,44,0.00044,71,0.00071
30,26,1,100000,22,0.00022,62,0.00062
30,26,2,100000,23,0.00023,64,0.00064
30,26,3,100000,37,0.00037,72,0.00072
30,26,4,100000,30,0.0003,76,0.00076
30,26,5,100000,32,0.00032,81,0.00081
30,27,0,100000,28,0.00028,69,0.00069
30,27,1,100000,40,0.0004,68,0.00068
30,27,2,100000,19,0.00019,63,0.00063
30,27,3,100000,36,0.00036,74,0.00074
30,27,4,100000,44,0.00044,84,0.00084
30,27,5,100000,29,0.00029,74,0.00074
30,28,0,100000,44,0.00044,79,0.00079
30,28,1,100000,33,0.00033,68,0.00068
30,28,2,100000,27,0.00027,83,0.00083
30,28,3,100000,38,0.00038,47,0.00047
30,28,4,100000,22,0.00022,75,0.00075
30,28,5,100000,36,0.00036,99,0.00099
30,29,0,100000,35,0.00035,76,0.00076
30,29,1,100000,22,0.00022,76,0.00076
30,29,2,100000,36,0.00036,81,0.00081
30,29,3,100000,17,0.00017,57,0.00057
30,29,4,100000,33,0.00033,69,0.00069
30,29,5,100000,35,0.00035,68,0.00068
30,30,0,100000,20,0.0002,82,0.00082
30,30,1,100000,37,0.00037,82,0.00082
30,30,2,100000,30,0.0003,67,0.00067
30,30,3,100000,32,0.00032,74,0.00074
30,30,4,100000,34,0.00034,78,0.00078
30,30,5,100000,38,0.00038,78,0.00078
30,31,0,100000,13,0.00013,69,0.00069
30,31,1,100000,40,0.0004,83,0.00083
30,31,2,100000,44,0.00044,71,0.00071
30,31,3,100000,22,0.00022,70,0.0007
30,31,4,100000,17,0.00017,69,0.00069
30,31,5,100000,32,0.00032,62,0.00062
30,32,0,100000,32,0.00032,78,0.00078
30,32,1,100000,30,0.0003,84,0.00084
30,32,2,100000,22,0.00022,98,0.00098
30,32,3,100000,31,0.00031,84,0.00084
30,32,4,100000,34,0.00034,63,0.00063
30,32,5,100000,34,0.00034,69,0.00069
30,33,0,100000,41,0.00041,84,0.00084
30,33,1,100000,39,0.00039,77,0.00077
30,33,2,100000,47,0.00047,78,0.00078
30,33,3,100000,37,0.00037,68,0.00068
30,33,4,100000,35,0.00035,78,0.00078
30,33,5,100000,17,0.00017,78,0.00078
30,34,0,100000,34,0.00034,79,0.00079
30,34,1,100000,40,0.0004,77,0.00077
30,34,2,100000,31,0.00031,73,0.00073
30,34,3,100000,25,0.00025,83,0.00083
30,34,4,100000,21,0.00021,73,0.00073
30,34,5,100000,14,0.00014,88,0.00088
30,35,0,100000,26,0.00026,86,0.00086
30,35,1,100000,38,0.00038,81,0.00081
30,35,2,100000,23,0.00023,58,0.00058
30,35,3,100000,26,0.00026,62,0.00062
30,35,4,100000,41,0.00041,80,0.0008
30,35,5,100000,49,0.00049,78,0.00078
30,36,0,100000,34,0.00034,84,0.00084
30,36,1,100000,39,0.00039,71,0.00071
30,36,2,100000,41,0.00041,80,0.0008
30,36,3,100000,40,0.0004,98,0.00098
30,36,4,100000,39,0.00039,77,0.00077
30,36,5,100000,37,0.00037,82,0.00082
30,37,0,100000,32,0.00032,78,0.00078
30,37,1,100000,34,0.00034,74,0.00074
30,37,2,100000,36,0.00036,76,0.00076
30,37,3,100000,27,0.00027,77,0.00077
30,37,4,100000,45,0.00045,84,0.00084
30,37,5,100000,26,0.00026,79,0.00079
30,38,0,100000,29,0.00029,83,0.00083
30,38,1,100000,27,0.00027,67,0.00067
30,38,2,100000,22,0.00022,61,0.00061
30,38,3,100000,27,0.00027,66,0.00066
30,38,4,100000,23,0.00023,76,0.00076
30,38,5,100000,44,0.00044,73,0.00073
30,39,0,100000,48,0.00048,84,0.00084
30,39,1,100000,36,0.00036,85,0.00085
30,39,2,100000,37,0.00037,78,0.00078
30,39,3,100000,28,0.00028,75,0.00075
30,39,4,100000,29,0.00029,82,0.00082
30,39,5,100000,42,0.00042,76,0.00076
30,40,0,100000,35,0.00035,71,0.00071
30,40,1,100000,26,0.00026,67,0.00067
30,40,2,100000,38,0.00038,69,0.00069
30,40,3,100000,24,0.00024,69,0.00069
30,40,4,100000,20,0.0002,71,0.00071
30,40,5,100000,43,0.00043,78,0.00078
30,41,0,100000,32,0.00032,79,0.00079
30,41,1,100000,29,0.00029,83,0.00083
30,41,2,100000,35,0.00035,76,0.00076
30,41,3,100000,32,0.00032,84,0.00084
30,41,4,100000,28,0.00028,64,0.00064
30,41,5,100000,30,0.0003,70,0.0007
30,42,0,100000,41,0.00041,74,0.00074
30,42,1,100000,34,0.00034,81,0.00081
30,42,2,100000,31,0.00031,68,0.00068
30,42,3,100000,32,0.00032,81,0.00081
30,42,4,100000,23,0.00023,80,0.0008
30,42,5,100000,23,0.00023,64,0.00064
30,43,0,100000,42,0.00042,64,0.00064
30,43,1,100000,28,0.00028,64,0.00064
30,43,2,100000,27,0.00027,76,0.00076
30,43,3,100000,33,0.00033,71,0.00071
30,43,4,100000,34,0.00034,80,0.0008
30,43,5,100000,26,0.00026,68,0.00068
30,44,0,100000,13,0.00013,56,0.00056
30,44,1,100000,26,0.00026,76,0.00076
30,44,2,100000,28,0.00028,71,0.00071
30,44,3,100000,41,0.00041,73,0.00073
30,44,4,100000,27,0.00027,81,0.00081
30,44,5,100000,29,0.00029,66,0.00066
30,45,0,100000,13,0.00013,63,0.00063
30,45,1,100000,18,0.00018,70,0.0007
30,45,2,100000,32,0.00032,70,0.0007
30,45,3,100000,23,0.00023,72,0.00072
30,45,4,100000,27,0.00027,63,0.00063
30,45,5,100000,22,0.00022,85,0.00085
30,46,0,100000,49,0.00049,83,0.00083
30,46,1,100000,38,0.00038,92,0.00092
30,46,2,100000,17,0.00017,63,0.00063
30,46,3,100000,21,0.00021,82,0.00082
30,46,4,100000,39,0.00039,90,0.0009
30,46,5,100000,30,0.0003,71,0.00071
30,47,0,100000,24,0.00024,73,0.00073
30,47,1,100000,26,0.00026,74,0.00074
30,47,2,100000,28,0.00028,73,0.00073
30,47,3,100000,53,0.00053,75,0.00075
30,47,4,100000,34,0.00034,85,0.00085
30,47,5,100000,25,0.00025,71,0.00071
30,48,0,100000,23,0.00023,68,0.00068
30,48,1,100000,38,0.00038,75,0.00075
30,48,2,100000,25,0.00025,77,0.00077
30,48,3,100000,16,0.00016,61,0.00061
30,48,4,100000,21,0.00021,62,0.00062
30,48,5,100000,29,0.00029,72,0.00072
30,49,0,100000,33,0.00033,74,0.00074
30,49,1,100000,13,0.00013,56,0.00056
30,49,2,100000,16,0.00016,77,0.00077
30,49,3,100000,31,0.00031,80,0.0008
30,49,4,100000,30,0.0003,77,0.00077
30,49,5,100000,40,0.0004,80,0.0008
30,50,0,100000,30,0.0003,73,0.00073
30,50,1,100000,33,0.00033,79,0.00079
30,50,2,100000,35,0.00035,75,0.00075
30,50,3,100000,20,0.0002,71,0.00071
30,50,4,100000,39,0.00039,60,0.0006
30,50,5,100000,46,0.00046,82,0.00082
31,-50,0,100000,35,0.00035,77,0.00077
31,-50,1,100000,22,0.00022,61,0.00061
31,-50,2,100000,23,0.00023,67,0.00067
31,-50,3,100000,21,0.00021,77,0.00077
31,-50,4,100000,40,0.0004,81,0.00081
31,-50,5,100000,34,0.00034,77,0.00077
31,-49,0,100000,34,0.00034,68,0.00068
31,-49,1,100000,25,0.00025,78,0.00078
31,-49,2,100000,57,0.00057,81,0.00081
31,-49,3,100000,27,0.00027,97,0.00097
31,-49,4,100000,18,0.00018,66,0.00066
31,-49,5,100000,32,0.00032,82,0.00082
31,-48,0,100000,22,0.00022,67,0.00067
31,-48,1,100000,28,0.00028,59,0.00059
31,-48,2,100000,36,0.00036,69,0.00069
31,-48,3,100000,29,0.00029,81,0.00081
31,-48,4,100000,42,0.00042,74,0.00074
31,-48,5,100000,17,0.00017,68,0.00068
31,-47,0,100000,33,0.00033,73,0.00073
31,-47,1,100000,31,0.00031,64,0.00064
31,-47,2,100000,46,0.00046,77,0.00077
31,-47,3,100000,35,0.00035,68,0.00068
31,-47,4,100000,23,0.00023,60,0.0006
31,-47,5,100000,12,0.00012,67,0.00067
31,-46,0,100000,23,0.00023,67,0.00067
31,-46,1,100000,36,0.00036,77,0.00077
31,-46,2,100000,27,0.00027,84,0.00084
31,-46,3,100000,36,0.00036,67,0.00067
31,-46,4,100000,36,0.00036,71,0.00071
31,-46,5,100000,32,0.00032,63,0.00063
31,-45,0,100000,39,0.00039,86,0.00086
31,-45,1,100000,31,0.00031,85,0.00085
31,-45,2,100000,32,0.00032,74,0.00074
31,-45,3,100000,31,0.00031,71,0.00071
31,-45,4,100000,35,0.00035,73,0.00073
31,-45,5,100000,29,0.00029,70,0.0007
31,-44,0,100000,26,0.00026,76,0.00076
31,-44,1,100000,19,0.00019,69,0.00069
31,-44,2,100000,53,0.00053,84,0.00084
31,-44,3,100000,35,0.00035,76,0.00076
31,-44,4,100000,45,0.00045,68,0.00068
31,-44,5,100000,16,0.00016,74,0.00074
31,-43,0,100000,14,0.00014,79,0.00079
31,-43,1,100000,39,0.00039,77,0.00077
31,-43,2,100000,39,0.00039,82,0.00082
31,-43,3,100000,22,0.00022,59,0.00059
31,-43,4,100000,44,0.00044,87,0.00087
31,-43,5,100000,37,0.00037,73,0.00073
31,-42,0,100000,20,0.0002,74,0.00074
31,-42,1,100000,32,0.00032,72,0.00072
31,-42,2,100000,25,0.00025,60,0.0006
31,-42,3,100000,20,0.0002,48,0.00048
31,-42,4,100000,39,0.00039,62,0.00062
31,-42,5,100000,23,0.00023,83,0.00083
31,-41,0,100000,34,0.00034,77,0.00077
31,-41,1,100000,22,0.00022,62,0.00062
31,-41,2,100000,17,0.00017,61,0.00061
31,-41,3,100000,20,0.0002,62,0.00062
31,-41,4,100000,32,0.00032,74,0.00074
31,-41,5,100000,16,0.00016,58,0.00058
31,-40,0,100000,42,0.00042,87,0.00087
31,-40,1,100000,36,0.00036,75,0.00075
31,-40,2,100000,21,0.00021,72,0.00072
31,-40,3,100000,34,0.00034,77,0.00077
31,-40,4,100000,18,0.00018,61,0.00061
31,-40,5,100000,32,0.00032,73,0.00073
31,-39,0,100000,40,0.0004,72,0.00072
31,-39,1,100000,43,0.00043,75,0.00075
31,-39,2,100000,39,0.00039,72,0.00072
31,-39,3,100000,40,0.0004,75,0.00075
31,-39,4,100000,20,0.0002,73,0.00073
31,-39,5,100000,20,0.0002,58,0.00058
31,-38,0,100000,32,0.00032,67,0.00067
31,-38,1,100000,26,0.00026,70,0.0007
31,-38,2,100000,16,0.00016,70,0.0007
31,-38,3,100000,34,0.00034,80,0.0008
31,-38,4,100000,28,0.00028,77,0.00077
31,-38,5,100000,18,0.00018,56,0.00056
31,-37,0,100000,40,0.0004,86,0.00086
31,-37,1,100000,28,0.00028,68,0.00068
31,-37,2,100000,21,0.00021,56,0.00056
31,-37,3,100000,26,0.00026,66,0.00066
31,-37,4,100000,28,0.00028,70,0.0007
31,-37,5,100000,27,0.00027,84,0.00084
31,-36,0,100000,25,0.00025,68,0.00068
31,-36,1,100000,34,0.00034,82,0.00082
31,-36,2,100000,19,0.00019,72,0.00072
31,-36,3,100000,26,0.00026,70,0.0007
31,-36,4,100000,45,0.00045,86,0.00086
31,-36,5,100000,18,0.00018,66,0.00066
31,-35,0,100000,23,0.00023,71,0.00071
31,-35,1,100000,29,0.00029,73,0.00073
31,-35,2,100000,43,0.00043,87,0.00087
31,-35,3,100000,30,0.0003,74,0.00074
31,-35,4,100000,30,0.0003,71,0.00071
31,-35,5,100000,36,0.00036,68,0.00068
31,-34,0,100000,27,0.00027,81,0.00081
31,-34,1,100000,20,0.0002,62,0.00062
31,-34,2,100000,41,0.00041,83,0.00083
31,-34,3,100000,34,0.00034,82,0.00082
31,-34,4,100000,42,0.00042,82,0.00082
31,-34,5,100000,23,0.00023,65,0.00065
31,-33,0,100000,32,0.00032,80,0.0008
31,-33,1,100000,16,0.00016,88,0.00088
31,-33,2,100000,27,0.00027,81,0.00081
31,-33,3,100000,24,0.00024,95,0.00095
31,-33,4,100000,30,0.0003,84,0.00084
31,-33,5,100000,31,0.00031,71,0.00071
31,-32,0,100000,31,0.00031,75,0.00075
31,-32,1,100000,14,0.00014,69,0.00069
31,-32,2,100000,41,0.00041,84,0.00084
31,-32,3,100000,52,0.00052,80,0.0008
31,-32,4,100000,40,0.0004,66,0.00066
31,-32,5,100000,30,0.0003,82,0.00082
31,-31,0,100000,17,0.00017,76,0.00076
31,-31,1,100000,27,0.00027,69,0.00069
31,-31,2,100000,23,0.00023,71,0.00071
31,-31,3,100000,38,0.00038,75,0.00075
31,-31,4,100000,44,0.00044,70,0.0007
31,-31,5,100000,38,0.00038,73,0.00073
31,-30,0,100000,24,0.00024,86,0.00086
31,-30,1,100000,30,0.0003,63,0.00063
31,-30,2,100000,13,0.00013,54,0.00054
31,-30,3,100000,33,0.00033,83,0.00083
31,-30,4,100000,25,0.00025,80,0.0008
31,-30,5,100000,27,0.00027,69,0.00069
31,-29,0,100000,21,0.00021,78,0.00078
31,-29,1,100000,28,0.00028,74,0.00074
31,-29,2,100000,54,0.00054,69,0.00069
31,-29,3,100000,36,0.00036,65,0.00065
31,-29,4,100000,31,0.00031,75,0.00075
31,-29,5,100000,29,0.00029,78,0.00078
31,-28,0,100000,37,0.00037,85,0.00085
31,-28,1,100000,26,0.00026,82,0.00082
31,-28,2,100000,40,0.0004,81,0.00081
31,-28,3,100000,24,0.00024,82,0.00082
31,-28,4,100000,54,0.00054,87,0.00087
31,-28,5,100000,24,0.00024,68,0.00068
31,-27,0,100000,30,0.0003,69,0.00069
31,-27,1,100000,33,0.00033,70,0.0007
31,-27,2,100000,17,0.00017,60,0.0006
31,-27,3,100000,16,0.00016,58,0.00058
31,-27,4,100000,27,0.00027,72,0.00072
31,-27,5,100000,31,0.00031,78,0.00078
31,-26,0,100000,60,0.0006,86,0.00086
31,-26,1,100000,38,0.00038,80,0.0008
31,-26,2,100000,23,0.00023,71,0.00071
31,-26,3,100000,28,0.00028,69,0.00069
31,-26,4,100000,41,0.00041,68,0.00068
31,-26,5,100000,19,0.00019,74,0.00074
31,-25,0,100000,22,0.00022,64,0.00064
31,-25,1,100000,40,0.0004,72,0.00072
31,-25,2,100000,36,0.00036,95,0.00095
31,-25,3,100000,32,0.00032,74,0.00074
31,-25,4,100000,28,0.00028,69,0.00069
31,-25,5,100000,37,0.00037,77,0.00077
31,-24,0,100000,25,0.00025,63,0.00063
31,-24,1,100000,31,0.00031,78,0.00078
31,-24,2,100000,29,0.00029,72,0.00072
31,-24,3,100000,47,0.00047,73,0.00073
31,-24,4,100000,43,0.00043,65,0.00065
31,-24,5,100000,28,0.00028,76,0.00076
31,-23,0,100000,47,0.00047,90,0.0009
31,-23,1,100000,45,0.00045,69,0.00069
31,-23,2,100000,25,0.00025,68,0.00068
31,-23,3,100000,38,0.00038,85,0.00085
31,-23,4,100000,19,0.00019,66,0.00066
31,-23,5,100000,30,0.0003,62,0.00062
31,-22,0,100000,52,0.00052,91,0.00091
31,-22,1,100000,19,0.00019,69,0.00069
31,-22,2,100000,29,0.00029,84,0.00084
31,-22,3,100000,22,0.00022,66,0.00066
31,-22,4,100000,34,0.00034,80,0.0008
31,-22,5,100000,49,0.00049,91,0.00091
31,-21,0,100000,29,0.00029,67,0.00067
31,-21,1,100000,29,0.00029,69,0.00069
31,-21,2,100000,31,0.00031,73,0.00073
31,-21,3,100000,47,0.00047,80,0.0008
31,-21,4,100000,26,0.00026,73,0.00073
31,-21,5,100000,32,0.00032,65,0.00065
31,-20,0,100000,26,0.00026,58,0.00058
31,-20,1,100000,33,0.00033,73,0.00073
31,-20,2,100000,24,0.00024,69,0.00069
31,-20,3,100000,53,0.00053,95,0.00095
31,-20,4,100000,19,0.00019,66,0.00066
31,-20,5,100000,33,0.00033,81,0.00081
31,-19,0,100000,34,0.00034,82,0.00082
31,-19,1,100000,34,0.00034,83,0.00083
31,-19,2,100000,42,0.00042,70,0.0007
31,-19,3,100000,31,0.00031,88,0.00088
31,-19,4,100000,24,0.00024,72,0.00072
31,-19,5,100000,23,0.00023,60,0.0006
31,-18,0,100000,38,0.00038,82,0.00082
31,-18,1,100000,28,0.00028,73,0.00073
31,-18,2,100000,26,0.00026,82,0.00082
31,-18,3,100000,29,0.00029,62,0.00062
31,-18,4,100000,38,0.00038,81,0.00081
31,-18,5,100000,30,0.0003,64,0.00064
31,-17,0,100000,35,0.00035,72,0.00072
31,-17,1,100000,26,0.00026,70,0.0007
31,-17,2,100000,42,0.00042,90,0.0009
31,-17,3,100000,31,0.00031,78,0.00078
31,-17,4,100000,24,0.00024,60,0.0006
31,-17,5,100000,29,0.00029,58,0.00058
31,-16,0,100000,32,0.00032,76,0.00076
31,-16,1,100000,22,0.00022,54,0.00054
31,-16,2,100000,29,0.00029,70,0.0007
31,-16,3,100000,43,0.00043,81,0.00081
31,-16,4,100000,35,0.00035,77,0.00077
31,-16,5,100000,42,0.00042,75,0.00075
31,-15,0,100000,30,0.0003,71,0.00071
31,-15,1,100000,23,0.00023,67,0.00067
31,-15,2,100000,18,0.00018,65,0.00065
31,-15,3,100000,29,0.00029,72,0.00072
31,-15,4,100000,33,0.00033,71,0.00071
31,-15,5,100000,36,0.00036,73,0.00073
31,-14,0,100000,25,0.00025,79,0.00079
31,-14,1,100000,30,0.0003,62,0.00062
31,-14,2,100000,29,0.00029,76,0.00076
31,-14,3,100000,33,0.00033,77,0.00077
31,-14,4,100000,22,0.00022,61,0.00061
31,-14,5,100000,28,0.00028,68,0.00068
31,-13,0,100000,42,0.00042,83,0.00083
31,-13,1,100000,16,0.00016,62,0.00062
31,-13,2,100000,35,0.00035,85,0.00085
31,-13,3,100000,36,0.00036,89,0.00089
31,-13,4,100000,26,0.00026,71,0.00071
31,-13,5,100000,32,0.00032,81,0.00081
31,-12,0,100000,27,0.00027,71,0.00071
31,-12,1,100000,28,0.00028,76,0.00076
31,-12,2,100000,43,0.00043,87,0.00087
31,-12,3,100000,31,0.00031,85,0.00085
31,-12,4,100000,21,0.00021,81,0.00081
31,-12,5,100000,36,0.00036,83,0.00083
31,-11,0,100000,43,0.00043,64,0.00064
31,-11,1,100000,32,0.00032,81,0.00081
31,-11,2,100000,30,0.0003,77,0.00077
31,-11,3,100000,23,0.00023,70,0.0007
31,-11,4,100000,30,0.0003,79,0.00079
31,-11,5,100000,28,0.00028,70,0.0007
31,-10,0,100000,23,0.00023,77,0.00077
31,-10,1,100000,31,0.00031,76,0.00076
31,-10,2,100000,36,0.00036,82,0.00082
31,-10,3,100000,37,0.00037,85,0.00085
31,-10,4,100000,44,0.00044,73,0.00073
31,-10,5,100000,17,0.00017,67,0.00067
31,-9,0,100000,38,0.00038,77,0.00077
31,-9,1,100000,37,0.00037,89,0.00089
31,-9,2,100000,36,0.00036,88,0.00088
31,-9,3,100000,42,0.00042,77,0.00077
31,-9,4,100000,44,0.00044,83,0.00083
31,-9,5,100000,48,0.00048,89,0.00089
31,-8,0,100000,38,0.00038,74,0.00074
31,-8,1,100000,26,0.00026,61,0.00061
31,-8,2,100000,38,0.00038,76,0.00076
31,-8,3,100000,20,0.0002,62,0.00062
31,-8,4,100000,24,0.00024,56,0.00056
31,-8,5,100000,24,0.00024,76,0.00076
31,-7,0,100000,21,0.00021,88,0.00088
31,-7,1,100000,29,0.00029,79,0.00079
31,-7,2,100000,22,0.00022,62,0.00062
31,-7,3,100000,25,0.00025,61,0.00061
31,-7,4,100000,38,0.00038,76,0.00076
31,-7,5,100000,18,0.00018,74,0.00074
31,-6,0,100000,27,0.00027,66,0.00066
31,-6,1,100000,29,0.00029,66,0.00066
31,-6,2,100000,27,0.00027,77,0.00077
31,-6,3,100000,8,8e-05,72,0.00072
31,-6,4,100000,39,0.00039,64,0.00064
31,-6,5,100000,31,0.00031,71,0.00071
31,-5,0,100000,41,0.00041,72,0.00072
31,-5,1,100000,27,0.00027,72,0.00072
31,-5,2,100000,34,0.00034,68,0.00068
31,-5,3,100000,33,0.00033,68,0.00068
31,-5,4,100000,42,0.00042,75,0.00075
31,-5,5,100000,24,0.00024,66,0.00066
31,-4,0,100000,32,0.00032,81,0.00081
31,-4,1,100000,31,0.00031,86,0.00086
31,-4,2,100000,43,0.00043,62,0.00062
31,-4,3,100000,11,0.00011,62,0.00062
31,-4,4,100000,19,0.00019,67,0.00067
31,-4,5,100000,40,0.0004,62,0.00062
31,-3,0,100000,33,0.00033,75,0.00075
31,-3,1,100000,19,0.00019,66,0.00066
31,-3,2,100000,37,0.00037,91,0.00091
31,-3,3,100000,42,0.00042,66,0.00066
31,-3,4,100000,25,0.00025,67,0.00067
31,-3,5,100000,24,0.00024,86,0.00086
31,-2,0,100000,38,0.00038,77,0.00077
31,-2,1,100000,26,0.00026,67,0.00067
31,-2,2,100000,46,0.00046,61,0.00061
31,-2,3,100000,22,0.00022,75,0.00075
31,-2,4,100000,7,7e-05,60,0.0006
31,-2,5,100000,40,0.0004,64,0.00064
31,-1,0,100000,36,0.00036,79,0.00079
31,-1,1,100000,53,0.00053,92,0.00092
31,-1,2,100000,26,0.00026,82,0.00082
31,-1,3,100000,13,0.00013,65,0.00065
31,-1,4,100000,39,0.00039,70,0.0007
31,-1,5,100000,21,0.00021,85,0.00085
31,0,0,100000,31,0.00031,75,0.00075
31,0,1,100000,22,0.00022,72,0.00072
31,0,2,100000,35,0.00035,90,0.0009
31,0,3,100000,32,0.00032,76,0.00076
31,0,4,100000,38,0.00038,97,0.00097
31,0,5,100000,27,0.00027,83,0.00083
31,1,0,100000,32,0.00032,68,0.00068
31,1,1,100000,29,0.00029,77,0.00077
31,1,2,100000,26,0.00026,66,0.00066
31,1,3,100000,27,0.00027,67,0.00067
31,1,4,100000,37,0.00037,76,0.00076
31,1,5,100000,40,0.0004,66,0.00066
31,2,0,100000,26,0.00026,66,0.00066
31,2,1,100000,37,0.00037,75,0.00075
31,2,2,100000,32,0.00032,69,0.00069
31,2,3,100000,29,0.00029,62,0.00062
31,2,4,100000,46,0.00046,79,0.00079
31,2,5,100000,27,0.00027,75,0.00075
31,3,0,100000,52,0.00052,90,0.0009
31,3,1,100000,22,0.00022,70,0.0007
31,3,2,100000,29,0.00029,72,0.00072
31,3,3,100000,25,0.00025,75,0.00075
31,3,4,100000,31,0.00031,84,0.00084
31,3,5,100000,37,0.00037,80,0.0008
31,4,0,100000,22,0.00022,85,0.00085
31,4,1,100000,18,0.00018,75,0.00075
31,4,2,100000,17,0.00017,68,0.00068
31,4,3,100000,44,0.00044,89,0.00089
31,4,4,100000,32,0.00032,80,0.0008
31,4,5,100000,40,0.0004,78,0.00078
31,5,0,100000,34,0.00034,78,0.00078
31,5,1,100000,49,0.00049,68,0.00068
31,5,2,100000,43,0.00043,90,0.0009
31,5,3,100000,26,0.00026,82,0.00082
31,5,4,100000,50,0.0005,62,0.00062
31,5,5,100000,43,0.00043,76,0.00076
31,6,0,100000,30,0.0003,66,0.00066
31,6,1,100000,19,0.00019,65,0.00065
31,6,2,100000,40,0.0004,81,0.00081
31,6,3,100000,35,0.00035,63,0.00063
31,6,4,100000,17,0.00017,62,0.00062
31,6,5,100000,39,0.00039,76,0.00076
31,7,0,100000,26,0.00026,69,0.00069
31,7,1,100000,24,0.00024,69,0.00069
31,7,2,100000,33,0.00033,78,0.00078
31,7,3,100000,58,0.00058,79,0.00079
31,7,4,100000,40,0.0004,73,0.00073
31,7,5,100000,34,0.00034,71,0.00071
31,8,0,100000,32,0.00032,79,0.00079
31,8,1,100000,33,0.00033,76,0.00076
31,8,2,100000,29,0.00029,69,0.00069
31,8,3,100000,29,0.00029,83,0.00083
31,8,4,100000,26,0.00026,84,0.00084
31,8,5,100000,33,0.00033,70,0.0007
31,9,0,100000,33,0.00033,76,0.00076
31,9,1,100000,40,0.0004,74,0.00074
31,9,2,100000,23,0.00023,64,0.00064
31,9,3,100000,48,0.00048,75,0.00075
31,9,4,100000,22,0.00022,62,0.00062
31,9,5,100000,34,0.00034,90,0.0009
31,10,0,100000,36,0.00036,78,0.00078
31,10,1,100000,29,0.00029,76,0.00076
31,10,2,100000,29,0.00029,86,0.00086
31,10,3,100000,49,0.00049,78,0.00078
31,10,4,100000,31,0.00031,64,0.00064
31,10,5,100000,25,0.00025,71,0.00071
31,11,0,100000,20,0.0002,70,0.0007
31,11,1,100000,25,0.00025,57,0.00057
31,11,2,100000,26,0.00026,65,0.00065
31,11,3,100000,20,0.0002,70,0.0007
31,11,4,100000,31,0.00031,62,0.00062
31,11,5,100000,29,0.00029,65,0.00065
31,12,0,100000,15,0.00015,60,0.0006
31,12,1,100000,27,0.00027,71,0.00071
31,12,2,100000,26,0.00026,63,0.00063
31,12,3,100000,19,0.00019,75,0.00075
31,12,4,100000,65,0.00065,72,0.00072
31,12,5,100000,38,0.00038,74,0.00074
31,13,0,100000,28,0.00028,72,0.00072
31,13,1,100000,17,0.00017,72,0.00072
31,13,2,100000,30,0.0003,69,0.00069
31,13,3,100000,30,0.0003,67,0.00067
31,13,4,100000,32,0.00032,80,0.0008
31,13,5,100000,26,0.00026,76,0.00076
31,14,0,100000,51,0.00051,60,0.0006
31,14,1,100000,41,0.00041,70,0.0007
31,14,2,100000,37,0.00037,85,0.00085
31,14,3,100000,31,0.00031,74,0.00074
31,14,4,100000,31,0.00031,76,0.00076
31,14,5,100000,25,0.00025,86,0.00086
31,15,0,100000,39,0.00039,81,0.00081
31,15,1,100000,40,0.0004,74,0.00074
31,15,2,100000,38,0.00038,76,0.00076
31,15,3,100000,34,0.00034,81,0.00081
31,15,4,100000,33,0.00033,80,0.0008
31,15,5,100000,20,0.0002,70,0.0007
31,16,0,100000,24,0.00024,77,0.00077
31,16,1,100000,30,0.0003,72,0.00072
31,16,2,100000,42,0.00042,76,0.00076
31,16,3,100000,25,0.00025,73,0.00073
31,16,4,100000,15,0.00015,84,0.00084
31,16,5,100000,42,0.00042,75,0.00075
31,17,0,100000,45,0.00045,73,0.00073
31,17,1,100000,26,0.00026,83,0.00083
31,17,2,100000,55,0.00055,80,0.0008
31,17,3,100000,19,0.00019,68,0.00068
31,17,4,100000,29,0.00029,68,0.00068
31,17,5,100000,26,0.00026,55,0.00055
31,18,0,100000,44,0.00044,85,0.00085
31,18,1,100000,31,0.00031,79,0.00079
31,18,2,100000,49,0.00049,78,0.00078
31,18,3,100000,25,0.00025,64,0.00064
31,18,4,100000,34,0.00034,68,0.00068
31,18,5,100000,27,0.00027,70,0.0007
31,19,0,100000,30,0.0003,69,0.00069
31,19,1,100000,36,0.00036,78,0.00078
31,19,2,100000,32,0.00032,90,0.0009
31,19,3,100000,34,0.00034,96,0.00096
31,19,4,100000,35,0.00035,84,0.00084
31,19,5,100000,27,0.00027,70,0.0007
31,20,0,100000,31,0.00031,86,0.00086
31,20,1,100000,29,0.00029,72,0.00072
31,20,2,100000,24,0.00024,70,0.0007
31,20,3,100000,36,0.00036,83,0.00083
31,20,4,100000,37,0.00037,60,0.0006
31,20,5,100000,39,0.00039,82,0.00082
31,21,0,100000,29,0.00029,72,0.00072
31,21,1,100000,25,0.00025,90,0.0009
31,21,2,100000,27,0.00027,84,0.00084
31,21,3,100000,34,0.00034,71,0.00071
31,21,4,100000,29,0.00029,81,0.00081
31,21,5,100000,15,0.00015,75,0.00075
31,22,0,100000,14,0.00014,66,0.00066
31,22,1,100000,26,0.00026,85,0.00085
31,22,2,100000,35,0.00035,76,0.00076
31,22,3,100000,29,0.00029,65,0.00065
31,22,4,100000,18,0.00018,73,0.00073
31,22,5,100000,24,0.00024,72,0.00072
31,23,0,100000,15,0.00015,69,0.00069
31,23,1,100000,29,0.00029,70,0.0007
31,23,2,100000,19,0.00019,76,0.00076
31,23,3,100000,24,0.00024,65,0.00065
31,23,4,100000,32,0.00032,65,0.00065
31,23,5,100000,32,0.00032,73,0.00073
31,24,0,100000,38,0.00038,87,0.00087
31,24,1,100000,31,0.00031,69,0.00069
31,24,2,100000,20,0.0002,77,0.00077
31,24,3,100000,27,0.00027,69,0.00069
31,24,4,100000,39,0.00039,82,0.00082
31,24,5,100000,25,0.00025,70,0.0007
31,25,0,100000,42,0.00042,83,0.00083
31,25,1,100000,42,0.00042,79,0.00079
31,25,2,100000,18,0.00018,55,0.00055
31,25,3,100000,35,0.00035,68,0.00068
31,25,4,100000,37,0.00037,83,0.00083
31,25,5,100000,23,0.00023,76,0.00076
31,26,0,100000,33,0.00033,72,0.00072
31,26,1,100000,22,0.00022,73,0.00073
31,26,2,100000,35,0.00035,77,0.00077
31,26,3,100000,43,0.00043,81,0.00081
31,26,4,100000,28,0.00028,60,0.0006
31,26,5,100000,23,0.00023,68,0.00068
31,27,0,100000,15,0.00015,54,0.00054
31,27,1,100000,22,0.00022,68,0.00068
31,27,2,100000,21,0.00021,84,0.00084
31,27,3,100000,22,0.00022,77,0.00077
31,27,4,100000,16,0.00016,59,0.00059
31,27,5,100000,26,0.00026,76,0.00076
31,28,0,100000,28,0.00028,84,0.00084
31,28,1,100000,21,0.00021,51,0.00051
31,28,2,100000,56,0.00056,77,0.00077
31,28,3,100000,44,0.00044,75,0.00075
31,28,4,100000,34,0.00034,69,0.00069
31,28,5,100000,28,0.00028,85,0.00085
31,29,0,100000,43,0.00043,77,0.00077
31,29,1,100000,30,0.0003,79,0.00079
31,29,2,100000,42,0.00042,88,0.00088
31,29,3,100000,25,0.00025,70,0.0007
31,29,4,100000,38,0.00038,78,0.00078
31,29,5,100000,42,0.00042,84,0.00084
31,30,0,100000,36,0.00036,68,0.00068
31,30,1,100000,17,0.00017,81,0.00081
31,30,2,100000,22,0.00022,74,0.00074
31,30,3,100000,32,0.00032,66,0.00066
31,30,4,100000,39,0.00039,82,0.00082
31,30,5,100000,42,0.00042,78,0.00078
31,31,0,100000,42,0.00042,67,0.00067
31,31,1,100000,40,0.0004,80,0.0008
31,31,2,100000,22,0.00022,57,0.00057
31,31,3,100000,21,0.00021,70,0.0007
31,31,4,100000,46,0.00046,81,0.00081
31,31,5,100000,33,0.00033,73,0.00073
31,32,0,100000,29,0.00029,71,0.00071
31,32,1,100000,22,0.00022,75,0.00075
31,32,2,100000,35,0.00035,73,0.00073
31,32,3,100000,48,0.00048,70,0.0007
31,32,4,100000,18,0.00018,70,0.0007
31,32,5,100000,17,0.00017,68,0.00068
31,33,0,100000,35,0.00035,80,0.0008
31,33,1,100000,23,0.00023,71,0.00071
31,33,2,100000,28,0.00028,71,0.00071
31,33,3,100000,46,0.00046,79,0.00079
31,33,4,100000,54,0.00054,88,0.00088
31,33,5,100000,26,0.00026,76,0.00076
31,34,0,100000,35,0.00035,68,0.00068
31,34,1,100000,30,0.0003,78,0.00078
31,34,2,100000,24,0.00024,77,0.00077
31,34,3,100000,38,0.00038,85,0.00085
31,34,4,100000,37,0.00037,87,0.00087
31,34,5,100000,32,0.00032,85,0.00085
31,35,0,100000,36,0.00036,99,0.00099
31,35,1,100000,42,0.00042,87,0.00087
31,35,2,100000,45,0.00045,81,0.00081
31,35,3,100000,33,0.00033,69,0.00069
31,35,4,100000,52,0.00052,81,0.00081
31,35,5,100000,44,0.00044,78,0.00078
31,36,0,100000,18,0.00018,56,0.00056
31,36,1,100000,28,0.00028,70,0.0007
31,36,2,100000,34,0.00034,81,0.00081
31,36,3,100000,25,0.00025,64,0.00064
31,36,4,100000,22,0.00022,64,0.00064
31,36,5,100000,24,0.00024,77,0.00077
31,37,0,100000,45,0.00045,84,0.00084
31,37,1,100000,72,0.00072,82,0.00082
31,37,2,100000,35,0.00035,68,0.00068
31,37,3,100000,28,0.00028,97,0.00097
31,37,4,100000,34,0.00034,74,0.00074
31,37,5,100000,40,0.0004,83,0.00083
31,38,0,100000,23,0.00023,74,0.00074
31,38,1,100000,27,0.00027,70,0.0007
31,38,2,100000,24,0.00024,74,0.00074
31,38,3,100000,31,0.00031,67,0.00067
31,38,4,100000,46,0.00046,101,0.00101
31,38,5,100000,40,0.0004,64,0.00064
31,39,0,100000,31,0.00031,69,0.00069
31,39,1,100000,34,0.00034,73,0.00073
31,39,2,100000,25,0.00025,73,0.00073
31,39,3,100000,30,0.0003,59,0.00059
31,39,4,100000,24,0.00024,81,0.00081
31,39,5,100000,37,0.00037,84,0.00084
31,40,0,100000,28,0.00028,94,0.00094
31,40,1,100000,26,0.00026,76,0.00076
31,40,2,100000,41,0.00041,87,0.00087
31,40,3,100000,36,0.00036,82,0.00082
31,40,4,100000,28,0.00028,82,0.00082
31,40,5,100000,26,0.00026,63,0.00063
31,41,0,100000,20,0.0002,72,0.00072
31,41,1,100000,28,0.00028,72,0.00072
31,41,2,100000,31,0.00031,68,0.00068
31,41,3,100000,24,0.00024,66,0.00066
31,41,4,100000,35,0.00035,80,0.0008
31,41,5,100000,22,0.00022,81,0.00081
31,42,0,100000,36,0.00036,74,0.00074
31,42,1,100000,31,0.00031,67,0.00067
31,42,2,100000,46,0.00046,93,0.00093
31,42,3,100000,31,0.00031,81,0.00081
31,42,4,100000,36,0.00036,76,0.00076
31,42,5,100000,21,0.00021,82,0.00082
31,43,0,100000,17,0.00017,71,0.00071
31,43,1,100000,22,0.00022,61,0.00061
31,43,2,100000,27,0.00027,76,0.00076
31,43,3,100000,23,0.00023,65,0.00065
31,43,4,100000,21,0.00021,70,0.0007
31,43,5,100000,32,0.00032,78,0.00078
31,44,0,100000,36,0.00036,73,0.00073
31,44,1,100000,33,0.00033,75,0.00075
31,44,2,100000,32,0.00032,64,0.00064
31,44,3,100000,20,0.0002,68,0.00068
31,44,4,100000,22,0.00022,72,0.00072
31,44,5,100000,26,0.00026,67,0.00067
31,45,0,100000,54,0.00054,78,0.00078
31,45,1,100000,25,0.00025,84,0.00084
31,45,2,100000,30,0.0003,76,0.00076
31,45,3,100000,24,0.00024,65,0.00065
31,45,4,100000,37,0.00037,77,0.00077
31,45,5,100000,28,0.00028,59,0.00059
31,46,0,100000,20,0.0002,65,0.00065
31,46,1,100000,55,0.00055,64,0.00064
31,46,2,100000,56,0.00056,74,0.00074
31,46,3,100000,47,0.00047,76,0.00076
31,46,4,100000,35,0.00035,75,0.00075
31,46,5,100000,15,0.00015,64,0.00064
31,47,0,100000,30,0.0003,73,0.00073
31,47,1,100000,33,0.00033,58,0.00058
31,47,2,100000,25,0.00025,69,0.00069
31,47,3,100000,18,0.00018,61,0.00061
31,47,4,100000,33,0.00033,70,0.0007
31,47,5,100000,24,0.00024,75,0.00075
31,48,0,100000,23,0.00023,71,0.00071
31,48,1,100000,40,0.0004,76,0.00076
31,48,2,100000,48,0.00048,97,0.00097
31,48,3,100000,43,0.00043,80,0.0008
31,48,4,100000,48,0.00048,79,0.00079
31,48,5,100000,36,0.00036,73,0.00073
31,49,0,100000,18,0.00018,81,0.00081
31,49,1,100000,35,0.00035,63,0.00063
31,49,2,100000,19,0.00019,66,0.00066
31,49,3,100000,33,0.00033,66,0.00066
31,49,4,100000,35,0.00035,82,0.00082
31,49,5,100000,23,0.00023,73,0.00073
31,50,0,100000,27,0.00027,74,0.00074
31,50,1,100000,19,0.00019,66,0.00066
31,50,2,100000,34,0.00034,64,0.00064
31,50,3,100000,43,0.00043,64,0.00064
31,50,4,100000,32,0.00032,84,0.00084
31,50,5,100000,28,0.00028,80,0.0008
32,-50,0,100000,37,0.00037,90,0.0009
32,-50,1,100000,21,0.00021,54,0.00054
32,-50,2,100000,17,0.00017,65,0.00065
32,-50,3,100000,37,0.00037,82,0.00082
32,-50,4,100000,20,0.0002,72,0.00072
32,-50,5,100000,31,0.00031,67,0.00067
32,-49,0,100000,23,0.00023,64,0.00064
32,-49,1,100000,37,0.00037,93,0.00093
32,-49,2,100000,24,0.00024,74,0.00074
32,-49,3,100000,53,0.00053,68,0.00068
32,-49,4,100000,41,0.00041,77,0.00077
32,-49,5,100000,26,0.00026,69,0.00069
32,-48,0,100000,21,0.00021,57,0.00057
32,-48,1,100000,40,0.0004,65,0.00065
32,-48,2,100000,40,0.0004,74,0.00074
32,-48,3,100000,19,0.00019,73,0.00073
32,-48,4,100000,32,0.00032,75,0.00075
32,-48,5,100000,26,0.00026,60,0.0006
32,-47,0,100000,41,0.00041,79,0.00079
32,-47,1,100000,26,0.00026,63,0.00063
32,-47,2,100000,35,0.00035,70,0.0007
32,-47,3,100000,28,0.00028,66,0.00066
32,-47,4,100000,49,0.00049,75,0.00075
32,-47,5,100000,35,0.00035,89,0.00089
32,-46,0,100000,36,0.00036,70,0.0007
32,-46,1,100000,20,0.0002,79,0.00079
32,-46,2,100000,27,0.00027,82,0.00082
32,-46,3,100000,20,0.0002,63,0.00063
32,-46,4,100000,19,0.00019,67,0.00067
32,-46,5,100000,27,0.00027,68,0.00068
32,-45,0,100000,8,8e-05,62,0.00062
32,-45,1,100000,27,0.00027,76,0.00076
32,-45,2,100000,24,0.00024,67,0.00067
32,-45,3,100000,37,0.00037,83,0.00083
32,-45,4,100000,40,0.0004,76,0.00076
32,-45,5,100000,19,0.00019,62,0.00062
32,-44,0,100000,23,0.00023,77,0.00077
32,-44,1,100000,48,0.00048,82,0.00082
32,-44,2,100000,30,0.0003,71,0.00071
32,-44,3,100000,43,0.00043,78,0.00078
32,-44,4,100000,34,0.00034,66,0.00066
32,-44,5,100000,23,0.00023,72,0.00072
32,-43,0,100000,31,0.00031,81,0.00081
32,-43,1,100000,26,0.00026,93,0.00093
32,-43,2,100000,17,0.00017,59,0.00059
32,-43,3,100000,29,0.00029,74,0.00074
32,-43,4,100000,25,0.00025,82,0.00082
32,-43,5,100000,24,0.00024,74,0.00074
32,-42,0,100000,29,0.00029,70,0.0007
32,-42,1,100000,29,0.00029,77,0.00077
32,-42,2,100000,58,0.00058,81,0.00081
32,-42,3,100000,23,0.00023,69,0.00069
32,-42,4,100000,22,0.00022,49,0.00049
32,-42,5,100000,20,0.0002,58,0.00058
32,-41,0,100000,22,0.00022,67,0.00067
32,-41,1,100000,10,0.0001,64,0.00064
32,-41,2,100000,33,0.00033,82,0.00082
32,-41,3,100000,31,0.00031,91,0.00091
32,-41,4,100000,29,0.00029,79,0.00079
32,-41,5,100000,32,0.00032,74,0.00074
32,-40,0,100000,24,0.00024,57,0.00057
32,-40,1,100000,25,0.00025,63,0.00063
32,-40,2,100000,40,0.0004,74,0.00074
32,-40,3,100000,34,0.00034,74,0.00074
32,-40,4,100000,34,0.00034,73,0.00073
32,-40,5,100000,45,0.00045,80,0.0008
32,-39,0,100000,39,0.00039,61,0.00061
32,-39,1,100000,27,0.00027,66,0.00066
32,-39,2,100000,36,0.00036,74,0.00074
32,-39,3,100000,29,0.00029,69,0.00069
32,-39,4,100000,36,0.00036,81,0.00081
32,-39,5,100000,31,0.00031,84,0.00084
32,-38,0,100000,13,0.00013,66,0.00066
32,-38,1,100000,41,0.00041,62,0.00062
32,-38,2,100000,26,0.00026,71,0.00071
32,-38,3,100000,20,0.0002,60,0.0006
32,-38,4,100000,30,0.0003,72,0.00072
32,-38,5,100000,33,0.00033,81,0.00081
32,-37,0,100000,42,0.00042,73,0.00073
32,-37,1,100000,42,0.00042,80,0.0008
32,-37,2,100000,18,0.00018,68,0.00068
32,-37,3,100000,30,0.0003,84,0.00084
32,-37,4,100000,45,0.00045,83,0.00083
32,-37,5,100000,41,0.00041,69,0.00069
32,-36,0,100000,34,0.00034,67,0.00067
32,-36,1,100000,17,0.00017,80,0.0008
32,-36,2,100000,29,0.00029,60,0.0006
32,-36,3,100000,14,0.00014,55,0.00055
32,-36,4,100000,35,0.00035,75,0.00075
32,-36,5,100000,33,0.00033,71,0.00071
32,-35,0,100000,26,0.00026,84,0.00084
32,-35,1,100000,43,0.00043,82,0.00082
32,-35,2,100000,62,0.00062,88,0.00088
32,-35,3,100000,39,0.00039,75,0.00075
32,-35,4,100000,41,0.00041,64,0.00064
32,-35,5,100000,37,0.00037,72,0.00072
32,-34,0,100000,44,0.00044,92,0.00092
32,-34,1,100000,26,0.00026,80,0.0008
32,-34,2,100000,37,0.00037,86,0.00086
32,-34,3,100000,21,0.00021,74,0.00074
32,-34,4,100000,32,0.00032,69,0.00069
32,-34,5,100000,42,0.00042,76,0.00076
32,-33,0,100000,51,0.00051,85,0.00085
32,-33,1,100000,33,0.00033,83,0.00083
32,-33,2,100000,45,0.00045,74,0.00074
32,-33,3,100000,28,0.00028,66,0.00066
32,-33,4,100000,34,0.00034,71,0.00071
32,-33,5,100000,41,0.00041,79,0.00079
32,-32,0,100000,27,0.00027,94,0.00094
32,-32,1,100000,22,0.00022,73,0.00073
32,-32,2,100000,30,0.0003,66,0.00066
32,-32,3,100000,26,0.00026,64,0.00064
32,-32,4,100000,36,0.00036,75,0.00075
32,-32,5,100000,20,0.0002,66,0.00066
32,-31,0,100000,45,0.00045,76,0.00076
32,-31,1,100000,26,0.00026,70,0.0007
32,-31,2,100000,26,0.00026,86,0.00086
32,-31,3,100000,48,0.00048,78,0.00078
32,-31,4,100000,30,0.0003,80,0.0008
32,-31,5,100000,19,0.00019,57,0.00057
32,-30,0,100000,23,0.00023,66,0.00066
32,-30,1,100000,33,0.00033,76,0.00076
32,-30,2,100000,18,0.00018,57,0.00057
32,-30,3,100000,14,0.00014,64,0.00064
32,-30,4,100000,17,0.00017,65,0.00065
32,-30,5,100000,26,0.00026,73,0.00073
32,-29,0,100000,20,0.0002,73,0.00073
32,-29,1,100000,47,0.00047,72,0.00072
32,-29,2,100000,33,0.00033,77,0.00077
32,-29,3,100000,40,0.0004,79,0.00079
32,-29,4,100000,18,0.00018,72,0.00072
32,-29,5,100000,21,0.00021,79,0.00079
32,-28,0,100000,32,0.00032,81,0.00081
32,-28,1,100000,37,0.00037,74,0.00074
32,-28,2,100000,23,0.00023,79,0.00079
32,-28,3,100000,37,0.00037,68,0.00068
32,-28,4,100000,20,0.0002,75,0.00075
32,-28,5,100000,24,0.00024,82,0.00082
32,-27,0,100000,41,0.00041,72,0.00072
32,-27,1,100000,24,0.00024,75,0.00075
32,-27,2,100000,27,0.00027,74,0.00074
32,-27,3,100000,26,0.00026,90,0.0009
32,-27,4,100000,28,0.00028,67,0.00067
32,-27,5,100000,31,0.00031,77,0.00077
32,-26,0,100000,24,0.00024,75,0.00075
32,-26,1,100000,24,0.00024,71,0.00071
32,-26,2,100000,30,0.0003,65,0.00065
32,-26,3,100000,34,0.00034,78,0.00078
32,-26,4,100000,14,0.00014,70,0.0007
32,-26,5,100000,14,0.00014,68,0.00068
32,-25,0,100000,34,0.00034,77,0.00077
32,-25,1,100000,22,0.00022,80,0.0008
32,-25,2,100000,22,0.00022,65,0.00065
32,-25,3,100000,38,0.00038,76,0.00076
32,-25,4,100000,28,0.00028,67,0.00067
32,-25,5,100000,35,0.00035,71,0.00071
32,-24,0,100000,34,0.00034,86,0.00086
32,-24,1,100000,30,0.0003,79,0.00079
32,-24,2,100000,25,0.00025,76,0.00076
32,-24,3,100000,39,0.00039,64,0.00064
32,-24,4,100000,32,0.00032,59,0.00059
32,-24,5,100000,24,0.00024,57,0.00057
32,-23,0,100000,48,0.00048,80,0.0008
32,-23,1,100000,36,0.00036,89,0.00089
32,-23,2,100000,36,0.00036,76,0.00076
32,-23,3,100000,54,0.00054,68,0.00068
32,-23,4,100000,38,0.00038,82,0.00082
32,-23,5,100000,23,0.00023,59,0.00059
32,-22,0,100000,18,0.00018,62,0.00062
32,-22,1,100000,26,0.00026,64,0.00064
32,-22,2,100000,43,0.00043,67,0.00067
32,-22,3,100000,14,0.00014,59,0.00059
32,-22,4,100000,31,0.00031,68,0.00068
32,-22,5,100000,26,0.00026,81,0.00081
32,-21,0,100000,21,0.00021,74,0.00074
32,-21,1,100000,23,0.00023,72,0.00072
32,-21,2,100000,31,0.00031,71,0.00071
32,-21,3,100000,23,0.00023,67,0.00067
32,-21,4,100000,46,0.00046,69,0.00069
32,-21,5,100000,28,0.00028,79,0.00079
32,-20,0,100000,31,0.00031,77,0.00077
32,-20,1,100000,47,0.00047,86,0.00086
32,-20,2,100000,23,0.00023,74,0.00074
32,-20,3,100000,15,0.00015,71,0.00071
32,-20,4,100000,34,0.00034,78,0.00078
32,-20,5,100000,26,0.00026,69,0.00069
32,-19,0,100000,23,0.00023,66,0.00066
32,-19,1,100000,38,0.00038,72,0.00072
32,-19,2,100000,27,0.00027,71,0.00071
32,-19,3,100000,43,0.00043,83,0.00083
32,-19,4,100000,26,0.00026,72,0.00072
32,-19,5,100000,16,0.00016,71,0.00071
32,-18,0,100000,22,0.00022,80,0.0008
32,-18,1,100000,32,0.00032,73,0.00073
32,-18,2,100000,33,0.00033,77,0.00077
32,-18,3,100000,24,0.00024,84,0.00084
32,-18,4,100000,29,0.00029,85,0.00085
32,-18,5,100000,35,0.00035,80,0.0008
32,-17,0,100000,14,0.00014,50,0.0005
32,-17,1,100000,40,0.0004,72,0.00072
32,-17,2,100000,27,0.00027,63,0.00063
32,-17,3,100000,29,0.00029,77,0.00077
32,-17,4,100000,40,0.0004,70,0.0007
32,-17,5,100000,31,0.00031,57,0.00057
32,-16,0,100000,24,0.00024,70,0.0007
32,-16,1,100000,29,0.00029,85,0.00085
32,-16,2,100000,29,0.00029,68,0.00068
32,-16,3,100000,21,0.00021,69,0.00069
32,-16,4,100000,38,0.00038,77,0.00077
32,-16,5,100000,33,0.00033,80,0.0008
32,-15,0,100000,46,0.00046,77,0.00077
32,-15,1,100000,24,0.00024,80,0.0008
32,-15,2,100000,18,0.00018,67,0.00067
32,-15,3,100000,22,0.00022,69,0.00069
32,-15,4,100000,35,0.00035,68,0.00068
32,-15,5,100000,42,0.00042,86,0.00086
32,-14,0,100000,29,0.00029,67,0.00067
32,-14,1,100000,15,0.00015,60,0.0006
32,-14,2,100000,27,0.00027,75,0.00075
32,-14,3,100000,30,0.0003,77,0.00077
32,-14,4,100000,28,0.00028,71,0.00071
32,-14,5,100000,24,0.00024,73,0.00073
32,-13,0,100000,31,0.00031,75,0.00075
32,-13,1,100000,35,0.00035,67,0.00067
32,-13,2,100000,35,0.00035,77,0.00077
32,-13,3,100000,38,0.00038,61,0.00061
32,-13,4,100000,31,0.00031,63,0.00063
32,-13,5,100000,34,0.00034,78,0.00078
32,-12,0,100000,29,0.00029,65,0.00065
32,-12,1,100000,28,0.00028,73,0.00073
32,-12,2,100000,25,0.00025,73,0.00073
32,-12,3,100000,26,0.00026,58,0.00058
32,-12,4,100000,35,0.00035,64,0.00064
32,-12,5,100000,25,0.00025,62,0.00062
32,-11,0,100000,22,0.00022,74,0.00074
32,-11,1,100000,22,0.00022,67,0.00067
32,-11,2,100000,46,0.00046,86,0.00086
32,-11,3,100000,51,0.00051,81,0.00081
32,-11,4,100000,40,0.0004,85,0.00085
32,-11,5,100000,33,0.00033,88,0.00088
32,-10,0,100000,33,0.00033,79,0.00079
32,-10,1,100000,26,0.00026,79,0.00079
32,-10,2,100000,33,0.00033,83,0.00083
32,-10,3,100000,32,0.00032,68,0.00068
32,-10,4,100000,58,0.00058,88,0.00088
32,-10,5,100000,28,0.00028,76,0.00076
32,-9,0,100000,37,0.00037,68,0.00068
32,-9,1,100000,46,0.00046,75,0.00075
32,-9,2,100000,51,0.00051,75,0.00075
32,-9,3,100000,31,0.00031,68,0.00068
32,-9,4,100000,23,0.00023,71,0.00071
32,-9,5,100000,21,0.00021,62,0.00062
32,-8,0,100000,34,0.00034,80,0.0008
32,-8,1,100000,31,0.00031,65,0.00065
32,-8,2,100000,32,0.00032,84,0.00084
32,-8,3,100000,46,0.00046,81,0.00081
32,-8,4,100000,38,0.00038,63,0.00063
32,-8,5,100000,35,0.00035,78,0.00078
32,-7,0,100000,27,0.00027,75,0.00075
32,-7,1,100000,31,0.00031,63,0.00063
32,-7,2,100000,22,0.00022,44,0.00044
32,-7,3,100000,22,0.00022,84,0.00084
32,-7,4,100000,33,0.00033,76,0.00076
32,-7,5,100000,31,0.00031,68,0.00068
32,-6,0,100000,26,0.00026,65,0.00065
32,-6,1,100000,19,0.00019,77,0.00077
32,-6,2,100000,28,0.00028,64,0.00064
32,-6,3,100000,37,0.00037,84,0.00084
32,-6,4,100000,26,0.00026,83,0.00083
32,-6,5,100000,26,0.00026,68,0.00068
32,-5,0,100000,41,0.00041,74,0.00074
32,-5,1,100000,45,0.00045,63,0.00063
32,-5,2,100000,32,0.00032,72,0.00072
32,-5,3,100000,25,0.00025,69,0.00069
32,-5,4,100000,41,0.00041,77,0.00077
32,-5,5,100000,36,0.00036,92,0.00092
32,-4,0,100000,33,0.00033,70,0.0007
32,-4,1,100000,23,0.00023,67,0.00067
32,-4,2,100000,19,0.00019,69,0.00069
32,-4,3,100000,38,0.00038,76,0.00076
32,-4,4,100000,33,0.00033,71,0.00071
32,-4,5,100000,21,0.00021,75,0.00075
32,-3,0,100000,45,0.00045,76,0.00076
32,-3,1,100000,38,0.00038,80,0.0008
32,-3,2,100000,49,0.00049,83,0.00083
32,-3,3,100000,33,0.00033,79,0.00079
32,-3,4,100000,36,0.00036,77,0.00077
32,-3,5,100000,30,0.0003,74,0.00074
32,-2,0,100000,27,0.00027,74,0.00074
32,-2,1,100000,35,0.00035,75,0.00075
32,-2,2,100000,37,0.00037,76,0.00076
32,-2,3,100000,40,0.0004,79,0.00079
32,-2,4,100000,18,0.00018,69,0.00069
32,-2,5,100000,49,0.00049,83,0.00083
32,-1,0,100000,28,0.00028,75,0.00075
32,-1,1,100000,28,0.00028,69,0.00069
32,-1,2,100000,57,0.00057,85,0.00085
32,-1,3,100000,37,0.00037,64,0.00064
32,-1,4,100000,37,0.00037,74,0.00074
32,-1,5,100000,32,0.00032,77,0.00077
32,0,0,100000,23,0.00023,66,0.00066
32,0,1,100000,49,0.00049,78,0.00078
32,0,2,100000,35,0.00035,81,0.00081
32,0,3,100000,28,0.00028,70,0.0007
32,0,4,100000,35,0.00035,86,0.00086
32,0,5,100000,36,0.00036,76,0.00076
32,1,0,100000,45,0.00045,70,0.0007
32,1,1,100000,25,0.00025,74,0.00074
32,1,2,100000,20,0.0002,79,0.00079
32,1,3,100000,31,0.00031,82,0.00082
32,1,4,100000,37,0.00037,75,0.00075
32,1,5,100000,38,0.00038,62,0.00062
32,2,0,100000,18,0.00018,59,0.00059
32,2,1,100000,38,0.00038,76,0.00076
32,2,2,100000,20,0.0002,70,0.0007
32,2,3,100000,23,0.00023,67,0.00067
32,2,4,100000,28,0.00028,64,0.00064
32,2,5,100000,17,0.00017,60,0.0006
32,3,0,100000,32,0.00032,77,0.00077
32,3,1,100000,18,0.00018,65,0.00065
32,3,2,100000,56,0.00056,64,0.00064
32,3,3,100000,39,0.00039,61,0.00061
32,3,4,100000,33,0.00033,78,0.00078
32,3,5,100000,43,0.00043,84,0.00084
32,4,0,100000,28,0.00028,79,0.00079
32,4,1,100000,31,0.00031,80,0.0008
32,4,2,100000,26,0.00026,64,0.00064
32,4,3,100000,20,0.0002,83,0.00083
32,4,4,100000,27,0.00027,78,0.00078
32,4,5,100000,31,0.00031,61,0.00061
32,5,0,100000,63,0.00063,65,0.00065
32,5,1,100000,27,0.00027,73,0.00073
32,5,2,100000,34,0.00034,72,0.00072
32,5,3,100000,46,0.00046,82,0.00082
32,5,4,100000,20,0.0002,64,0.00064
32,5,5,100000,29,0.00029,65,0.00065
32,6,0,100000,24,0.00024,65,0.00065
32,6,1,100000,30,0.0003,80,0.0008
32,6,2,100000,22,0.00022,65,0.00065
32,6,3,100000,34,0.00034,85,0.00085
32,6,4,100000,23,0.00023,82,0.00082
32,6,5,100000,26,0.00026,67,0.00067
32,7,0,100000,25,0.00025,51,0.00051
32,7,1,100000,29,0.00029,65,0.00065
32,7,2,100000,35,0.00035,73,0.00073
32,7,3,100000,34,0.00034,74,0.00074
32,7,4,100000,44,0.00044,63,0.00063
32,7,5,100000,25,0.00025,75,0.00075
32,8,0,100000,13,0.00013,62,0.00062
32,8,1,100000,17,0.00017,78,0.00078
32,8,2,100000,46,0.00046,71,0.00071
32,8,3,100000,38,0.00038,81,0.00081
32,8,4,100000,19,0.00019,74,0.00074
32,8,5,100000,40,0.0004,75,0.00075
32,9,0,100000,36,0.00036,72,0.00072
32,9,1,100000,22,0.00022,76,0.00076
32,9,2,100000,45,0.00045,83,0.00083
32,9,3,100000,41,0.00041,67,0.00067
32,9,4,100000,19,0.00019,63,0.00063
32,9,5,100000,29,0.00029,63,0.00063
32,10,0,100000,18,0.00018,63,0.00063
32,10,1,100000,23,0.00023,68,0.00068
32,10,2,100000,35,0.00035,78,0.00078
32,10,3,100000,33,0.00033,82,0.00082
32,10,4,100000,13,0.00013,60,0.0006
32,10,5,100000,36,0.00036,76,0.00076
32,11,0,100000,14,0.00014,63,0.00063
32,11,1,100000,36,0.00036,77,0.00077
32,11,2,100000,24,0.00024,75,0.00075
32,11,3,100000,31,0.00031,78,0.00078
32,11,4,100000,24,0.00024,64,0.00064
32,11,5,100000,34,0.00034,64,0.00064
32,12,0,100000,32,0.00032,76,0.00076
32,12,1,100000,34,0.00034,70,0.0007
32,12,2,100000,47,0.00047,61,0.00061
32,12,3,100000,21,0.00021,76,0.00076
32,12,4,100000,23,0.00023,74,0.00074
32,12,5,100000,34,0.00034,59,0.00059
32,13,0,100000,24,0.00024,64,0.00064
32,13,1,100000,41,0.00041,66,0.00066
32,13,2,100000,37,0.00037,73,0.00073
32,13,3,100000,38,0.00038,67,0.00067
32,13,4,100000,38,0.00038,65,0.00065
32,13,5,100000,34,0.00034,72,0.00072
32,14,0,100000,29,0.00029,73,0.00073
32,14,1,100000,24,0.00024,64,0.00064
32,14,2,100000,38,0.00038,73,0.00073
32,14,3,100000,25,0.00025,78,0.00078
32,14,4,100000,31,0.00031,73,0.00073
32,14,5,100000,30,0.0003,55,0.00055
32,15,0,100000,34,0.00034,69,0.00069
32,15,1,100000,35,0.00035,79,0.00079
32,15,2,100000,30,0.0003,77,0.00077
32,15,3,100000,42,0.00042,90,0.0009
32,15,4,100000,55,0.00055,102,0.00102
32,15,5,100000,34,0.00034,77,0.00077
32,16,0,100000,53,0.00053,81,0.00081
32,16,1,100000,29,0.00029,67,0.00067
32,16,2,100000,51,0.00051,76,0.00076
32,16,3,100000,34,0.00034,79,0.00079
32,16,4,100000,26,0.00026,71,0.00071
32,16,5,100000,22,0.00022,70,0.0007
32,17,0,100000,34,0.00034,72,0.00072
32,17,1,100000,27,0.00027,76,0.00076
32,17,2,100000,50,0.0005,79,0.00079
32,17,3,100000,20,0.0002,68,0.00068
32,17,4,100000,29,0.00029,83,0.00083
32,17,5,100000,31,0.00031,73,0.00073
32,18,0,100000,42,0.00042,67,0.00067
32,18,1,100000,35,0.00035,91,0.00091
32,18,2,100000,47,0.00047,78,0.00078
32,18,3,100000,27,0.00027,57,0.00057
32,18,4,100000,17,0.00017,75,0.00075
32,18,5,100000,27,0.00027,72,0.00072
32,19,0,100000,16,0.00016,58,0.00058
32,19,1,100000,12,0.00012,62,0.00062
32,19,2,100000,21,0.00021,58,0.00058
32,19,3,100000,29,0.00029,89,0.00089
32,19,4,100000,22,0.00022,63,0.00063
32,19,5,100000,35,0.00035,80,0.0008
32,20,0,100000,23,0.00023,55,0.00055
32,20,1,100000,18,0.00018,63,0.00063
32,20,2,100000,27,0.00027,51,0.00051
32,20,3,100000,37,0.00037,76,0.00076
32,20,4,100000,40,0.0004,78,0.00078
32,20,5,100000,27,0.00027,72,0.00072
32,21,0,100000,40,0.0004,80,0.0008
32,21,1,100000,33,0.00033,81,0.00081
32,21,2,100000,45,0.00045,78,0.00078
32,21,3,100000,52,0.00052,74,0.00074
32,21,4,100000,12,0.00012,66,0.00066
32,21,5,100000,42,0.00042,77,0.00077
32,22,0,100000,47,0.00047,74,0.00074
32,22,1,100000,27,0.00027,70,0.0007
32,22,2,100000,22,0.00022,85,0.00085
32,22,3,100000,24,0.00024,76,0.00076
32,22,4,100000,23,0.00023,61,0.00061
32,22,5,100000,36,0.00036,90,0.0009
32,23,0,100000,47,0.00047,82,0.00082
32,23,1,100000,48,0.00048,82,0.00082
32,23,2,100000,36,0.00036,65,0.00065
32,23,3,100000,27,0.00027,64,0.00064
32,23,4,100000,32,0.00032,73,0.00073
32,23,5,100000,36,0.00036,96,0.00096
32,24,0,100000,48,0.00048,78,0.00078
32,24,1,100000,23,0.00023,68,0.00068
32,24,2,100000,27,0.00027,72,0.00072
32,24,3,100000,34,0.00034,65,0.00065
32,24,4,100000,36,0.00036,80,0.0008
32,24,5,100000,18,0.00018,64,0.00064
32,25,0,100000,35,0.00035,62,0.00062
32,25,1,100000,52,0.00052,81,0.00081
32,25,2,100000,28,0.00028,78,0.00078
32,25,3,100000,16,0.00016,57,0.00057
32,25,4,100000,24,0.00024,79,0.00079
32,25,5,100000,31,0.00031,83,0.00083
32,26,0,100000,31,0.00031,72,0.00072
32,26,1,100000,28,0.00028,86,0.00086
32,26,2,100000,40,0.0004,71,0.00071
32,26,3,100000,40,0.0004,66,0.00066
32,26,4,100000,35,0.00035,67,0.00067
32,26,5,100000,29,0.00029,65,0.00065
32,27,0,100000,29,0.00029,75,0.00075
32,27,1,100000,18,0.00018,59,0.00059
32,27,2,100000,36,0.00036,66,0.00066
32,27,3,100000,25,0.00025,75,0.00075
32,27,4,100000,38,0.00038,80,0.0008
32,27,5,100000,30,0.0003,80,0.0008
32,28,0,100000,32,0.00032,72,0.00072
32,28,1,100000,34,0.00034,68,0.00068
32,28,2,100000,19,0.00019,61,0.00061
32,28,3,100000,14,0.00014,80,0.0008
32,28,4,100000,31,0.00031,61,0.00061
32,28,5,100000,28,0.00028,69,0.00069
32,29,0,100000,43,0.00043,83,0.00083
32,29,1,100000,12,0.00012,52,0.00052
32,29,2,100000,39,0.00039,72,0.00072
32,29,3,100000,18,0.00018,67,0.00067
32,29,4,100000,23,0.00023,71,0.00071
32,29,5,100000,28,0.00028,77,0.00077
32,30,0,100000,19,0.00019,80,0.0008
32,30,1,100000,23,0.00023,63,0.00063
32,30,2,100000,15,0.00015,68,0.00068
32,30,3,100000,31,0.00031,69,0.00069
32,30,4,100000,31,0.00031,72,0.00072
32,30,5,100000,38,0.00038,81,0.00081
32,31,0,100000,39,0.00039,78,0.00078
32,31,1,100000,36,0.00036,85,0.00085
32,31,2,100000,42,0.00042,80,0.0008
32,31,3,100000,39,0.00039,73,0.00073
32,31,4,100000,31,0.00031,70,0.0007
32,31,5,100000,27,0.00027,71,0.00071
32,32,0,100000,32,0.00032,70,0.0007
32,32,1,100000,13,0.00013,62,0.00062
32,32,2,100000,19,0.00019,61,0.00061
32,32,3,100000,32,0.00032,78,0.00078
32,32,4,100000,34,0.00034,66,0.00066
32,32,5,100000,22,0.00022,72,0.00072
32,33,0,100000,32,0.00032,72,0.00072
32,33,1,100000,20,0.0002,87,0.00087
32,33,2,100000,27,0.00027,84,0.00084
32,33,3,100000,32,0.00032,69,0.00069
32,33,4,100000,16,0.00016,62,0.00062
32,33,5,100000,32,0.00032,74,0.00074
32,34,0,100000,24,0.00024,82,0.00082
32,34,1,100000,37,0.00037,91,0.00091
32,34,2,100000,41,0.00041,77,0.00077
32,34,3,100000,31,0.00031,71,0.00071
32,34,4,100000,47,0.00047,62,0.00062
32,34,5,100000,15,0.00015,70,0.0007
32,35,0,100000,25,0.00025,59,0.00059
32,35,1,100000,21,0.00021,78,0.00078
32,35,2,100000,34,0.00034,76,0.00076
32,35,3,100000,15,0.00015,60,0.0006
32,35,4,100000,26,0.00026,70,0.0007
32,35,5,100000,28,0.00028,74,0.00074
32,36,0,100000,40,0.0004,85,0.00085
32,36,1,100000,20,0.0002,68,0.00068
32,36,2,100000,35,0.00035,77,0.00077
32,36,3,100000,26,0.00026,72,0.00072
32,36,4,100000,35,0.00035,76,0.00076
32,36,5,100000,34,0.00034,73,0.00073
32,37,0,100000,38,0.00038,58,0.00058
32,37,1,100000,31,0.00031,77,0.00077
32,37,2,100000,15,0.00015,71,0.00071
32,37,3,100000,30,0.0003,72,0.00072
32,37,4,100000,28,0.00028,59,0.00059
32,37,5,100000,45,0.00045,76,0.00076
32,38,0,100000,45,0.00045,73,0.00073
32,38,1,100000,28,0.00028,77,0.00077
32,38,2,100000,30,0.0003,85,0.00085
32,38,3,100000,44,0.00044,64,0.00064
32,38,4,100000,31,0.00031,61,0.00061
32,38,5,100000,33,0.00033,80,0.0008
32,39,0,100000,42,0.00042,75,0.00075
32,39,1,100000,37,0.00037,85,0.00085
32,39,2,100000,27,0.00027,74,0.00074
32,39,3,100000,21,0.00021,74,0.00074
32,39,4,100000,34,0.00034,77,0.00077
32,39,5,100000,42,0.00042,77,0.00077
32,40,0,100000,25,0.00025,61,0.00061
32,40,1,100000,31,0.00031,74,0.00074
32,40,2,100000,28,0.00028,48,0.00048
32,40,3,100000,51,0.00051,67,0.00067
32,40,4,100000,25,0.00025,73,0.00073
32,40,5,100000,21,0.00021,77,0.00077
32,41,0,100000,32,0.00032,66,0.00066
32,41,1,100000,27,0.00027,55,0.00055
32,41,2,100000,38,0.00038,93,0.00093
32,41,3,100000,28,0.00028,72,0.00072
32,41,4,100000,23,0.00023,63,0.00063
32,41,5,100000,25,0.00025,82,0.00082
32,42,0,100000,28,0.00028,74,0.00074
32,42,1,100000,32,0.00032,82,0.00082
32,42,2,100000,29,0.00029,70,0.0007
32,42,3,100000,26,0.00026,79,0.00079
32,42,4,100000,38,0.00038,76,0.00076
32,42,5,100000,30,0.0003,87,0.00087
32,43,0,100000,36,0.00036,78,0.00078
32,43,1,100000,32,0.00032,70,0.0007
32,43,2,100000,30,0.0003,79,0.00079
32,43,3,100000,25,0.00025,82,0.00082
32,43,4,100000,34,0.00034,72,0.00072
32,43,5,100000,46,0.00046,63,0.00063
32,44,0,100000,14,0.00014,72,0.00072
32,44,1,100000,22,0.00022,70,0.0007
32,44,2,100000,29,0.00029,74,0.00074
32,44,3,100000,27,0.00027,74,0.00074
32,44,4,100000,34,0.00034,72,0.00072
32,44,5,100000,24,0.00024,74,0.00074
32,45,0,100000,23,0.00023,96,0.00096
32,45,1,100000,54,0.00054,90,0.0009
32,45,2,100000,38,0.00038,84,0.00084
32,45,3,100000,32,0.00032,72,0.00072
32,45,4,100000,33,0.00033,67,0.00067
32,45,5,100000,28,0.00028,69,0.00069
32,46,0,100000,17,0.00017,61,0.00061
32,46,1,100000,43,0.00043,83,0.00083
32,46,2,100000,32,0.00032,77,0.00077
32,46,3,100000,27,0.00027,79,0.00079
32,46,4,100000,34,0.00034,75,0.00075
32,46,5,100000,33,0.00033,71,0.00071
32,47,0,100000,24,0.00024,76,0.00076
32,47,1,100000,26,0.00026,80,0.0008
32,47,2,100000,32,0.00032,56,0.00056
32,47,3,100000,49,0.00049,87,0.00087
32,47,4,100000,32,0.00032,88,0.00088
32,47,5,100000,40,0.0004,79,0.00079
32,48,0,100000,25,0.00025,85,0.00085
32,48,1,100000,14,0.00014,77,0.00077
32,48,2,100000,28,0.00028,81,0.00081
32,48,3,100000,41,0.00041,58,0.00058
32,48,4,100000,15,0.00015,72,0.00072
32,48,5,100000,44,0.00044,63,0.00063
32,49,0,100000,31,0.00031,74,0.00074
32,49,1,100000,32,0.00032,73,0.00073
32,49,2,100000,17,0.00017,66,0.00066
32,49,3,100000,24,0.00024,89,0.00089
32,49,4,100000,42,0.00042,82,0.00082
32,49,5,100000,35,0.00035,79,0.00079
32,50,0,100000,37,0.00037,67,0.00067
32,50,1,100000,23,0.00023,74,0.00074
32,50,2,100000,40,0.0004,81,0.00081
32,50,3,100000,36,0.00036,75,0.00075
32,50,4,100000,28,0.00028,74,0.00074
32,50,5,100000,18,0.00018,58,0.00058
33,-50,0,100000,30,0.0003,71,0.00071
33,-50,1,100000,43,0.00043,79,0.00079
33,-50,2,100000,37,0.00037,74,0.00074
33,-50,3,100000,34,0.00034,71,0.00071
33,-50,4,100000,25,0.00025,76,0.00076
33,-50,5,100000,32,0.00032,70,0.0007
33,-49,0,100000,40,0.0004,76,0.00076
33,-49,1,100000,39,0.00039,64,0.00064
33,-49,2,100000,28,0.00028,90,0.0009
33,-49,3,100000,38,0.00038,80,0.0008
33,-49,4,100000,26,0.00026,75,0.00075
33,-49,5,100000,36,0.00036,73,0.00073
33,-48,0,100000,43,0.00043,75,0.00075
33,-48,1,100000,29,0.00029,78,0.00078
33,-48,2,100000,47,0.00047,80,0.0008
33,-48,3,100000,53,0.00053,96,0.00096
33,-48,4,100000,25,0.00025,75,0.00075
33,-48,5,100000,24,0.00024,65,0.00065
33,-47,0,100000,27,0.00027,75,0.00075
33,-47,1,100000,37,0.00037,76,0.00076
33,-47,2,100000,34,0.00034,74,0.00074
33,-47,3,100000,44,0.00044,87,0.00087
33,-47,4,100000,36,0.00036,74,0.00074
33,-47,5,100000,23,0.00023,58,0.00058
33,-46,0,100000,30,0.0003,65,0.00065
33,-46,1,100000,31,0.00031,63,0.00063
33,-46,2,100000,29,0.00029,64,0.00064
33,-46,3,100000,18,0.00018,83,0.00083
33,-46,4,100000,23,0.00023,61,0.00061
33,-46,5,100000,26,0.00026,87,0.00087
33,-45,0,100000,32,0.00032,69,0.00069
33,-45,1,100000,27,0.00027,69,0.00069
33,-45,2,100000,38,0.00038,67,0.00067
33,-45,3,100000,23,0.00023,76,0.00076
33,-45,4,100000,29,0.00029,83,0.00083
33,-45,5,100000,21,0.00021,66,0.00066
33,-44,0,100000,24,0.00024,76,0.00076
33,-44,1,100000,26,0.00026,53,0.00053
33,-44,2,100000,36,0.00036,78,0.00078
33,-44,3,100000,27,0.00027,79,0.00079
33,-44,4,100000,26,0.00026,75,0.00075
33,-44,5,100000,23,0.00023,70,0.0007
33,-43,0,100000,19,0.00019,69,0.00069
33,-43,1,100000,54,0.00054,77,0.00077
33,-43,2,100000,40,0.0004,87,0.00087
33,-43,3,100000,27,0.00027,64,0.00064
33,-43,4,100000,37,0.00037,71,0.00071
33,-43,5,100000,13,0.00013,68,0.00068
33,-42,0,100000,30,0.0003,76,0.00076
33,-42,1,100000,29,0.00029,66,0.00066
33,-42,2,100000,28,0.00028,67,0.00067
33,-42,3,100000,40,0.0004,94,0.00094
33,-42,4,100000,23,0.00023,83,0.00083
33,-42,5,100000,26,0.00026,73,0.00073
33,-41,0,100000,25,0.00025,72,0.00072
33,-41,1,100000,32,0.00032,80,0.0008
33,-41,2,100000,31,0.00031,89,0.00089
33,-41,3,100000,45,0.00045,79,0.00079
33,-41,4,100000,28,0.00028,66,0.00066
33,-41,5,100000,37,0.00037,66,0.00066
33,-40,0,100000,26,0.00026,78,0.00078
33,-40,1,100000,17,0.00017,50,0.0005
33,-40,2,100000,28,0.00028,80,0.0008
33,-40,3,100000,32,0.00032,65,0.00065
33,-40,4,100000,29,0.00029,61,0.00061
33,-40,5,100000,39,0.00039,63,0.00063
33,-39,0,100000,35,0.00035,80,0.0008
33,-39,1,100000,41,0.00041,100,0.001
33,-39,2,100000,23,0.00023,73,0.00073
33,-39,3,100000,40,0.0004,77,0.00077
33,-39,4,100000,26,0.00026,72,0.00072
33,-39,5,100000,23,0.00023,69,0.00069
33,-38,0,100000,45,0.00045,90,0.0009
33,-38,1,100000,25,0.00025,71,0.00071
33,-38,2,100000,21,0.00021,69,0.00069
33,-38,3,100000,30,0.0003,60,0.0006
33,-38,4,100000,32,0.00032,76,0.00076
33,-38,5,100000,35,0.00035,66,0.00066
33,-37,0,100000,23,0.00023,68,0.00068
33,-37,1,100000,36,0.00036,69,0.00069
33,-37,2,100000,18,0.00018,71,0.00071
33,-37,3,100000,21,0.00021,64,0.00064
33,-37,4,100000,15,0.00015,65,0.00065
33,-37,5,100000,31,0.00031,80,0.0008
33,-36,0,100000,54,0.00054,94,0.00094
33,-36,1,100000,30,0.0003,71,0.00071
33,-36,2,100000,25,0.00025,74,0.00074
33,-36,3,100000,35,0.00035,76,0.00076
33,-36,4,100000,33,0.00033,61,0.00061
33,-36,5,100000,32,0.00032,63,0.00063
33,-35,0,100000,53,0.00053,76,0.00076
33,-35,1,100000,21,0.00021,76,0.00076
33,-35,2,100000,66,0.00066,64,0.00064
33,-35,3,100000,25,0.00025,79,0.00079
33,-35,4,100000,23,0.00023,80,0.0008
33,-35,5,100000,20,0.0002,57,0.00057
33,-34,0,100000,35,0.00035,81,0.00081
33,-34,1,100000,25,0.00025,69,0.00069
33,-34,2,100000,28,0.00028,69,0.00069
33,-34,3,100000,29,0.00029,72,0.00072
33,-34,4,100000,40,0.0004,73,0.00073
33,-34,5,100000,38,0.00038,86,0.00086
33,-33,0,100000,20,0.0002,80,0.0008
33,-33,1,100000,27,0.00027,76,0.00076
33,-33,2,100000,18,0.00018,58,0.00058
33,-33,3,100000,25,0.00025,72,0.00072
33,-33,4,100000,35,0.00035,73,0.00073
33,-33,5,100000,31,0.00031,73,0.00073
33,-32,0,100000,31,0.00031,72,0.00072
33,-32,1,100000,32,0.00032,80,0.0008
33,-32,2,100000,43,0.00043,92,0.00092
33,-32,3,100000,38,0.00038,81,0.00081
33,-32,4,100000,25,0.00025,78,0.00078
33,-32,5,100000,29,0.00029,68,0.00068
33,-31,0,100000,28,0.00028,66,0.00066
33,-31,1,100000,23,0.00023,61,0.00061
33,-31,2,100000,36,0.00036,79,0.00079
33,-31,3,100000,29,0.00029,72,0.00072
33,-31,4,100000,32,0.00032,85,0.00085
33,-31,5,100000,26,0.00026,68,0.00068
33,-30,0,100000,47,0.00047,77,0.00077
33,-30,1,100000,49,0.00049,73,0.00073
33,-30,2,100000,30,0.0003,67,0.00067
33,-30,3,100000,33,0.00033,82,0.00082
33,-30,4,100000,31,0.00031,68,0.00068
33,-30,5,100000,35,0.00035,75,0.00075
33,-29,0,100000,32,0.00032,66,0.00066
33,-29,1,100000,18,0.00018,59,0.00059
33,-29,2,100000,43,0.00043,74,0.00074
33,-29,3,100000,34,0.00034,75,0.00075
33,-29,4,100000,36,0.00036,71,0.00071
33,-29,5,100000,32,0.00032,92,0.00092
33,-28,0,100000,20,0.0002,55,0.00055
33,-28,1,100000,43,0.00043,79,0.00079
33,-28,2,100000,34,0.00034,69,0.00069
33,-28,3,100000,29,0.00029,74,0.00074
33,-28,4,100000,41,0.00041,74,0.00074
33,-28,5,100000,23,0.00023,71,0.00071
33,-27,0,100000,43,0.00043,69,0.00069
33,-27,1,100000,31,0.00031,76,0.00076
33,-27,2,100000,24,0.00024,65,0.00065
33,-27,3,100000,23,0.00023,57,0.00057
33,-27,4,100000,46,0.00046,77,0.00077
33,-27,5,100000,26,0.00026,61,0.00061
33,-26,0,100000,31,0.00031,66,0.00066
33,-26,1,100000,35,0.00035,75,0.00075
33,-26,2,100000,43,0.00043,66,0.00066
33,-26,3,100000,44,0.00044,77,0.00077
33,-26,4,100000,37,0.00037,83,0.00083
33,-26,5,100000,36,0.00036,86,0.00086
33,-25,0,100000,26,0.00026,77,0.00077
33,-25,1,100000,25,0.00025,63,0.00063
33,-25,2,100000,22,0.00022,66,0.00066
33,-25,3,100000,33,0.00033,69,0.00069
33,-25,4,100000,23,0.00023,68,0.00068
33,-25,5,100000,28,0.00028,85,0.00085
33,-24,0,100000,36,0.00036,73,0.00073
33,-24,1,100000,22,0.00022,77,0.00077
33,-24,2,100000,21,0.00021,79,0.00079
33,-24,3,100000,21,0.00021,62,0.00062
33,-24,4,100000,24,0.00024,57,0.00057
33,-24,5,100000,30,0.0003,75,0.00075
33,-23,0,100000,23,0.00023,67,0.00067
33,-23,1,100000,35,0.00035,66,0.00066
33,-23,2,100000,16,0.00016,66,0.00066
33,-23,3,100000,15,0.00015,73,0.00073
33,-23,4,100000,17,0.00017,81,0.00081
33,-23,5,100000,16,0.00016,62,0.00062
33,-22,0,100000,31,0.00031,78,0.00078
33,-22,1,100000,30,0.0003,80,0.0008
33,-22,2,100000,21,0.00021,68,0.00068
33,-22,3,100000,39,0.00039,65,0.00065
33,-22,4,100000,25,0.00025,59,0.00059
33,-22,5,100000,17,0.00017,66,0.00066
33,-21,0,100000,33,0.00033,70,0.0007
33,-21,1,100000,19,0.00019,65,0.00065
33,-21,2,100000,35,0.00035,83,0.00083
33,-21,3,100000,25,0.00025,82,0.00082
33,-21,4,100000,31,0.00031,79,0.00079
33,-21,5,100000,22,0.00022,67,0.00067
33,-20,0,100000,21,0.00021,61,0.00061
33,-20,1,100000,26,0.00026,71,0.00071
33,-20,2,100000,33,0.00033,75,0.00075
33,-20,3,100000,24,0.00024,80,0.0008
33,-20,4,100000,30,0.0003,67,0.00067
33,-20,5,100000,25,0.00025,65,0.00065
33,-19,0,100000,23,0.00023,81,0.00081
33,-19,1,100000,35,0.00035,74,0.00074
33,-19,2,100000,22,0.00022,75,0.00075
33,-19,3,100000,24,0.00024,79,0.00079
33,-19,4,100000,27,0.00027,82,0.00082
33,-19,5,100000,27,0.00027,81,0.00081
33,-18,0,100000,26,0.00026,70,0.0007
33,-18,1,100000,13,0.00013,71,0.00071
33,-18,2,100000,19,0.00019,68,0.00068
33,-18,3,100000,26,0.00026,58,0.00058
33,-18,4,100000,31,0.00031,73,0.00073
33,-18,5,100000,40,0.0004,64,0.00064
33,-17,0,100000,30,0.0003,84,0.00084
33,-17,1,100000,23,0.00023,67,0.00067
33,-17,2,100000,30,0.0003,78,0.00078
33,-17,3,100000,44,0.00044,78,0.00078
33,-17,4,100000,22,0.00022,76,0.00076
33,-17,5,100000,42,0.00042,81,0.00081
33,-16,0,100000,23,0.00023,60,0.0006
33,-16,1,100000,39,0.00039,65,0.00065
33,-16,2,100000,47,0.00047,69,0.00069
33,-16,3,100000,37,0.00037,75,0.00075
33,-16,4,100000,22,0.00022,69,0.00069
33,-16,5,100000,30,0.0003,62,0.00062
33,-15,0,100000,26,0.00026,61,0.00061
33,-15,1,100000,23,0.00023,63,0.00063
33,-15,2,100000,35,0.00035,63,0.00063
33,-15,3,100000,15,0.00015,70,0.0007
33,-15,4,100000,18,0.00018,70,0.0007
33,-15,5,100000,24,0.00024,80,0.0008
33,-14,0,100000,19,0.00019,74,0.00074
33,-14,1,100000,47,0.00047,75,0.00075
33,-14,2,100000,60,0.0006,95,0.00095
33,-14,3,100000,42,0.00042,63,0.00063
33,-14,4,100000,35,0.00035,71,0.00071
33,-14,5,100000,24,0.00024,82,0.00082
33,-13,0,100000,39,0.00039,75,0.00075
33,-13,1,100000,40,0.0004,79,0.00079
33,-13,2,100000,16,0.00016,63,0.00063
33,-13,3,100000,20,0.0002,77,0.00077
33,-13,4,100000,23,0.00023,72,0.00072
33,-13,5,100000,48,0.00048,75,0.00075
33,-12,0,100000,37,0.00037,94,0.00094
33,-12,1,100000,18,0.00018,66,0.00066
33,-12,2,100000,32,0.00032,78,0.00078
33,-12,3,100000,23,0.00023,67,0.00067
33,-12,4,100000,38,0.00038,63,0.00063
33,-12,5,100000,29,0.00029,65,0.00065
33,-11,0,100000,32,0.00032,82,0.00082
33,-11,1,100000,31,0.00031,55,0.00055
33,-11,2,100000,41,0.00041,84,0.00084
33,-11,3,100000,20,0.0002,69,0.00069
33,-11,4,100000,27,0.00027,76,0.00076
33,-11,5,100000,22,0.00022,56,0.00056
33,-10,0,100000,31,0.00031,72,0.00072
33,-10,1,100000,25,0.00025,69,0.00069
33,-10,2,100000,30,0.0003,56,0.00056
33,-10,3,100000,36,0.00036,76,0.00076
33,-10,4,100000,30,0.0003,64,0.00064
33,-10,5,100000,28,0.00028,73,0.00073
33,-9,0,100000,42,0.00042,79,0.00079
33,-9,1,100000,32,0.00032,83,0.00083
33,-9,2,100000,23,0.00023,64,0.00064
33,-9,3,100000,35,0.00035,70,0.0007
33,-9,4,100000,19,0.00019,62,0.00062
33,-9,5,100000,15,0.00015,63,0.00063
33,-8,0,100000,30,0.0003,82,0.00082
33,-8,1,100000,25,0.00025,62,0.00062
33,-8,2,100000,28,0.00028,73,0.00073
33,-8,3,100000,42,0.00042,75,0.00075
33,-8,4,100000,20,0.0002,69,0.00069
33,-8,5,100000,34,0.00034,73,0.00073
33,-7,0,100000,28,0.00028,79,0.00079
33,-7,1,100000,25,0.00025,67,0.00067
33,-7,2,100000,23,0.00023,63,0.00063
33,-7,3,100000,43,0.00043,97,0.00097
33,-7,4,100000,34,0.00034,70,0.0007
33,-7,5,100000,28,0.00028,78,0.00078
33,-6,0,100000,21,0.00021,75,0.00075
33,-6,1,100000,29,0.00029,90,0.0009
33,-6,2,100000,44,0.00044,81,0.00081
33,-6,3,100000,26,0.00026,77,0.00077
33,-6,4,100000,29,0.00029,72,0.00072
33,-6,5,100000,25,0.00025,79,0.00079
33,-5,0,100000,37,0.00037,77,0.00077
33,-5,1,100000,37,0.00037,83,0.00083
33,-5,2,100000,16,0.00016,75,0.00075
33,-5,3,100000,32,0.00032,80,0.0008
33,-5,4,100000,19,0.00019,67,0.00067
33,-5,5,100000,25,0.00025,74,0.00074
33,-4,0,100000,22,0.00022,69,0.00069
33,-4,1,100000,23,0.00023,62,0.00062
33,-4,2,100000,27,0.00027,71,0.00071
33,-4,3,100000,34,0.00034,67,0.00067
33,-4,4,100000,25,0.00025,64,0.00064
33,-4,5,100000,29,0.00029,70,0.0007
33,-3,0,100000,17,0.00017,68,0.00068
33,-3,1,100000,13,0.00013,58,0.00058
33,-3,2,100000,32,0.00032,72,0.00072
33,-3,3,100000,23,0.00023,61,0.00061
33,-3,4,100000,27,0.00027,71,0.00071
33,-3,5,100000,16,0.00016,61,0.00061
33,-2,0,100000,35,0.00035,90,0.0009
33,-2,1,100000,33,0.00033,72,0.00072
33,-2,2,100000,31,0.00031,87,0.00087
33,-2,3,100000,38,0.00038,72,0.00072
33,-2,4,100000,31,0.00031,71,0.00071
33,-2,5,100000,22,0.00022,60,0.0006
33,-1,0,100000,15,0.00015,79,0.00079
33,-1,1,100000,34,0.00034,71,0.00071
33,-1,2,100000,25,0.00025,79,0.00079
33,-1,3,100000,32,0.00032,72,0.00072
33,-1,4,100000,39,0.00039,86,0.00086
33,-1,5,100000,28,0.00028,67,0.00067
33,0,0,100000,41,0.00041,75,0.00075
33,0,1,100000,32,0.00032,66,0.00066
33,0,2,100000,17,0.00017,72,0.00072
33,0,3,100000,27,0.00027,81,0.00081
33,0,4,100000,31,0.00031,89,0.00089
33,0,5,100000,19,0.00019,76,0.00076
33,1,0,100000,25,0.00025,57,0.00057
33,1,1,100000,36,0.00036,80,0.0008
33,1,2,100000,25,0.00025,54,0.00054
33,1,3,100000,16,0.00016,66,0.00066
33,1,4,100000,46,0.00046,88,0.00088
33,1,5,100000,15,0.00015,57,0.00057
33,2,0,100000,9,9e-05,70,0.0007
33,2,1,100000,28,0.00028,80,0.0008
33,2,2,100000,19,0.00019,67,0.00067
33,2,3,100000,24,0.00024,70,0.0007
33,2,4,100000,38,0.00038,87,0.00087
33,2,5,100000,15,0.00015,65,0.00065
33,3,0,100000,28,0.00028,74,0.00074
33,3,1,100000,27,0.00027,67,0.00067
33,3,2,100000,36,0.00036,67,0.00067
33,3,3,100000,23,0.00023,72,0.00072
33,3,4,100000,21,0.00021,70,0.0007
33,3,5,100000,26,0.00026,72,0.00072
33,4,0,100000,29,0.00029,83,0.00083
33,4,1,100000,17,0.00017,73,0.00073
33,4,2,100000,24,0.00024,62,0.00062
33,4,3,100000,18,0.00018,67,0.00067
33,4,4,100000,54,0.00054,83,0.00083
33,4,5,100000,42,0.00042,67,0.00067
33,5,0,100000,38,0.00038,77,0.00077
33,5,1,100000,31,0.00031,76,0.00076
33,5,2,100000,26,0.00026,66,0.00066
33,5,3,100000,37,0.00037,61,0.00061
33,5,4,100000,17,0.00017,75,0.00075
33,5,5,100000,33,0.00033,76,0.00076
33,6,0,100000,18,0.00018,68,0.00068
33,6,1,100000,42,0.00042,81,0.00081
33,6,2,100000,17,0.00017,54,0.00054
33,6,3,100000,45,0.00045,80,0.0008
33,6,4,100000,42,0.00042,77,0.00077
33,6,5,100000,30,0.0003,80,0.0008
33,7,0,100000,43,0.00043,82,0.00082
33,7,1,100000,28,0.00028,72,0.00072
33,7,2,100000,16,0.00016,68,0.00068
33,7,3,100000,39,0.00039,76,0.00076
33,7,4,100000,39,0.00039,77,0.00077
33,7,5,100000,37,0.00037,77,0.00077
33,8,0,100000,17,0.00017,69,0.00069
33,8,1,100000,27,0.00027,85,0.00085
33,8,2,100000,18,0.00018,74,0.00074
33,8,3,100000,37,0.00037,85,0.00085
33,8,4,100000,30,0.0003,66,0.00066
33,8,5,100000,39,0.00039,77,0.00077
33,9,0,100000,17,0.00017,63,0.00063
33,9,1,100000,29,0.00029,60,0.0006
33,9,2,100000,40,0.0004,81,0.00081
33,9,3,100000,28,0.00028,75,0.00075
33,9,4,100000,29,0.00029,80,0.0008
33,9,5,100000,21,0.00021,71,0.00071
33,10,0,100000,34,0.00034,81,0.00081
33,10,1,100000,30,0.0003,70,0.0007
33,10,2,100000,47,0.00047,69,0.00069
33,10,3,100000,40,0.0004,98,0.00098
33,10,4,100000,34,0.00034,79,0.00079
33,10,5,100000,33,0.00033,62,0.00062
33,11,0,100000,48,0.00048,71,0.00071
33,11,1,100000,21,0.00021,75,0.00075
33,11,2,100000,22,0.00022,81,0.00081
33,11,3,100000,38,0.00038,87,0.00087
33,11,4,100000,23,0.00023,78,0.00078
33,11,5,100000,29,0.00029,65,0.00065
33,12,0,100000,28,0.00028,80,0.0008
33,12,1,100000,24,0.00024,62,0.00062
33,12,2,100000,38,0.00038,78,0.00078
33,12,3,100000,35,0.00035,81,0.00081
33,12,4,100000,27,0.00027,69,0.00069
33,12,5,100000,42,0.00042,75,0.00075
33,13,0,100000,49,0.00049,73,0.00073
33,13,1,100000,37,0.00037,78,0.00078
33,13,2,100000,35,0.00035,71,0.00071
33,13,3,100000,31,0.00031,75,0.00075
33,13,4,100000,42,0.00042,71,0.00071
33,13,5,100000,45,0.00045,69,0.00069
33,14,0,100000,27,0.00027,69,0.00069
33,14,1,100000,18,0.00018,73,0.00073
33,14,2,100000,32,0.00032,76,0.00076
33,14,3,100000,30,0.0003,75,0.00075
33,14,4,100000,35,0.00035,87,0.00087
33,14,5,100000,30,0.0003,68,0.00068
33,15,0,100000,16,0.00016,67,0.00067
33,15,1,100000,32,0.00032,75,0.00075
33,15,2,100000,38,0.00038,72,0.00072
33,15,3,100000,29,0.00029,65,0.00065
33,15,4,100000,44,0.00044,83,0.00083
33,15,5,100000,43,0.00043,78,0.00078
33,16,0,100000,22,0.00022,60,0.0006
33,16,1,100000,30,0.0003,69,0.00069
33,16,2,100000,39,0.00039,80,0.0008
33,16,3,100000,33,0.00033,61,0.00061
33,16,4,100000,40,0.0004,77,0.00077
33,16,5,100000,28,0.00028,70,0.0007
33,17,0,100000,26,0.00026,75,0.00075
33,17,1,100000,36,0.00036,74,0.00074
33,17,2,100000,29,0.00029,77,0.00077
33,17,3,100000,41,0.00041,84,0.00084
33,17,4,100000,22,0.00022,60,0.0006
33,17,5,100000,31,0.00031,74,0.00074
33,18,0,100000,18,0.00018,57,0.00057
33,18,1,100000,32,0.00032,82,0.00082
33,18,2,100000,43,0.00043,85,0.00085
33,18,3,100000,31,0.00031,82,0.00082
33,18,4,100000,24,0.00024,59,0.00059
33,18,5,100000,40,0.0004,75,0.00075
33,19,0,100000,27,0.00027,74,0.00074
33,19,1,100000,17,0.00017,66,0.00066
33,19,2,100000,40,0.0004,75,0.00075
33,19,3,100000,25,0.00025,83,0.00083
33,19,4,100000,29,0.00029,81,0.00081
33,19,5,100000,21,0.00021,61,0.00061
33,20,0,100000,43,0.00043,62,0.00062
33,20,1,100000,17,0.00017,71,0.00071
33,20,2,100000,40,0.0004,71,0.00071
33,20,3,100000,34,0.00034,83,0.00083
33,20,4,100000,24,0.00024,70,0.0007
33,20,5,100000,23,0.00023,73,0.00073
33,21,0,100000,44,0.00044,80,0.0008
33,21,1,100000,13,0.00013,69,0.00069
33,21,2,100000,33,0.00033,67,0.00067
33,21,3,100000,27,0.00027,75,0.00075
33,21,4,100000,16,0.00016,64,0.00064
33,21,5,100000,23,0.00023,76,0.00076
33,22,0,100000,13,0.00013,67,0.00067
33,22,1,100000,31,0.00031,73,0.00073
33,22,2,100000,32,0.00032,79,0.00079
33,22,3,100000,40,0.0004,82,0.00082
33,22,4,100000,19,0.00019,75,0.00075
33,22,5,100000,32,0.00032,79,0.00079
33,23,0,100000,19,0.00019,67,0.00067
33,23,1,100000,24,0.00024,78,0.00078
33,23,2,100000,32,0.00032,66,0.00066
33,23,3,100000,64,0.00064,71,0.00071
33,23,4,100000,17,0.00017,71,0.00071
33,23,5,100000,28,0.00028,67,0.00067
33,24,0,100000,42,0.00042,78,0.00078
33,24,1,100000,21,0.00021,56,0.00056
33,24,2,100000,37,0.00037,78,0.00078
33,24,3,100000,44,0.00044,79,0.00079
33,24,4,100000,29,0.00029,73,0.00073
33,24,5,100000,35,0.00035,66,0.00066
33,25,0,100000,24,0.00024,68,0.00068
33,25,1,100000,34,0.00034,73,0.00073
33,25,2,100000,27,0.00027,64,0.00064
33,25,3,100000,31,0.00031,76,0.00076
33,25,4,100000,26,0.00026,65,0.00065
33,25,5,100000,28,0.00028,79,0.00079
33,26,0,100000,40,0.0004,86,0.00086
33,26,1,100000,53,0.00053,89,0.00089
33,26,2,100000,37,0.00037,89,0.00089
33,26,3,100000,35,0.00035,76,0.00076
33,26,4,100000,28,0.00028,77,0.00077
33,26,5,100000,34,0.00034,75,0.00075
33,27,0,100000,23,0.00023,77,0.00077
33,27,1,100000,38,0.00038,84,0.00084
33,27,2,100000,24,0.00024,70,0.0007
33,27,3,100000,12,0.00012,76,0.00076
33,27,4,100000,28,0.00028,91,0.00091
33,27,5,100000,26,0.00026,65,0.00065
33,28,0,100000,39,0.00039,74,0.00074
33,28,1,100000,24,0.00024,79,0.00079
33,28,2,100000,25,0.00025,84,0.00084
33,28,3,100000,25,0.00025,80,0.0008
33,28,4,100000,34,0.00034,62,0.00062
33,28,5,100000,29,0.00029,67,0.00067
33,29,0,100000,32,0.00032,63,0.00063
33,29,1,100000,32,0.00032,80,0.0008
33,29,2,100000,27,0.00027,76,0.00076
33,29,3,100000,32,0.00032,73,0.00073
33,29,4,100000,48,0.00048,94,0.00094
33,29,5,100000,25,0.00025,78,0.00078
33,30,0,100000,26,0.00026,69,0.00069
33,30,1,100000,54,0.00054,79,0.00079
33,30,2,100000,26,0.00026,77,0.00077
33,30,3,100000,36,0.00036,70,0.0007
33,30,4,100000,49,0.00049,76,0.00076
33,30,5,100000,42,0.00042,82,0.00082
33,31,0,100000,39,0.00039,70,0.0007
33,31,1,100000,26,0.00026,82,0.00082
33,31,2,100000,32,0.00032,89,0.00089
33,31,3,100000,35,0.00035,88,0.00088
33,31,4,100000,45,0.00045,77,0.00077
33,31,5,100000,33,0.00033,60,0.0006
33,32,0,100000,28,0.00028,80,0.0008
33,32,1,100000,28,0.00028,75,0.00075
33,32,2,100000,28,0.00028,82,0.00082
33,32,3,100000,35,0.00035,74,0.00074
33,32,4,100000,14,0.00014,76,0.00076
33,32,5,100000,37,0.00037,102,0.00102
33,33,0,100000,42,0.00042,61,0.00061
33,33,1,100000,38,0.00038,67,0.00067
33,33,2,100000,57,0.00057,85,0.00085
33,33,3,100000,24,0.00024,63,0.00063
33,33,4,100000,29,0.00029,80,0.0008
33,33,5,100000,42,0.00042,80,0.0008
33,34,0,100000,27,0.00027,70,0.0007
33,34,1,100000,20,0.0002,75,0.00075
33,34,2,100000,25,0.00025,62,0.00062
33,34,3,100000,32,0.00032,78,0.00078
33,34,4,100000,35,0.00035,75,0.00075
33,34,5,100000,26,0.00026,58,0.00058
33,35,0,100000,34,0.00034,85,0.00085
33,35,1,100000,31,0.00031,66,0.00066
33,35,2,100000,53,0.00053,65,0.00065
33,35,3,100000,31,0.00031,69,0.00069
33,35,4,100000,39,0.00039,80,0.0008
33,35,5,100000,15,0.00015,64,0.00064
33,36,0,100000,23,0.00023,89,0.00089
33,36,1,100000,22,0.00022,64,0.00064
33,36,2,100000,39,0.00039,74,0.00074
33,36,3,100000,38,0.00038,69,0.00069
33,36,4,100000,14,0.00014,53,0.00053
33,36,5,100000,22,0.00022,66,0.00066
33,37,0,100000,49,0.00049,90,0.0009
33,37,1,100000,36,0.00036,69,0.00069
33,37,2,100000,29,0.00029,72,0.00072
33,37,3,100000,19,0.00019,68,0.00068
33,37,4,100000,31,0.00031,76,0.00076
33,37,5,100000,34,0.00034,87,0.00087
33,38,0,100000,31,0.00031,78,0.00078
33,38,1,100000,28,0.00028,73,0.00073
33,38,2,100000,28,0.00028,67,0.00067
33,38,3,100000,37,0.00037,81,0.00081
33,38,4,100000,18,0.00018,62,0.00062
33,38,5,100000,40,0.0004,67,0.00067
33,39,0,100000,26,0.00026,62,0.00062
33,39,1,100000,20,0.0002,72,0.00072
33,39,2,100000,34,0.00034,72,0.00072
33,39,3,100000,28,0.00028,77,0.00077
33,39,4,100000,36,0.00036,70,0.0007
33,39,5,100000,34,0.00034,68,0.00068
33,40,0,100000,15,0.00015,63,0.00063
33,40,1,100000,18,0.00018,67,0.00067
33,40,2,100000,23,0.00023,81,0.00081
33,40,3,100000,32,0.00032,64,0.00064
33,40,4,100000,23,0.00023,66,0.00066
33,40,5,100000,22,0.00022,72,0.00072
33,41,0,100000,21,0.00021,75,0.00075
33,41,1,100000,19,0.00019,64,0.00064
33,41,2,100000,36,0.00036,68,0.00068
33,41,3,100000,24,0.00024,64,0.00064
33,41,4,100000,45,0.00045,79,0.00079
33,41,5,100000,38,0.00038,74,0.00074
33,42,0,100000,33,0.00033,79,0.00079
33,42,1,100000,24,0.00024,73,0.00073
33,42,2,100000,30,0.0003,79,0.00079
33,42,3,100000,42,0.00042,83,0.00083
33,42,4,100000,20,0.0002,80,0.0008
33,42,5,100000,14,0.00014,76,0.00076
33,43,0,100000,36,0.00036,85,0.00085
33,43,1,100000,18,0.00018,56,0.00056
33,43,2,100000,42,0.00042,75,0.00075
33,43,3,100000,29,0.00029,81,0.00081
33,43,4,100000,44,0.00044,76,0.00076
33,43,5,100000,30,0.0003,75,0.00075
33,44,0,100000,39,0.00039,66,0.00066
33,44,1,100000,46,0.00046,86,0.00086
33,44,2,100000,15,0.00015,67,0.00067
33,44,3,100000,54,0.00054,96,0.00096
33,44,4,100000,37,0.00037,66,0.00066
33,44,5,100000,44,0.00044,84,0.00084
33,45,0,100000,47,0.00047,97,0.00097
33,45,1,100000,30,0.0003,64,0.00064
33,45,2,100000,39,0.00039,61,0.00061
33,45,3,100000,16,0.00016,70,0.0007
33,45,4,100000,45,0.00045,73,0.00073
33,45,5,100000,31,0.00031,75,0.00075
33,46,0,100000,33,0.00033,74,0.00074
33,46,1,100000,30,0.0003,64,0.00064
33,46,2,100000,28,0.00028,88,0.00088
33,46,3,100000,24,0.00024,70,0.0007
33,46,4,100000,37,0.00037,78,0.00078
33,46,5,100000,13,0.00013,69,0.00069
33,47,0,100000,29,0.00029,62,0.00062
33,47,1,100000,56,0.00056,85,0.00085
33,47,2,100000,31,0.00031,79,0.00079
33,47,3,100000,62,0.00062,103,0.00103
33,47,4,100000,44,0.00044,81,0.00081
33,47,5,100000,20,0.0002,71,0.00071
33,48,0,100000,24,0.00024,82,0.00082
33,48,1,100000,24,0.00024,57,0.00057
33,48,2,100000,46,0.00046,80,0.0008
33,48,3,100000,36,0.00036,60,0.0006
33,48,4,100000,45,0.00045,84,0.00084
33,48,5,100000,22,0.00022,69,0.00069
33,49,0,100000,21,0.00021,73,0.00073
33,49,1,100000,20,0.0002,88,0.00088
33,49,2,100000,16,0.00016,58,0.00058
33,49,3,100000,33,0.00033,79,0.00079
33,49,4,100000,31,0.00031,81,0.00081
33,49,5,100000,28,0.00028,72,0.00072
33,50,0,100000,37,0.00037,63,0.00063
33,50,1,100000,37,0.00037,73,0.00073
33,50,2,100000,36,0.00036,71,0.00071
33,50,3,100000,26,0.00026,72,0.00072
33,50,4,100000,22,0.00022,64,0.00064
33,50,5,100000,20,0.0002,62,0.00062
34,-50,0,100000,19,0.00019,74,0.00074
34,-50,1,100000,25,0.00025,57,0.00057
34,-50,2,100000,30,0.0003,73,0.00073
34,-50,3,100000,27,0.00027,61,0.00061
34,-50,4,100000,21,0.00021,80,0.0008
34,-50,5,100000,45,0.00045,84,0.00084
34,-49,0,100000,37,0.00037,83,0.00083
34,-49,1,100000,24,0.00024,78,0.00078
34,-49,2,100000,20,0.0002,64,0.00064
34,-49,3,100000,21,0.00021,83,0.00083
34,-49,4,100000,21,0.00021,71,0.00071
34,-49,5,100000,34,0.00034,85,0.00085
34,-48,0,100000,33,0.00033,79,0.00079
34,-48,1,100000,39,0.00039,63,0.00063
34,-48,2,100000,27,0.00027,67,0.00067
34,-48,3,100000,20,0.0002,76,0.00076
34,-48,4,100000,25,0.00025,64,0.00064
34,-48,5,100000,29,0.00029,84,0.00084
34,-47,0,100000,36,0.00036,72,0.00072
34,-47,1,100000,23,0.00023,61,0.00061
34,-47,2,100000,29,0.00029,60,0.0006
34,-47,3,100000,35,0.00035,73,0.00073
34,-47,4,100000,24,0.00024,68,0.00068
34,-47,5,100000,23,0.00023,61,0.00061
34,-46,0,100000,37,0.00037,84,0.00084
34,-46,1,100000,44,0.00044,73,0.00073
34,-46,2,100000,28,0.00028,75,0.00075
34,-46,3,100000,16,0.00016,65,0.00065
34,-46,4,100000,43,0.00043,73,0.00073
34,-46,5,100000,19,0.00019,81,0.00081
34,-45,0,100000,16,0.00016,61,0.00061
34,-45,1,100000,42,0.00042,64,0.00064
34,-45,2,100000,37,0.00037,71,0.00071
34,-45,3,100000,38,0.00038,82,0.00082
34,-45,4,100000,34,0.00034,71,0.00071
34,-45,5,100000,26,0.00026,66,0.00066
34,-44,0,100000,48,0.00048,93,0.00093
34,-44,1,100000,29,0.00029,76,0.00076
34,-44,2,100000,20,0.0002,74,0.00074
34,-44,3,100000,31,0.00031,76,0.00076
34,-44,4,100000,22,0.00022,75,0.00075
34,-44,5,100000,33,0.00033,73,0.00073
34,-43,0,100000,26,0.00026,67,0.00067
34,-43,1,100000,18,0.00018,57,0.00057
34,-43,2,100000,23,0.00023,60,0.0006
34,-43,3,100000,16,0.00016,59,0.00059
34,-43,4,100000,15,0.00015,56,0.00056
34,-43,5,100000,17,0.00017,67,0.00067
34,-42,0,100000,29,0.00029,67,0.00067
34,-42,1,100000,31,0.00031,67,0.00067
34,-42,2,100000,45,0.00045,82,0.00082
34,-42,3,100000,37,0.00037,77,0.00077
34,-42,4,100000,22,0.00022,60,0.0006
34,-42,5,100000,24,0.00024,70,0.0007
34,-41,0,100000,19,0.00019,62,0.00062
34,-41,1,100000,24,0.00024,70,0.0007
34,-41,2,100000,25,0.00025,74,0.00074
34,-41,3,100000,27,0.00027,82,0.00082
34,-41,4,100000,29,0.00029,57,0.00057
34,-41,5,100000,24,0.00024,85,0.00085
34,-40,0,100000,36,0.00036,84,0.00084
34,-40,1,100000,30,0.0003,79,0.00079
34,-40,2,100000,53,0.00053,66,0.00066
34,-40,3,100000,49,0.00049,92,0.00092
34,-40,4,100000,32,0.00032,66,0.00066
34,-40,5,100000,27,0.00027,74,0.00074
34,-39,0,100000,43,0.00043,78,0.00078
34,-39,1,100000,27,0.00027,68,0.00068
34,-39,2,100000,25,0.00025,73,0.00073
34,-39,3,100000,26,0.00026,76,0.00076
34,-39,4,100000,22,0.00022,77,0.00077
34,-39,5,100000,32,0.00032,64,0.00064
34,-38,0,100000,46,0.00046,80,0.0008
34,-38,1,100000,29,0.00029,69,0.00069
34,-38,2,100000,18,0.00018,64,0.00064
34,-38,3,100000,22,0.00022,72,0.00072
34,-38,4,100000,33,0.00033,72,0.00072
34,-38,5,100000,50,0.0005,82,0.00082
34,-37,0,100000,24,0.00024,69,0.00069
34,-37,1,100000,17,0.00017,79,0.00079
34,-37,2,100000,57,0.00057,85,0.00085
34,-37,3,100000,33,0.00033,72,0.00072
34,-37,4,100000,38,0.00038,72,0.00072
34,-37,5,100000,21,0.00021,80,0.0008
34,-36,0,100000,33,0.00033,71,0.00071
34,-36,1,100000,27,0.00027,81,0.00081
34,-36,2,100000,27,0.00027,58,0.00058
34,-36,3,100000,24,0.00024,61,0.00061
34,-36,4,100000,26,0.00026,75,0.00075
34,-36,5,100000,38,0.00038,82,0.00082
34,-35,0,100000,41,0.00041,82,0.00082
34,-35,1,100000,24,0.00024,84,0.00084
34,-35,2,100000,25,0.00025,72,0.00072
34,-35,3,100000,34,0.00034,73,0.00073
34,-35,4,100000,43,0.00043,76,0.00076
34,-35,5,100000,26,0.00026,64,0.00064
34,-34,0,100000,17,0.00017,73,0.00073
34,-34,1,100000,39,0.00039,80,0.0008
34,-34,2,100000,27,0.00027,68,0.00068
34,-34,3,100000,33,0.00033,73,0.00073
34,-34,4,100000,25,0.00025,71,0.00071
34,-34,5,100000,35,0.00035,71,0.00071
34,-33,0,100000,17,0.00017,59,0.00059
34,-33,1,100000,38,0.00038,88,0.00088
34,-33,2,100000,28,0.00028,81,0.00081
34,-33,3,100000,32,0.00032,60,0.0006
34,-33,4,100000,25,0.00025,69,0.00069
34,-33,5,100000,19,0.00019,67,0.00067
34,-32,0,100000,18,0.00018,80,0.0008
34,-32,1,100000,52,0.00052,81,0.00081
34,-32,2,100000,34,0.00034,78,0.00078
34,-32,3,100000,28,0.00028,66,0.00066
34,-32,4,100000,32,0.00032,78,0.00078
34,-32,5,100000,18,0.00018,76,0.00076
34,-31,0,100000,31,0.00031,60,0.0006
34,-31,1,100000,21,0.00021,57,0.00057
34,-31,2,100000,24,0.00024,72,0.00072
34,-31,3,100000,23,0.00023,70,0.0007
34,-31,4,100000,28,0.00028,62,0.00062
34,-31,5,100000,39,0.00039,71,0.00071
34,-30,0,100000,49,0.00049,73,0.00073
34,-30,1,100000,23,0.00023,69,0.00069
34,-30,2,100000,25,0.00025,72,0.00072
34,-30,3,100000,41,0.00041,71,0.00071
34,-30,4,100000,19,0.00019,63,0.00063
34,-30,5,100000,28,0.00028,57,0.00057
34,-29,0,100000,19,0.00019,71,0.00071
34,-29,1,100000,18,0.00018,70,0.0007
34,-29,2,100000,32,0.00032,81,0.00081
34,-29,3,100000,19,0.00019,64,0.00064
34,-29,4,100000,38,0.00038,59,0.00059
34,-29,5,100000,33,0.00033,71,0.00071
34,-28,0,100000,25,0.00025,71,0.00071
34,-28,1,100000,32,0.00032,64,0.00064
34,-28,2,100000,24,0.00024,61,0.00061
34,-28,3,100000,44,0.00044,88,0.00088
34,-28,4,100000,25,0.00025,76,0.00076
34,-28,5,100000,43,0.00043,71,0.00071
34,-27,0,100000,35,0.00035,76,0.00076
34,-27,1,100000,43,0.00043,63,0.00063
34,-27,2,100000,22,0.00022,67,0.00067
34,-27,3,100000,19,0.00019,71,0.00071
34,-27,4,100000,50,0.0005,90,0.0009
34,-27,5,100000,37,0.00037,73,0.00073
34,-26,0,100000,46,0.00046,80,0.0008
34,-26,1,100000,27,0.00027,77,0.00077
34,-26,2,100000,32,0.00032,77,0.00077
34,-26,3,100000,21,0.00021,72,0.00072
34,-26,4,100000,21,0.00021,77,0.00077
34,-26,5,100000,25,0.00025,81,0.00081
34,-25,0,100000,15,0.00015,61,0.00061
34,-25,1,100000,31,0.00031,64,0.00064
34,-25,2,100000,26,0.00026,67,0.00067
34,-25,3,100000,15,0.00015,73,0.00073
34,-25,4,100000,43,0.00043,92,0.00092
34,-25,5,100000,49,0.00049,83,0.00083
34,-24,0,100000,18,0.00018,70,0.0007
34,-24,1,100000,40,0.0004,75,0.00075
34,-24,2,100000,30,0.0003,78,0.00078
34,-24,3,100000,26,0.00026,76,0.00076
34,-24,4,100000,35,0.00035,78,0.00078
34,-24,5,100000,17,0.00017,80,0.0008
34,-23,0,100000,30,0.0003,81,0.00081
34,-23,1,100000,34,0.00034,74,0.00074
34,-23,2,100000,17,0.00017,68,0.00068
34,-23,3,100000,36,0.00036,70,0.0007
34,-23,4,100000,45,0.00045,77,0.00077
34,-23,5,100000,27,0.00027,70,0.0007
34,-22,0,100000,44,0.00044,69,0.00069
34,-22,1,100000,39,0.00039,73,0.00073
34,-22,2,100000,25,0.00025,82,0.00082
34,-22,3,100000,20,0.0002,78,0.00078
34,-22,4,100000,27,0.00027,73,0.00073
34,-22,5,100000,44,0.00044,71,0.00071
34,-21,0,100000,34,0.00034,58,0.00058
34,-21,1,100000,42,0.00042,75,0.00075
34,-21,2,100000,42,0.00042,71,0.00071
34,-21,3,100000,18,0.00018,60,0.0006
34,-21,4,100000,29,0.00029,81,0.00081
34,-21,5,100000,25,0.00025,71,0.00071
34,-20,0,100000,20,0.0002,63,0.00063
34,-20,1,100000,23,0.00023,60,0.0006
34,-20,2,100000,20,0.0002,78,0.00078
34,-20,3,100000,34,0.00034,80,0.0008
34,-20,4,100000,25,0.00025,66,0.00066
34,-20,5,100000,40,0.0004,76,0.00076
34,-19,0,100000,32,0.00032,72,0.00072
34,-19,1,100000,13,0.00013,66,0.00066
34,-19,2,100000,27,0.00027,79,0.00079
34,-19,3,100000,30,0.0003,86,0.00086
34,-19,4,100000,29,0.00029,81,0.00081
34,-19,5,100000,31,0.00031,73,0.00073
34,-18,0,100000,38,0.00038,76,0.00076
34,-18,1,100000,22,0.00022,64,0.00064
34,-18,2,100000,29,0.00029,78,0.00078
34,-18,3,100000,30,0.0003,66,0.00066
34,-18,4,100000,34,0.00034,71,0.00071
34,-18,5,100000,39,0.00039,88,0.00088
34,-17,0,100000,36,0.00036,75,0.00075
34,-17,1,100000,32,0.00032,79,0.00079
34,-17,2,100000,28,0.00028,85,0.00085
34,-17,3,100000,60,0.0006,68,0.00068
34,-17,4,100000,27,0.00027,64,0.00064
34,-17,5,100000,24,0.00024,79,0.00079
34,-16,0,100000,29,0.00029,75,0.00075
34,-16,1,100000,36,0.00036,79,0.00079
34,-16,2,100000,29,0.00029,58,0.00058
34,-16,3,100000,25,0.00025,72,0.00072
34,-16,4,100000,27,0.00027,71,0.00071
34,-16,5,100000,30,0.0003,78,0.00078
34,-15,0,100000,38,0.00038,83,0.00083
34,-15,1,100000,25,0.00025,63,0.00063
34,-15,2,100000,46,0.00046,76,0.00076
34,-15,3,100000,40,0.0004,72,0.00072
34,-15,4,100000,28,0.00028,81,0.00081
34,-15,5,100000,26,0.00026,65,0.00065
34,-14,0,100000,31,0.00031,73,0.00073
34,-14,1,100000,40,0.0004,89,0.00089
34,-14,2,100000,41,0.00041,72,0.00072
34,-14,3,100000,31,0.00031,73,0.00073
34,-14,4,100000,38,0.00038,77,0.00077
34,-14,5,100000,19,0.00019,73,0.00073
34,-13,0,100000,39,0.00039,80,0.0008
34,-13,1,100000,32,0.00032,73,0.00073
34,-13,2,100000,40,0.0004,72,0.00072
34,-13,3,100000,26,0.00026,71,0.00071
34,-13,4,100000,24,0.00024,57,0.00057
34,-13,5,100000,48,0.00048,71,0.00071
34,-12,0,100000,19,0.00019,70,0.0007
34,-12,1,100000,33,0.00033,74,0.00074
34,-12,2,100000,23,0.00023,60,0.0006
34,-12,3,100000,30,0.0003,68,0.00068
34,-12,4,100000,17,0.00017,64,0.00064
34,-12,5,100000,26,0.00026,82,0.00082
34,-11,0,100000,30,0.0003,70,0.0007
34,-11,1,100000,26,0.00026,77,0.00077
34,-11,2,100000,47,0.00047,75,0.00075
34,-11,3,100000,33,0.00033,74,0.00074
34,-11,4,100000,14,0.00014,71,0.00071
34,-11,5,100000,22,0.00022,70,0.0007
34,-10,0,100000,24,0.00024,85,0.00085
34,-10,1,100000,38,0.00038,87,0.00087
34,-10,2,100000,26,0.00026,78,0.00078
34,-10,3,100000,24,0.00024,70,0.0007
34,-10,4,100000,19,0.00019,54,0.00054
34,-10,5,100000,33,0.00033,74,0.00074
34,-9,0,100000,28,0.00028,83,0.00083
34,-9,1,100000,17,0.00017,63,0.00063
34,-9,2,100000,35,0.00035,79,0.00079
34,-9,3,100000,51,0.00051,66,0.00066
34,-9,4,100000,20,0.0002,70,0.0007
34,-9,5,100000,32,0.00032,78,0.00078
34,-8,0,100000,28,0.00028,63,0.00063
34,-8,1,100000,28,0.00028,69,0.00069
34,-8,2,100000,31,0.00031,65,0.00065
34,-8,3,100000,30,0.0003,49,0.00049
34,-8,4,100000,23,0.00023,68,0.00068
34,-8,5,100000,40,0.0004,102,0.00102
34,-7,0,100000,40,0.0004,90,0.0009
34,-7,1,100000,33,0.00033,75,0.00075
34,-7,2,100000,30,0.0003,71,0.00071
34,-7,3,100000,30,0.0003,73,0.00073
34,-7,4,100000,38,0.00038,70,0.0007
34,-7,5,100000,33,0.00033,70,0.0007
34,-6,0,100000,28,0.00028,80,0.0008
34,-6,1,100000,51,0.00051,78,0.00078
34,-6,2,100000,16,0.00016,63,0.00063
34,-6,3,100000,16,0.00016,66,0.00066
34,-6,4,100000,30,0.0003,80,0.0008
34,-6,5,100000,38,0.00038,72,0.00072
34,-5,0,100000,41,0.00041,83,0.00083
34,-5,1,100000,50,0.0005,79,0.00079
34,-5,2,100000,35,0.00035,74,0.00074
34,-5,3,100000,35,0.00035,63,0.00063
34,-5,4,100000,23,0.00023,71,0.00071
34,-5,5,100000,29,0.00029,72,0.00072
34,-4,0,100000,38,0.00038,75,0.00075
34,-4,1,100000,23,0.00023,77,0.00077
34,-4,2,100000,32,0.00032,56,0.00056
34,-4,3,100000,38,0.00038,76,0.00076
34,-4,4,100000,33,0.00033,72,0.00072
34,-4,5,100000,23,0.00023,73,0.00073
34,-3,0,100000,39,0.00039,74,0.00074
34,-3,1,100000,29,0.00029,76,0.00076
34,-3,2,100000,31,0.00031,65,0.00065
34,-3,3,100000,29,0.00029,78,0.00078
34,-3,4,100000,10,0.0001,59,0.00059
34,-3,5,100000,19,0.00019,74,0.00074
34,-2,0,100000,39,0.00039,66,0.00066
34,-2,1,100000,33,0.00033,71,0.00071
34,-2,2,100000,40,0.0004,79,0.00079
34,-2,3,100000,20,0.0002,77,0.00077
34,-2,4,100000,17,0.00017,54,0.00054
34,-2,5,100000,23,0.00023,68,0.00068
34,-1,0,100000,34,0.00034,76,0.00076
34,-1,1,100000,22,0.00022,74,0.00074
34,-1,2,100000,9,9e-05,77,0.00077
34,-1,3,100000,29,0.00029,60,0.0006
34,-1,4,100000,36,0.00036,78,0.00078
34,-1,5,100000,26,0.00026,77,0.00077
34,0,0,100000,32,0.00032,81,0.00081
34,0,1,100000,36,0.00036,75,0.00075
34,0,2,100000,23,0.00023,75,0.00075
34,0,3,100000,41,0.00041,84,0.00084
34,0,4,100000,31,0.00031,87,0.00087
34,0,5,100000,37,0.00037,77,0.00077
34,1,0,100000,38,0.00038,82,0.00082
34,1,1,100000,36,0.00036,86,0.00086
34,1,2,100000,48,0.00048,77,0.00077
34,1,3,100000,41,0.00041,83,0.00083
34,1,4,100000,18,0.00018,79,0.00079
34,1,5,100000,45,0.00045,73,0.00073
34,2,0,100000,20,0.0002,61,0.00061
34,2,1,100000,30,0.0003,65,0.00065
34,2,2,100000,43,0.00043,87,0.00087
34,2,3,100000,40,0.0004,82,0.00082
34,2,4,100000,22,0.00022,74,0.00074
34,2,5,100000,37,0.00037,70,0.0007
34,3,0,100000,29,0.00029,79,0.00079
34,3,1,100000,31,0.00031,80,0.0008
34,3,2,100000,27,0.00027,89,0.00089
34,3,3,100000,20,0.0002,78,0.00078
34,3,4,100000,37,0.00037,69,0.00069
34,3,5,100000,38,0.00038,91,0.00091
34,4,0,100000,32,0.00032,72,0.00072
34,4,1,100000,19,0.00019,68,0.00068
34,4,2,100000,29,0.00029,74,0.00074
34,4,3,100000,24,0.00024,67,0.00067
34,4,4,100000,23,0.00023,65,0.00065
34,4,5,100000,28,0.00028,76,0.00076
34,5,0,100000,11,0.00011,71,0.00071
34,5,1,100000,37,0.00037,66,0.00066
34,5,2,100000,18,0.00018,79,0.00079
34,5,3,100000,29,0.00029,74,0.00074
34,5,4,100000,27,0.00027,79,0.00079
34,5,5,100000,28,0.00028,74,0.00074
34,6,0,100000,37,0.00037,78,0.00078
34,6,1,100000,47,0.00047,66,0.00066
34,6,2,100000,18,0.00018,81,0.00081
34,6,3,100000,28,0.00028,84,0.00084
34,6,4,100000,36,0.00036,56,0.00056
34,6,5,100000,27,0.00027,67,0.00067
34,7,0,100000,23,0.00023,62,0.00062
34,7,1,100000,17,0.00017,59,0.00059
34,7,2,100000,14,0.00014,67,0.00067
34,7,3,100000,32,0.00032,77,0.00077
34,7,4,100000,20,0.0002,84,0.00084
34,7,5,100000,18,0.00018,68,0.00068
34,8,0,100000,27,0.00027,69,0.00069
34,8,1,100000,46,0.00046,77,0.00077
34,8,2,100000,35,0.00035,76,0.00076
34,8,3,100000,38,0.00038,73,0.00073
34,8,4,100000,23,0.00023,86,0.00086
34,8,5,100000,7,7e-05,55,0.00055
34,9,0,100000,20,0.0002,72,0.00072
34,9,1,100000,7,7e-05,60,0.0006
34,9,2,100000,19,0.00019,71,0.00071
34,9,3,100000,26,0.00026,65,0.00065
34,9,4,100000,24,0.00024,63,0.00063
34,9,5,100000,34,0.00034,60,0.0006
34,10,0,100000,30,0.0003,77,0.00077
34,10,1,100000,30,0.0003,81,0.00081
34,10,2,100000,24,0.00024,82,0.00082
34,10,3,100000,32,0.00032,74,0.00074
34,10,4,100000,28,0.00028,78,0.00078
34,10,5,100000,22,0.00022,71,0.00071
34,11,0,100000,25,0.00025,82,0.00082
34,11,1,100000,35,0.00035,77,0.00077
34,11,2,100000,25,0.00025,63,0.00063
34,11,3,100000,33,0.00033,78,0.00078
34,11,4,100000,25,0.00025,71,0.00071
34,11,5,100000,21,0.00021,76,0.00076
34,12,0,100000,37,0.00037,76,0.00076
34,12,1,100000,33,0.00033,82,0.00082
34,12,2,100000,29,0.00029,68,0.00068
34,12,3,100000,21,0.00021,60,0.0006
34,12,4,100000,32,0.00032,80,0.0008
34,12,5,100000,23,0.00023,75,0.00075
34,13,0,100000,30,0.0003,61,0.00061
34,13,1,100000,24,0.00024,70,0.0007
34,13,2,100000,30,0.0003,77,0.00077
34,13,3,100000,46,0.00046,94,0.00094
34,13,4,100000,37,0.00037,66,0.00066
34,13,5,100000,20,0.0002,75,0.00075
34,14,0,100000,30,0.0003,72,0.00072
34,14,1,100000,26,0.00026,81,0.00081
34,14,2,100000,42,0.00042,69,0.00069
34,14,3,100000,37,0.00037,65,0.00065
34,14,4,100000,29,0.00029,73,0.00073
34,14,5,100000,39,0.00039,67,0.00067
34,15,0,100000,38,0.00038,74,0.00074
34,15,1,100000,31,0.00031,65,0.00065
34,15,2,100000,19,0.00019,60,0.0006
34,15,3,100000,42,0.00042,82,0.00082
34,15,4,100000,30,0.0003,59,0.00059
34,15,5,100000,24,0.00024,75,0.00075
34,16,0,100000,25,0.00025,84,0.00084
34,16,1,100000,32,0.00032,65,0.00065
34,16,2,100000,17,0.00017,67,0.00067
34,16,3,100000,27,0.00027,63,0.00063
34,16,4,100000,25,0.00025,66,0.00066
34,16,5,100000,39,0.00039,63,0.00063
34,17,0,100000,26,0.00026,68,0.00068
34,17,1,100000,41,0.00041,65,0.00065
34,17,2,100000,24,0.00024,74,0.00074
34,17,3,100000,13,0.00013,67,0.00067
34,17,4,100000,31,0.00031,68,0.00068
34,17,5,100000,42,0.00042,81,0.00081
34,18,0,100000,38,0.00038,69,0.00069
34,18,1,100000,21,0.00021,76,0.00076
34,18,2,100000,21,0.00021,70,0.0007
34,18,3,100000,27,0.00027,67,0.00067
34,18,4,100000,28,0.00028,73,0.00073
34,18,5,100000,33,0.00033,67,0.00067
34,19,0,100000,29,0.00029,60,0.0006
34,19,1,100000,43,0.00043,74,0.00074
34,19,2,100000,26,0.00026,70,0.0007
34,19,3,100000,22,0.00022,69,0.00069
34,19,4,100000,30,0.0003,79,0.00079
34,19,5,100000,26,0.00026,73,0.00073
34,20,0,100000,28,0.00028,73,0.00073
34,20,1,100000,17,0.00017,67,0.00067
34,20,2,100000,36,0.00036,59,0.00059
34,20,3,100000,32,0.00032,84,0.00084
34,20,4,100000,32,0.00032,82,0.00082
34,20,5,100000,33,0.00033,71,0.00071
34,21,0,100000,16,0.00016,66,0.00066
34,21,1,100000,27,0.00027,67,0.00067
34,21,2,100000,17,0.00017,53,0.00053
34,21,3,100000,27,0.00027,79,0.00079
34,21,4,100000,21,0.00021,57,0.00057
34,21,5,100000,16,0.00016,68,0.00068
34,22,0,100000,16,0.00016,63,0.00063
34,22,1,100000,22,0.00022,80,0.0008
34,22,2,100000,46,0.00046,57,0.00057
34,22,3,100000,33,0.00033,75,0.00075
34,22,4,100000,21,0.00021,68,0.00068
34,22,5,100000,20,0.0002,70,0.0007
34,23,0,100000,25,0.00025,71,0.00071
34,23,1,100000,28,0.00028,72,0.00072
34,23,2,100000,37,0.00037,68,0.00068
34,23,3,100000,43,0.00043,71,0.00071
34,23,4,100000,44,0.00044,72,0.00072
34,23,5,100000,18,0.00018,51,0.00051
34,24,0,100000,19,0.00019,72,0.00072
34,24,1,100000,25,0.00025,69,0.00069
34,24,2,100000,24,0.00024,67,0.00067
34,24,3,100000,25,0.00025,61,0.00061
34,24,4,100000,24,0.00024,80,0.0008
34,24,5,100000,24,0.00024,60,0.0006
34,25,0,100000,35,0.00035,65,0.00065
34,25,1,100000,38,0.00038,84,0.00084
34,25,2,100000,20,0.0002,76,0.00076
34,25,3,100000,31,0.00031,60,0.0006
34,25,4,100000,29,0.00029,69,0.00069
34,25,5,100000,37,0.00037,66,0.00066
34,26,0,100000,16,0.00016,67,0.00067
34,26,1,100000,18,0.00018,78,0.00078
34,26,2,100000,29,0.00029,75,0.00075
34,26,3,100000,9,9e-05,60,0.0006
34,26,4,100000,36,0.00036,75,0.00075
34,26,5,100000,19,0.00019,77,0.00077
34,27,0,100000,23,0.00023,76,0.00076
34,27,1,100000,42,0.00042,89,0.00089
34,27,2,100000,22,0.00022,72,0.00072
34,27,3,100000,21,0.00021,66,0.00066
34,27,4,100000,31,0.00031,68,0.00068
34,27,5,100000,31,0.00031,91,0.00091
34,28,0,100000,26,0.00026,64,0.00064
34,28,1,100000,45,0.00045,70,0.0007
34,28,2,100000,19,0.00019,83,0.00083
34,28,3,100000,27,0.00027,86,0.00086
34,28,4,100000,26,0.00026,62,0.00062
34,28,5,100000,46,0.00046,65,0.00065
34,29,0,100000,36,0.00036,77,0.00077
34,29,1,100000,16,0.00016,72,0.00072
34,29,2,100000,51,0.00051,75,0.00075
34,29,3,100000,24,0.00024,84,0.00084
34,29,4,100000,16,0.00016,60,0.0006
34,29,5,100000,44,0.00044,91,0.00091
34,30,0,100000,28,0.00028,75,0.00075
34,30,1,100000,26,0.00026,68,0.00068
34,30,2,100000,41,0.00041,72,0.00072
34,30,3,100000,31,0.00031,85,0.00085
34,30,4,100000,33,0.00033,64,0.00064
34,30,5,100000,25,0.00025,71,0.00071
34,31,0,100000,41,0.00041,69,0.00069
34,31,1,100000,29,0.00029,67,0.00067
34,31,2,100000,19,0.00019,76,0.00076
34,31,3,100000,45,0.00045,77,0.00077
34,31,4,100000,22,0.00022,68,0.00068
34,31,5,100000,41,0.00041,79,0.00079
34,32,0,100000,47,0.00047,65,0.00065
34,32,1,100000,24,0.00024,82,0.00082
34,32,2,100000,39,0.00039,71,0.00071
34,32,3,100000,34,0.00034,68,0.00068
34,32,4,100000,25,0.00025,73,0.00073
34,32,5,100000,27,0.00027,72,0.00072
34,33,0,100000,43,0.00043,76,0.00076
34,33,1,100000,32,0.00032,72,0.00072
34,33,2,100000,24,0.00024,67,0.00067
34,33,3,100000,47,0.00047,86,0.00086
34,33,4,100000,32,0.00032,81,0.00081
34,33,5,100000,20,0.0002,67,0.00067
34,34,0,100000,20,0.0002,89,0.00089
34,34,1,100000,28,0.00028,74,0.00074
34,34,2,100000,33,0.00033,91,0.00091
34,34,3,100000,27,0.00027,67,0.00067
34,34,4,100000,49,0.00049,85,0.00085
34,34,5,100000,29,0.00029,70,0.0007
34,35,0,100000,39,0.00039,94,0.00094
34,35,1,100000,38,0.00038,53,0.00053
34,35,2,100000,24,0.00024,78,0.00078
34,35,3,100000,34,0.00034,75,0.00075
34,35,4,100000,20,0.0002,74,0.00074
34,35,5,100000,46,0.00046,69,0.00069
34,36,0,100000,22,0.00022,70,0.0007
34,36,1,100000,16,0.00016,67,0.00067
34,36,2,100000,23,0.00023,59,0.00059
34,36,3,100000,39,0.00039,69,0.00069
34,36,4,100000,46,0.00046,84,0.00084
34,36,5,100000,27,0.00027,66,0.00066
34,37,0,100000,22,0.00022,76,0.00076
34,37,1,100000,27,0.00027,72,0.00072
34,37,2,100000,25,0.00025,71,0.00071
34,37,3,100000,25,0.00025,78,0.00078
34,37,4,100000,21,0.00021,69,0.00069
34,37,5,100000,16,0.00016,62,0.00062
34,38,0,100000,13,0.00013,57,0.00057
34,38,1,100000,39,0.00039,77,0.00077
34,38,2,100000,40,0.0004,68,0.00068
34,38,3,100000,24,0.00024,65,0.00065
34,38,4,100000,32,0.00032,71,0.00071
34,38,5,100000,34,0.00034,75,0.00075
34,39,0,100000,26,0.00026,72,0.00072
34,39,1,100000,42,0.00042,73,0.00073
34,39,2,100000,38,0.00038,76,0.00076
34,39,3,100000,71,0.00071,94,0.00094
34,39,4,100000,40,0.0004,70,0.0007
34,39,5,100000,16,0.00016,72,0.00072
34,40,0,100000,33,0.00033,73,0.00073
34,40,1,100000,20,0.0002,65,0.00065
34,40,2,100000,34,0.00034,86,0.00086
34,40,3,100000,40,0.0004,81,0.00081
34,40,4,100000,27,0.00027,76,0.00076
34,40,5,100000,31,0.00031,65,0.00065
34,41,0,100000,23,0.00023,68,0.00068
34,41,1,100000,35,0.00035,70,0.0007
34,41,2,100000,32,0.00032,74,0.00074
34,41,3,100000,25,0.00025,67,0.00067
34,41,4,100000,25,0.00025,61,0.00061
34,41,5,100000,23,0.00023,61,0.00061
34,42,0,100000,32,0.00032,86,0.00086
34,42,1,100000,45,0.00045,93,0.00093
34,42,2,100000,28,0.00028,69,0.00069
34,42,3,100000,38,0.00038,82,0.00082
34,42,4,100000,12,0.00012,82,0.00082
34,42,5,100000,25,0.00025,78,0.00078
34,43,0,100000,35,0.00035,80,0.0008
34,43,1,100000,25,0.00025,59,0.00059
34,43,2,100000,36,0.00036,86,0.00086
34,43,3,100000,24,0.00024,74,0.00074
34,43,4,100000,26,0.00026,69,0.00069
34,43,5,100000,29,0.00029,63,0.00063
34,44,0,100000,41,0.00041,95,0.00095
34,44,1,100000,20,0.0002,69,0.00069
34,44,2,100000,26,0.00026,66,0.00066
34,44,3,100000,42,0.00042,83,0.00083
34,44,4,100000,16,0.00016,52,0.00052
34,44,5,100000,34,0.00034,76,0.00076
34,45,0,100000,31,0.00031,63,0.00063
34,45,1,100000,30,0.0003,77,0.00077
34,45,2,100000,29,0.00029,72,0.00072
34,45,3,100000,35,0.00035,89,0.00089
34,45,4,100000,16,0.00016,65,0.00065
34,45,5,100000,38,0.00038,89,0.00089
34,46,0,100000,34,0.00034,87,0.00087
34,46,1,100000,48,0.00048,70,0.0007
34,46,2,100000,26,0.00026,63,0.00063
34,46,3,100000,14,0.00014,56,0.00056
34,46,4,100000,28,0.00028,65,0.00065
34,46,5,100000,30,0.0003,79,0.00079
34,47,0,100000,34,0.00034,72,0.00072
34,47,1,100000,26,0.00026,66,0.00066
34,47,2,100000,27,0.00027,73,0.00073
34,47,3,100000,23,0.00023,64,0.00064
34,47,4,100000,39,0.00039,72,0.00072
34,47,5,100000,16,0.00016,66,0.00066
34,48,0,100000,37,0.00037,87,0.00087
34,48,1,100000,32,0.00032,67,0.00067
34,48,2,100000,31,0.00031,77,0.00077
34,48,3,100000,13,0.00013,79,0.00079
34,48,4,100000,43,0.00043,86,0.00086
34,48,5,100000,32,0.00032,70,0.0007
34,49,0,100000,35,0.00035,71,0.00071
34,49,1,100000,22,0.00022,57,0.00057
34,49,2,100000,31,0.00031,92,0.00092
34,49,3,100000,21,0.00021,70,0.0007
34,49,4,100000,20,0.0002,66,0.00066
34,49,5,100000,9,9e-05,56,0.00056
34,50,0,100000,36,0.00036,82,0.00082
34,50,1,100000,27,0.00027,73,0.00073
34,50,2,100000,32,0.00032,72,0.00072
34,50,3,100000,27,0.00027,65,0.00065
34,50,4,100000,25,0.00025,71,0.00071
34,50,5,100000,16,0.00016,58,0.00058
35,-50,0,100000,18,0.00018,68,0.00068
35,-50,1,100000,23,0.00023,70,0.0007
35,-50,2,100000,17,0.00017,67,0.00067
35,-50,3,100000,15,0.00015,60,0.0006
35,-50,4,100000,27,0.00027,77,0.00077
35,-50,5,100000,17,0.00017,58,0.00058
35,-49,0,100000,26,0.00026,81,0.00081
35,-49,1,100000,13,0.00013,64,0.00064
35,-49,2,100000,38,0.00038,86,0.00086
35,-49,3,100000,30,0.0003,79,0.00079
35,-49,4,100000,18,0.00018,63,0.00063
35,-49,5,100000,26,0.00026,75,0.00075
35,-48,0,100000,33,0.00033,91,0.00091
35,-48,1,100000,37,0.00037,74,0.00074
35,-48,2,100000,22,0.00022,63,0.00063
35,-48,3,100000,28,0.00028,59,0.00059
35,-48,4,100000,37,0.00037,58,0.00058
35,-48,5,100000,22,0.00022,58,0.00058
35,-47,0,100000,23,0.00023,53,0.00053
35,-47,1,100000,30,0.0003,69,0.00069
35,-47,2,100000,36,0.00036,70,0.0007
35,-47,3,100000,26,0.00026,61,0.00061
35,-47,4,100000,25,0.00025,84,0.00084
35,-47,5,100000,41,0.00041,73,0.00073
35,-46,0,100000,50,0.0005,82,0.00082
35,-46,1,100000,20,0.0002,70,0.0007
35,-46,2,100000,27,0.00027,81,0.00081
35,-46,3,100000,46,0.00046,76,0.00076
35,-46,4,100000,31,0.00031,63,0.00063
35,-46,5,100000,33,0.00033,72,0.00072
35,-45,0,100000,48,0.00048,76,0.00076
35,-45,1,100000,17,0.00017,53,0.00053
35,-45,2,100000,44,0.00044,78,0.00078
35,-45,3,100000,26,0.00026,88,0.00088
35,-45,4,100000,46,0.00046,91,0.00091
35,-45,5,100000,39,0.00039,69,0.00069
35,-44,0,100000,24,0.00024,59,0.00059
35,-44,1,100000,33,0.00033,81,0.00081
35,-44,2,100000,48,0.00048,80,0.0008
35,-44,3,100000,42,0.00042,77,0.00077
35,-44,4,100000,26,0.00026,70,0.0007
35,-44,5,100000,41,0.00041,68,0.00068
35,-43,0,100000,36,0.00036,61,0.00061
35,-43,1,100000,14,0.00014,69,0.00069
35,-43,2,100000,35,0.00035,67,0.00067
35,-43,3,100000,46,0.00046,67,0.00067
35,-43,4,100000,38,0.00038,76,0.00076
35,-43,5,100000,23,0.00023,72,0.00072
35,-42,0,100000,47,0.00047,89,0.00089
35,-42,1,100000,45,0.00045,79,0.00079
35,-42,2,100000,39,0.00039,75,0.00075
35,-42,3,100000,30,0.0003,77,0.00077
35,-42,4,100000,31,0.00031,86,0.00086
35,-42,5,100000,47,0.00047,76,0.00076
35,-41,0,100000,26,0.00026,58,0.00058
35,-41,1,100000,43,0.00043,87,0.00087
35,-41,2,100000,34,0.00034,51,0.00051
35,-41,3,100000,24,0.00024,77,0.00077
35,-41,4,100000,28,0.00028,75,0.00075
35,-41,5,100000,16,0.00016,60,0.0006
35,-40,0,100000,26,0.00026,70,0.0007
35,-40,1,100000,18,0.00018,56,0.00056
35,-40,2,100000,20,0.0002,78,0.00078
35,-40,3,100000,42,0.00042,78,0.00078
35,-40,4,100000,20,0.0002,65,0.00065
35,-40,5,100000,29,0.00029,75,0.00075
35,-39,0,100000,40,0.0004,65,0.00065
35,-39,1,100000,19,0.00019,71,0.00071
35,-39,2,100000,23,0.00023,61,0.00061
35,-39,3,100000,39,0.00039,85,0.00085
35,-39,4,100000,40,0.0004,73,0.00073
35,-39,5,100000,20,0.0002,72,0.00072
35,-38,0,100000,29,0.00029,89,0.00089
35,-38,1,100000,49,0.00049,85,0.00085
35,-38,2,100000,36,0.00036,77,0.00077
35,-38,3,100000,24,0.00024,70,0.0007
35,-38,4,100000,29,0.00029,58,0.00058
35,-38,5,100000,30,0.0003,79,0.00079
35,-37,0,100000,27,0.00027,73,0.00073
35,-37,1,100000,22,0.00022,72,0.00072
35,-37,2,100000,25,0.00025,60,0.0006
35,-37,3,100000,45,0.00045,74,0.00074
35,-37,4,100000,24,0.00024,53,0.00053
35,-37,5,100000,21,0.00021,72,0.00072
35,-36,0,100000,21,0.00021,61,0.00061
35,-36,1,100000,25,0.00025,71,0.00071
35,-36,2,100000,26,0.00026,76,0.00076
35,-36,3,100000,27,0.00027,66,0.00066
35,-36,4,100000,33,0.00033,73,0.00073
35,-36,5,100000,28,0.00028,78,0.00078
35,-35,0,100000,30,0.0003,75,0.00075
35,-35,1,100000,38,0.00038,72,0.00072
35,-35,2,100000,25,0.00025,62,0.00062
35,-35,3,100000,39,0.00039,79,0.00079
35,-35,4,100000,30,0.0003,68,0.00068
35,-35,5,100000,23,0.00023,75,0.00075
35,-34,0,100000,47,0.00047,86,0.00086
35,-34,1,100000,27,0.00027,92,0.00092
35,-34,2,100000,31,0.00031,80,0.0008
35,-34,3,100000,30,0.0003,72,0.00072
35,-34,4,100000,45,0.00045,79,0.00079
35,-34,5,100000,29,0.00029,66,0.00066
35,-33,0,100000,25,0.00025,59,0.00059
35,-33,1,100000,30,0.0003,72,0.00072
35,-33,2,100000,25,0.00025,74,0.00074
35,-33,3,100000,29,0.00029,60,0.0006
35,-33,4,100000,23,0.00023,53,0.00053
35,-33,5,100000,22,0.00022,64,0.00064
35,-32,0,100000,21,0.00021,60,0.0006
35,-32,1,100000,34,0.00034,71,0.00071
35,-32,2,100000,23,0.00023,70,0.0007
35,-32,3,100000,25,0.00025,58,0.00058
35,-32,4,100000,30,0.0003,77,0.00077
35,-32,5,100000,25,0.00025,68,0.00068
35,-31,0,100000,51,0.00051,75,0.00075
35,-31,1,100000,42,0.00042,79,0.00079
35,-31,2,100000,17,0.00017,67,0.00067
35,-31,3,100000,12,0.00012,66,0.00066
35,-31,4,100000,36,0.00036,79,0.00079
35,-31,5,100000,48,0.00048,63,0.00063
35,-30,0,100000,25,0.00025,78,0.00078
35,-30,1,100000,27,0.00027,88,0.00088
35,-30,2,100000,22,0.00022,73,0.00073
35,-30,3,100000,21,0.00021,62,0.00062
35,-30,4,100000,42,0.00042,55,0.00055
35,-30,5,100000,24,0.00024,78,0.00078
35,-29,0,100000,20,0.0002,70,0.0007
35,-29,1,100000,30,0.0003,76,0.00076
35,-29,2,100000,26,0.00026,79,0.00079
35,-29,3,100000,18,0.00018,73,0.00073
35,-29,4,100000,18,0.00018,78,0.00078
35,-29,5,100000,25,0.00025,78,0.00078
35,-28,0,100000,34,0.00034,65,0.00065
35,-28,1,100000,37,0.00037,73,0.00073
35,-28,2,100000,16,0.00016,76,0.00076
35,-28,3,100000,24,0.00024,64,0.00064
35,-28,4,100000,35,0.00035,74,0.00074
35,-28,5,100000,35,0.00035,77,0.00077
35,-27,0,100000,32,0.00032,77,0.00077
35,-27,1,100000,28,0.00028,65,0.00065
35,-27,2,100000,31,0.00031,61,0.00061
35,-27,3,100000,38,0.00038,72,0.00072
35,-27,4,100000,32,0.00032,71,0.00071
35,-27,5,100000,35,0.00035,75,0.00075
35,-26,0,100000,32,0.00032,69,0.00069
35,-26,1,100000,27,0.00027,63,0.00063
35,-26,2,100000,38,0.00038,74,0.00074
35,-26,3,100000,24,0.00024,70,0.0007
35,-26,4,100000,32,0.00032,75,0.00075
35,-26,5,100000,22,0.00022,93,0.00093
35,-25,0,100000,16,0.00016,78,0.00078
35,-25,1,100000,47,0.00047,81,0.00081
35,-25,2,100000,23,0.00023,70,0.0007
35,-25,3,100000,27,0.00027,87,0.00087
35,-25,4,100000,21,0.00021,66,0.00066
35,-25,5,100000,26,0.00026,77,0.00077
35,-24,0,100000,34,0.00034,78,0.00078
35,-24,1,100000,38,0.00038,66,0.00066
35,-24,2,100000,40,0.0004,61,0.00061
35,-24,3,100000,27,0.00027,55,0.00055
35,-24,4,100000,36,0.00036,75,0.00075
35,-24,5,100000,22,0.00022,65,0.00065
35,-23,0,100000,27,0.00027,72,0.00072
35,-23,1,100000,27,0.00027,58,0.00058
35,-23,2,100000,36,0.00036,81,0.00081
35,-23,3,100000,22,0.00022,86,0.00086
35,-23,4,100000,20,0.0002,75,0.00075
35,-23,5,100000,23,0.00023,63,0.00063
35,-22,0,100000,41,0.00041,76,0.00076
35,-22,1,100000,27,0.00027,82,0.00082
35,-22,2,100000,24,0.00024,63,0.00063
35,-22,3,100000,31,0.00031,83,0.00083
35,-22,4,100000,46,0.00046,70,0.0007
35,-22,5,100000,24,0.00024,79,0.00079
35,-21,0,100000,20,0.0002,73,0.00073
35,-21,1,100000,31,0.00031,60,0.0006
35,-21,2,100000,14,0.00014,70,0.0007
35,-21,3,100000,25,0.00025,61,0.00061
35,-21,4,100000,35,0.00035,74,0.00074
35,-21,5,100000,25,0.00025,73,0.00073
35,-20,0,100000,48,0.00048,81,0.00081
35,-20,1,100000,16,0.00016,65,0.00065
35,-20,2,100000,13,0.00013,59,0.00059
35,-20,3,100000,22,0.00022,85,0.00085
35,-20,4,100000,32,0.00032,81,0.00081
35,-20,5,100000,21,0.00021,68,0.00068
35,-19,0,100000,26,0.00026,54,0.00054
35,-19,1,100000,27,0.00027,71,0.00071
35,-19,2,100000,34,0.00034,73,0.00073
35,-19,3,100000,14,0.00014,60,0.0006
35,-19,4,100000,38,0.00038,62,0.00062
35,-19,5,100000,31,0.00031,75,0.00075
35,-18,0,100000,66,0.00066,88,0.00088
35,-18,1,100000,30,0.0003,72,0.00072
35,-18,2,100000,25,0.00025,67,0.00067
35,-18,3,100000,15,0.00015,78,0.00078
35,-18,4,100000,22,0.00022,78,0.00078
35,-18,5,100000,15,0.00015,60,0.0006
35,-17,0,100000,40,0.0004,88,0.00088
35,-17,1,100000,21,0.00021,63,0.00063
35,-17,2,100000,26,0.00026,72,0.00072
35,-17,3,100000,14,0.00014,69,0.00069
35,-17,4,100000,28,0.00028,63,0.00063
35,-17,5,100000,37,0.00037,81,0.00081
35,-16,0,100000,26,0.00026,84,0.00084
35,-16,1,100000,36,0.00036,82,0.00082
35,-16,2,100000,36,0.00036,84,0.00084
35,-16,3,100000,37,0.00037,79,0.00079
35,-16,4,100000,36,0.00036,73,0.00073
35,-16,5,100000,28,0.00028,71,0.00071
35,-15,0,100000,14,0.00014,69,0.00069
35,-15,1,100000,23,0.00023,77,0.00077
35,-15,2,100000,47,0.00047,70,0.0007
35,-15,3,100000,28,0.00028,68,0.00068
35,-15,4,100000,30,0.0003,76,0.00076
35,-15,5,100000,24,0.00024,76,0.00076
35,-14,0,100000,31,0.00031,71,0.00071
35,-14,1,100000,22,0.00022,64,0.00064
35,-14,2,100000,13,0.00013,55,0.00055
35,-14,3,100000,31,0.00031,69,0.00069
35,-14,4,100000,31,0.00031,63,0.00063
35,-14,5,100000,15,0.00015,75,0.00075
35,-13,0,100000,35,0.00035,65,0.00065
35,-13,1,100000,30,0.0003,71,0.00071
35,-13,2,100000,27,0.00027,71,0.00071
35,-13,3,100000,60,0.0006,90,0.0009
35,-13,4,100000,26,0.00026,76,0.00076
35,-13,5,100000,29,0.00029,78,0.00078
35,-12,0,100000,29,0.00029,67,0.00067
35,-12,1,100000,27,0.00027,70,0.0007
35,-12,2,100000,31,0.00031,74,0.00074
35,-12,3,100000,45,0.00045,74,0.00074
35,-12,4,100000,35,0.00035,65,0.00065
35,-12,5,100000,46,0.00046,77,0.00077
35,-11,0,100000,39,0.00039,84,0.00084
35,-11,1,100000,33,0.00033,77,0.00077
35,-11,2,100000,54,0.00054,90,0.0009
35,-11,3,100000,60,0.0006,78,0.00078
35,-11,4,100000,38,0.00038,80,0.0008
35,-11,5,100000,24,0.00024,70,0.0007
35,-10,0,100000,41,0.00041,75,0.00075
35,-10,1,100000,26,0.00026,69,0.00069
35,-10,2,100000,23,0.00023,73,0.00073
35,-10,3,100000,37,0.00037,67,0.00067
35,-10,4,100000,24,0.00024,75,0.00075
35,-10,5,100000,45,0.00045,87,0.00087
35,-9,0,100000,26,0.00026,61,0.00061
35,-9,1,100000,42,0.00042,70,0.0007
35,-9,2,100000,30,0.0003,90,0.0009
35,-9,3,100000,44,0.00044,82,0.00082
35,-9,4,100000,22,0.00022,81,0.00081
35,-9,5,100000,38,0.00038,68,0.00068
35,-8,0,100000,32,0.00032,60,0.0006
35,-8,1,100000,20,0.0002,60,0.0006
35,-8,2,100000,22,0.00022,71,0.00071
35,-8,3,100000,35,0.00035,79,0.00079
35,-8,4,100000,36,0.00036,63,0.00063
35,-8,5,100000,36,0.00036,71,0.00071
35,-7,0,100000,28,0.00028,71,0.00071
35,-7,1,100000,33,0.00033,57,0.00057
35,-7,2,100000,17,0.00017,61,0.00061
35,-7,3,100000,41,0.00041,75,0.00075
35,-7,4,100000,21,0.00021,70,0.0007
35,-7,5,100000,32,0.00032,72,0.00072
35,-6,0,100000,37,0.00037,51,0.00051
35,-6,1,100000,32,0.00032,73,0.00073
35,-6,2,100000,24,0.00024,76,0.00076
35,-6,3,100000,41,0.00041,80,0.0008
35,-6,4,100000,23,0.00023,78,0.00078
35,-6,5,100000,37,0.00037,73,0.00073
35,-5,0,100000,38,0.00038,85,0.00085
35,-5,1,100000,46,0.00046,66,0.00066
35,-5,2,100000,30,0.0003,78,0.00078
35,-5,3,100000,27,0.00027,65,0.00065
35,-5,4,100000,32,0.00032,90,0.0009
35,-5,5,100000,41,0.00041,76,0.00076
35,-4,0,100000,42,0.00042,75,0.00075
35,-4,1,100000,39,0.00039,73,0.00073
35,-4,2,100000,30,0.0003,79,0.00079
35,-4,3,100000,17,0.00017,57,0.00057
35,-4,4,100000,27,0.00027,56,0.00056
35,-4,5,100000,37,0.00037,93,0.00093
35,-3,0,100000,21,0.00021,62,0.00062
35,-3,1,100000,18,0.00018,59,0.00059
35,-3,2,100000,37,0.00037,71,0.00071
35,-3,3,100000,27,0.00027,79,0.00079
35,-3,4,100000,67,0.00067,85,0.00085
35,-3,5,100000,28,0.00028,76,0.00076
35,-2,0,100000,37,0.00037,71,0.00071
35,-2,1,100000,32,0.00032,69,0.00069
35,-2,2,100000,17,0.00017,68,0.00068
35,-2,3,100000,24,0.00024,73,0.00073
35,-2,4,100000,44,0.00044,80,0.0008
35,-2,5,100000,17,0.00017,63,0.00063
35,-1,0,100000,23,0.00023,60,0.0006
35,-1,1,100000,32,0.00032,69,0.00069
35,-1,2,100000,17,0.00017,66,0.00066
35,-1,3,100000,36,0.00036,68,0.00068
35,-1,4,100000,24,0.00024,78,0.00078
35,-1,5,100000,30,0.0003,49,0.00049
35,0,0,100000,27,0.00027,60,0.0006
35,0,1,100000,38,0.00038,70,0.0007
35,0,2,100000,28,0.00028,68,0.00068
35,0,3,100000,20,0.0002,68,0.00068
35,0,4,100000,22,0.00022,87,0.00087
35,0,5,100000,38,0.00038,82,0.00082
35,1,0,100000,42,0.00042,76,0.00076
35,1,1,100000,32,0.00032,77,0.00077
35,1,2,100000,23,0.00023,69,0.00069
35,1,3,100000,26,0.00026,62,0.00062
35,1,4,100000,26,0.00026,80,0.0008
35,1,5,100000,13,0.00013,58,0.00058
35,2,0,100000,23,0.00023,67,0.00067
35,2,1,100000,24,0.00024,70,0.0007
35,2,2,100000,26,0.00026,65,0.00065
35,2,3,100000,33,0.00033,64,0.00064
35,2,4,100000,34,0.00034,79,0.00079
35,2,5,100000,31,0.00031,68,0.00068
35,3,0,100000,24,0.00024,84,0.00084
35,3,1,100000,26,0.00026,66,0.00066
35,3,2,100000,24,0.00024,77,0.00077
35,3,3,100000,53,0.00053,104,0.00104
35,3,4,100000,28,0.00028,72,0.00072
35,3,5,100000,43,0.00043,91,0.00091
35,4,0,100000,14,0.00014,59,0.00059
35,4,1,100000,44,0.00044,73,0.00073
35,4,2,100000,21,0.00021,66,0.00066
35,4,3,100000,31,0.00031,83,0.00083
35,4,4,100000,17,0.00017,73,0.00073
35,4,5,100000,14,0.00014,61,0.00061
35,5,0,100000,34,0.00034,74,0.00074
35,5,1,100000,34,0.00034,68,0.00068
35,5,2,100000,23,0.00023,80,0.0008
35,5,3,100000,25,0.00025,70,0.0007
35,5,4,100000,12,0.00012,68,0.00068
35,5,5,100000,36,0.00036,75,0.00075
35,6,0,100000,24,0.00024,71,0.00071
35,6,1,100000,25,0.00025,61,0.00061
35,6,2,100000,28,0.00028,65,0.00065
35,6,3,100000,21,0.00021,67,0.00067
35,6,4,100000,27,0.00027,55,0.00055
35,6,5,100000,28,0.00028,70,0.0007
35,7,0,100000,26,0.00026,66,0.00066
35,7,1,100000,22,0.00022,61,0.00061
35,7,2,100000,36,0.00036,82,0.00082
35,7,3,100000,16,0.00016,68,0.00068
35,7,4,100000,11,0.00011,59,0.00059
35,7,5,100000,34,0.00034,76,0.00076
35,8,0,100000,18,0.00018,69,0.00069
35,8,1,100000,46,0.00046,83,0.00083
35,8,2,100000,39,0.00039,82,0.00082
35,8,3,100000,41,0.00041,77,0.00077
35,8,4,100000,30,0.0003,69,0.00069
35,8,5,100000,15,0.00015,79,0.00079
35,9,0,100000,36,0.00036,69,0.00069
35,9,1,100000,31,0.00031,67,0.00067
35,9,2,100000,32,0.00032,63,0.00063
35,9,3,100000,28,0.00028,64,0.00064
35,9,4,100000,28,0.00028,74,0.00074
35,9,5,100000,24,0.00024,65,0.00065
35,10,0,100000,29,0.00029,66,0.00066
35,10,1,100000,25,0.00025,77,0.00077
35,10,2,100000,14,0.00014,66,0.00066
35,10,3,100000,47,0.00047,78,0.00078
35,10,4,100000,38,0.00038,70,0.0007
35,10,5,100000,43,0.00043,67,0.00067
35,11,0,100000,24,0.00024,74,0.00074
35,11,1,100000,33,0.00033,60,0.0006
35,11,2,100000,22,0.00022,71,0.00071
35,11,3,100000,26,0.00026,67,0.00067
35,11,4,100000,34,0.00034,64,0.00064
35,11,5,100000,23,0.00023,74,0.00074
35,12,0,100000,24,0.00024,64,0.00064
35,12,1,100000,27,0.00027,79,0.00079
35,12,2,100000,18,0.00018,57,0.00057
35,12,3,100000,15,0.00015,62,0.00062
35,12,4,100000,25,0.00025,64,0.00064
35,12,5,100000,27,0.00027,66,0.00066
35,13,0,100000,33,0.00033,78,0.00078
35,13,1,100000,21,0.00021,80,0.0008
35,13,2,100000,29,0.00029,76,0.00076
35,13,3,100000,45,0.00045,69,0.00069
35,13,4,100000,31,0.00031,74,0.00074
35,13,5,100000,20,0.0002,77,0.00077
35,14,0,100000,36,0.00036,78,0.00078
35,14,1,100000,51,0.00051,77,0.00077
35,14,2,100000,24,0.00024,71,0.00071
35,14,3,100000,42,0.00042,83,0.00083
35,14,4,100000,20,0.0002,68,0.00068
35,14,5,100000,44,0.00044,76,0.00076
35,15,0,100000,27,0.00027,62,0.00062
35,15,1,100000,35,0.00035,67,0.00067
35,15,2,100000,23,0.00023,73,0.00073
35,15,3,100000,42,0.00042,76,0.00076
35,15,4,100000,29,0.00029,78,0.00078
35,15,5,100000,22,0.00022,60,0.0006
35,16,0,100000,22,0.00022,59,0.00059
35,16,1,100000,44,0.00044,81,0.00081
35,16,2,100000,31,0.00031,75,0.00075
35,16,3,100000,34,0.00034,79,0.00079
35,16,4,100000,40,0.0004,67,0.00067
35,16,5,100000,30,0.0003,74,0.00074
35,17,0,100000,46,0.00046,90,0.0009
35,17,1,100000,56,0.00056,84,0.00084
35,17,2,100000,30,0.0003,74,0.00074
35,17,3,100000,34,0.00034,70,0.0007
35,17,4,100000,44,0.00044,82,0.00082
35,17,5,100000,44,0.00044,69,0.00069
35,18,0,100000,43,0.00043,78,0.00078
35,18,1,100000,19,0.00019,58,0.00058
35,18,2,100000,27,0.00027,71,0.00071
35,18,3,100000,47,0.00047,83,0.00083
35,18,4,100000,22,0.00022,80,0.0008
35,18,5,100000,14,0.00014,70,0.0007
35,19,0,100000,42,0.00042,75,0.00075
35,19,1,100000,31,0.00031,88,0.00088
35,19,2,100000,31,0.00031,72,0.00072
35,19,3,100000,39,0.00039,67,0.00067
35,19,4,100000,20,0.0002,79,0.00079
35,19,5,100000,21,0.00021,75,0.00075
35,20,0,100000,22,0.00022,60,0.0006
35,20,1,100000,25,0.00025,68,0.00068
35,20,2,100000,27,0.00027,78,0.00078
35,20,3,100000,28,0.00028,62,0.00062
35,20,4,100000,56,0.00056,67,0.00067
35,20,5,100000,48,0.00048,65,0.00065
35,21,0,100000,23,0.00023,60,0.0006
35,21,1,100000,23,0.00023,53,0.00053
35,21,2,100000,31,0.00031,73,0.00073
35,21,3,100000,30,0.0003,62,0.00062
35,21,4,100000,36,0.00036,73,0.00073
35,21,5,100000,21,0.00021,65,0.00065
35,22,0,100000,46,0.00046,68,0.00068
35,22,1,100000,26,0.00026,66,0.00066
35,22,2,100000,69,0.00069,88,0.00088
35,22,3,100000,15,0.00015,56,0.00056
35,22,4,100000,11,0.00011,64,0.00064
35,22,5,100000,20,0.0002,69,0.00069
35,23,0,100000,13,0.00013,73,0.00073
35,23,1,100000,31,0.00031,66,0.00066
35,23,2,100000,33,0.00033,85,0.00085
35,23,3,100000,28,0.00028,81,0.00081
35,23,4,100000,31,0.00031,89,0.00089
35,23,5,100000,50,0.0005,77,0.00077
35,24,0,100000,42,0.00042,77,0.00077
35,24,1,100000,28,0.00028,81,0.00081
35,24,2,100000,23,0.00023,68,0.00068
35,24,3,100000,22,0.00022,54,0.00054
35,24,4,100000,21,0.00021,75,0.00075
35,24,5,100000,29,0.00029,79,0.00079
35,25,0,100000,28,0.00028,75,0.00075
35,25,1,100000,33,0.00033,76,0.00076
35,25,2,100000,32,0.00032,80,0.0008
35,25,3,100000,37,0.00037,64,0.00064
35,25,4,100000,36,0.00036,63,0.00063
35,25,5,100000,26,0.00026,66,0.00066
35,26,0,100000,24,0.00024,78,0.00078
35,26,1,100000,34,0.00034,80,0.0008
35,26,2,100000,27,0.00027,85,0.00085
35,26,3,100000,21,0.00021,65,0.00065
35,26,4,100000,46,0.00046,87,0.00087
35,26,5,100000,45,0.00045,77,0.00077
35,27,0,100000,31,0.00031,70,0.0007
35,27,1,100000,38,0.00038,76,0.00076
35,27,2,100000,24,0.00024,84,0.00084
35,27,3,100000,44,0.00044,72,0.00072
35,27,4,100000,32,0.00032,78,0.00078
35,27,5,100000,37,0.00037,82,0.00082
35,28,0,100000,44,0.00044,76,0.00076
35,28,1,100000,23,0.00023,66,0.00066
35,28,2,100000,29,0.00029,67,0.00067
35,28,3,100000,22,0.00022,69,0.00069
35,28,4,100000,24,0.00024,81,0.00081
35,28,5,100000,27,0.00027,76,0.00076
35,29,0,100000,21,0.00021,61,0.00061
35,29,1,100000,7,7e-05,51,0.00051
35,29,2,100000,16,0.00016,70,0.0007
35,29,3,100000,17,0.00017,64,0.00064
35,29,4,100000,23,0.00023,68,0.00068
35,29,5,100000,41,0.00041,77,0.00077
35,30,0,100000,32,0.00032,66,0.00066
35,30,1,100000,23,0.00023,72,0.00072
35,30,2,100000,31,0.00031,74,0.00074
35,30,3,100000,32,0.00032,64,0.00064
35,30,4,100000,24,0.00024,66,0.00066
35,30,5,100000,28,0.00028,77,0.00077
35,31,0,100000,18,0.00018,60,0.0006
35,31,1,100000,13,0.00013,67,0.00067
35,31,2,100000,23,0.00023,78,0.00078
35,31,3,100000,25,0.00025,67,0.00067
35,31,4,100000,35,0.00035,73,0.00073
35,31,5,100000,21,0.00021,70,0.0007
35,32,0,100000,29,0.00029,89,0.00089
35,32,1,100000,28,0.00028,72,0.00072
35,32,2,100000,33,0.00033,63,0.00063
35,32,3,100000,37,0.00037,70,0.0007
35,32,4,100000,26,0.00026,71,0.00071
35,32,5,100000,36,0.00036,82,0.00082
35,33,0,100000,33,0.00033,66,0.00066
35,33,1,100000,27,0.00027,75,0.00075
35,33,2,100000,26,0.00026,71,0.00071
35,33,3,100000,17,0.00017,70,0.0007
35,33,4,100000,28,0.00028,78,0.00078
35,33,5,100000,36,0.00036,68,0.00068
35,34,0,100000,27,0.00027,80,0.0008
35,34,1,100000,47,0.00047,79,0.00079
35,34,2,100000,47,0.00047,65,0.00065
35,34,3,100000,36,0.00036,58,0.00058
35,34,4,100000,16,0.00016,68,0.00068
35,34,5,100000,29,0.00029,71,0.00071
35,35,0,100000,25,0.00025,79,0.00079
35,35,1,100000,20,0.0002,75,0.00075
35,35,2,100000,24,0.00024,68,0.00068
35,35,3,100000,39,0.00039,63,0.00063
35,35,4,100000,24,0.00024,75,0.00075
35,35,5,100000,28,0.00028,66,0.00066
35,36,0,100000,14,0.00014,72,0.00072
35,36,1,100000,31,0.00031,73,0.00073
35,36,2,100000,49,0.00049,73,0.00073
35,36,3,100000,27,0.00027,74,0.00074
35,36,4,100000,17,0.00017,70,0.0007
35,36,5,100000,38,0.00038,74,0.00074
35,37,0,100000,20,0.0002,60,0.0006
35,37,1,100000,35,0.00035,74,0.00074
35,37,2,100000,26,0.00026,62,0.00062
35,37,3,100000,26,0.00026,77,0.00077
35,37,4,100000,33,0.00033,71,0.00071
35,37,5,100000,38,0.00038,72,0.00072
35,38,0,100000,21,0.00021,69,0.00069
35,38,1,100000,23,0.00023,71,0.00071
35,38,2,100000,29,0.00029,61,0.00061
35,38,3,100000,32,0.00032,71,0.00071
35,38,4,100000,21,0.00021,70,0.0007
35,38,5,100000,32,0.00032,56,0.00056
35,39,0,100000,24,0.00024,82,0.00082
35,39,1,100000,34,0.00034,84,0.00084
35,39,2,100000,26,0.00026,74,0.00074
35,39,3,100000,35,0.00035,82,0.00082
35,39,4,100000,36,0.00036,79,0.00079
35,39,5,100000,28,0.00028,77,0.00077
35,40,0,100000,33,0.00033,71,0.00071
35,40,1,100000,30,0.0003,65,0.00065
35,40,2,100000,24,0.00024,69,0.00069
35,40,3,100000,28,0.00028,75,0.00075
35,40,4,100000,47,0.00047,77,0.00077
35,40,5,100000,24,0.00024,71,0.00071
35,41,0,100000,29,0.00029,85,0.00085
35,41,1,100000,26,0.00026,66,0.00066
35,41,2,100000,24,0.00024,67,0.00067
35,41,3,100000,61,0.00061,85,0.00085
35,41,4,100000,58,0.00058,99,0.00099
35,41,5,100000,40,0.0004,89,0.00089
35,42,0,100000,25,0.00025,53,0.00053
35,42,1,100000,20,0.0002,71,0.00071
35,42,2,100000,37,0.00037,90,0.0009
35,42,3,100000,25,0.00025,82,0.00082
35,42,4,100000,46,0.00046,78,0.00078
35,42,5,100000,21,0.00021,73,0.00073
35,43,0,100000,12,0.00012,52,0.00052
35,43,1,100000,36,0.00036,67,0.00067
35,43,2,100000,23,0.00023,50,0.0005
35,43,3,100000,29,0.00029,63,0.00063
35,43,4,100000,22,0.00022,70,0.0007
35,43,5,100000,38,0.00038,73,0.00073
35,44,0,100000,14,0.00014,67,0.00067
35,44,1,100000,33,0.00033,75,0.00075
35,44,2,100000,29,0.00029,72,0.00072
35,44,3,100000,39,0.00039,75,0.00075
35,44,4,100000,23,0.00023,66,0.00066
35,44,5,100000,39,0.00039,71,0.00071
35,45,0,100000,21,0.00021,82,0.00082
35,45,1,100000,28,0.00028,77,0.00077
35,45,2,100000,41,0.00041,80,0.0008
35,45,3,100000,55,0.00055,73,0.00073
35,45,4,100000,11,0.00011,58,0.00058
35,45,5,100000,21,0.00021,65,0.00065
35,46,0,100000,38,0.00038,72,0.00072
35,46,1,100000,56,0.00056,82,0.00082
35,46,2,100000,40,0.0004,82,0.00082
35,46,3,100000,50,0.0005,75,0.00075
35,46,4,100000,33,0.00033,73,0.00073
35,46,5,100000,37,0.00037,70,0.0007
35,47,0,100000,17,0.00017,71,0.00071
35,47,1,100000,39,0.00039,78,0.00078
35,47,2,100000,26,0.00026,81,0.00081
35,47,3,100000,27,0.00027,83,0.00083
35,47,4,100000,31,0.00031,76,0.00076
35,47,5,100000,26,0.00026,92,0.00092
35,48,0,100000,25,0.00025,85,0.00085
35,48,1,100000,38,0.00038,66,0.00066
35,48,2,100000,23,0.00023,65,0.00065
35,48,3,100000,19,0.00019,64,0.00064
35,48,4,100000,21,0.00021,66,0.00066
35,48,5,100000,29,0.00029,56,0.00056
35,49,0,100000,18,0.00018,73,0.00073
35,49,1,100000,39,0.00039,69,0.00069
35,49,2,100000,33,0.00033,65,0.00065
35,49,3,100000,32,0.00032,88,0.00088
35,49,4,100000,27,0.00027,70,0.0007
35,49,5,100000,35,0.00035,77,0.00077
35,50,0,100000,24,0.00024,55,0.00055
35,50,1,100000,15,0.00015,72,0.00072
35,50,2,100000,17,0.00017,56,0.00056
35,50,3,100000,31,0.00031,72,0.00072
35,50,4,100000,32,0.00032,66,0.00066
35,50,5,100000,37,0.00037,71,0.00071
36,-50,0,100000,32,0.00032,72,0.00072
36,-50,1,100000,28,0.00028,78,0.00078
36,-50,2,100000,38,0.00038,87,0.00087
36,-50,3,100000,17,0.00017,73,0.00073
36,-50,4,100000,40,0.0004,85,0.00085
36,-50,5,100000,36,0.00036,73,0.00073
36,-49,0,100000,38,0.00038,76,0.00076
36,-49,1,100000,19,0.00019,75,0.00075
36,-49,2,100000,24,0.00024,64,0.00064
36,-49,3,100000,15,0.00015,66,0.00066
36,-49,4,100000,37,0.00037,89,0.00089
36,-49,5,100000,45,0.00045,74,0.00074
36,-48,0,100000,28,0.00028,83,0.00083
36,-48,1,100000,47,0.00047,72,0.00072
36,-48,2,100000,26,0.00026,76,0.00076
36,-48,3,100000,38,0.00038,77,0.00077
36,-48,4,100000,41,0.00041,77,0.00077
36,-48,5,100000,32,0.00032,70,0.0007
36,-47,0,100000,43,0.00043,72,0.00072
36,-47,1,100000,27,0.00027,82,0.00082
36,-47,2,100000,19,0.00019,51,0.00051
36,-47,3,100000,46,0.00046,78,0.00078
36,-47,4,100000,28,0.00028,61,0.00061
36,-47,5,100000,32,0.00032,65,0.00065
36,-46,0,100000,29,0.00029,75,0.00075
36,-46,1,100000,39,0.00039,85,0.00085
36,-46,2,100000,23,0.00023,70,0.0007
36,-46,3,100000,27,0.00027,73,0.00073
36,-46,4,100000,20,0.0002,90,0.0009
36,-46,5,100000,35,0.00035,66,0.00066
36,-45,0,100000,44,0.00044,86,0.00086
36,-45,1,100000,20,0.0002,59,0.00059
36,-45,2,100000,41,0.00041,63,0.00063
36,-45,3,100000,35,0.00035,70,0.0007
36,-45,4,100000,31,0.00031,68,0.00068
36,-45,5,100000,34,0.00034,64,0.00064
36,-44,0,100000,25,0.00025,75,0.00075
36,-44,1,100000,45,0.00045,77,0.00077
36,-44,2,100000,40,0.0004,84,0.00084
36,-44,3,100000,34,0.00034,68,0.00068
36,-44,4,100000,47,0.00047,76,0.00076
36,-44,5,100000,36,0.00036,91,0.00091
36,-43,0,100000,39,0.00039,63,0.00063
36,-43,1,100000,35,0.00035,84,0.00084
36,-43,2,100000,43,0.00043,67,0.00067
36,-43,3,100000,26,0.00026,83,0.00083
36,-43,4,100000,24,0.00024,67,0.00067
36,-43,5,100000,34,0.00034,85,0.00085
36,-42,0,100000,32,0.00032,68,0.00068
36,-42,1,100000,28,0.00028,63,0.00063
36,-42,2,100000,25,0.00025,68,0.00068
36,-42,3,100000,25,0.00025,66,0.00066
36,-42,4,100000,47,0.00047,72,0.00072
36,-42,5,100000,28,0.00028,76,0.00076
36,-41,0,100000,28,0.00028,68,0.00068
36,-41,1,100000,16,0.00016,70,0.0007
36,-41,2,100000,29,0.00029,73,0.00073
36,-41,3,100000,24,0.00024,66,0.00066
36,-41,4,100000,15,0.00015,56,0.00056
36,-41,5,100000,10,0.0001,61,0.00061
36,-40,0,100000,15,0.00015,72,0.00072
36,-40,1,100000,45,0.00045,86,0.00086
36,-40,2,100000,36,0.00036,102,0.00102
36,-40,3,100000,40,0.0004,70,0.0007
36,-40,4,100000,35,0.00035,79,0.00079
36,-40,5,100000,48,0.00048,81,0.00081
36,-39,0,100000,38,0.00038,70,0.0007
36,-39,1,100000,34,0.00034,79,0.00079
36,-39,2,100000,27,0.00027,74,0.00074
36,-39,3,100000,29,0.00029,72,0.00072
36,-39,4,100000,32,0.00032,55,0.00055
36,-39,5,100000,20,0.0002,62,0.00062
36,-38,0,100000,20,0.0002,68,0.00068
36,-38,1,100000,12,0.00012,56,0.00056
36,-38,2,100000,27,0.00027,68,0.00068
36,-38,3,100000,20,0.0002,72,0.00072
36,-38,4,100000,43,0.00043,61,0.00061
36,-38,5,100000,15,0.00015,75,0.00075
36,-37,0,100000,29,0.00029,86,0.00086
36,-37,1,100000,49,0.00049,87,0.00087
36,-37,2,100000,44,0.00044,97,0.00097
36,-37,3,100000,25,0.00025,67,0.00067
36,-37,4,100000,38,0.00038,75,0.00075
36,-37,5,100000,21,0.00021,69,0.00069
36,-36,0,100000,30,0.0003,82,0.00082
36,-36,1,100000,19,0.00019,69,0.00069
36,-36,2,100000,16,0.00016,53,0.00053
36,-36,3,100000,19,0.00019,51,0.00051
36,-36,4,100000,25,0.00025,62,0.00062
36,-36,5,100000,37,0.00037,90,0.0009
36,-35,0,100000,31,0.00031,74,0.00074
36,-35,1,100000,24,0.00024,72,0.00072
36,-35,2,100000,19,0.00019,75,0.00075
36,-35,3,100000,16,0.00016,69,0.00069
36,-35,4,100000,16,0.00016,64,0.00064
36,-35,5,100000,19,0.00019,60,0.0006
36,-34,0,100000,32,0.00032,66,0.00066
36,-34,1,100000,21,0.00021,64,0.00064
36,-34,2,100000,35,0.00035,67,0.00067
36,-34,3,100000,38,0.00038,66,0.00066
36,-34,4,100000,19,0.00019,67,0.00067
36,-34,5,100000,27,0.00027,86,0.00086
36,-33,0,100000,26,0.00026,80,0.0008
36,-33,1,100000,33,0.00033,70,0.0007
36,-33,2,100000,43,0.00043,76,0.00076
36,-33,3,100000,28,0.00028,74,0.00074
36,-33,4,100000,36,0.00036,80,0.0008
36,-33,5,100000,44,0.00044,64,0.00064
36,-32,0,100000,37,0.00037,73,0.00073
36,-32,1,100000,49,0.00049,86,0.00086
36,-32,2,100000,23,0.00023,66,0.00066
36,-32,3,100000,27,0.00027,66,0.00066
36,-32,4,100000,36,0.00036,69,0.00069
36,-32,5,100000,27,0.00027,82,0.00082
36,-31,0,100000,30,0.0003,76,0.00076
36,-31,1,100000,29,0.00029,85,0.00085
36,-31,2,100000,26,0.00026,69,0.00069
36,-31,3,100000,30,0.0003,78,0.00078
36,-31,4,100000,25,0.00025,70,0.0007
36,-31,5,100000,42,0.00042,70,0.0007
36,-30,0,100000,20,0.0002,77,0.00077
36,-30,1,100000,41,0.00041,84,0.00084
36,-30,2,100000,33,0.00033,58,0.00058
36,-30,3,100000,34,0.00034,62,0.00062
36,-30,4,100000,42,0.00042,67,0.00067
36,-30,5,100000,35,0.00035,75,0.00075
36,-29,0,100000,44,0.00044,71,0.00071
36,-29,1,100000,23,0.00023,61,0.00061
36,-29,2,100000,26,0.00026,59,0.00059
36,-29,3,100000,14,0.00014,69,0.00069
36,-29,4,100000,38,0.00038,79,0.00079
36,-29,5,100000,22,0.00022,73,0.00073
36,-28,0,100000,41,0.00041,77,0.00077
36,-28,1,100000,45,0.00045,85,0.00085
36,-28,2,100000,48,0.00048,78,0.00078
36,-28,3,100000,22,0.00022,65,0.00065
36,-28,4,100000,31,0.00031,72,0.00072
36,-28,5,100000,41,0.00041,67,0.00067
36,-27,0,100000,32,0.00032,67,0.00067
36,-27,1,100000,16,0.00016,61,0.00061
36,-27,2,100000,40,0.0004,69,0.00069
36,-27,3,100000,24,0.00024,73,0.00073
36,-27,4,100000,22,0.00022,63,0.00063
36,-27,5,100000,19,0.00019,70,0.0007
36,-26,0,100000,20,0.0002,74,0.00074
36,-26,1,100000,21,0.00021,56,0.00056
36,-26,2,100000,30,0.0003,64,0.00064
36,-26,3,100000,33,0.00033,79,0.00079
36,-26,4,100000,25,0.00025,68,0.00068
36,-26,5,100000,19,0.00019,83,0.00083
36,-25,0,100000,28,0.00028,73,0.00073
36,-25,1,100000,23,0.00023,58,0.00058
36,-25,2,100000,36,0.00036,69,0.00069
36,-25,3,100000,28,0.00028,73,0.00073
36,-25,4,100000,23,0.00023,69,0.00069
36,-25,5,100000,37,0.00037,70,0.0007
36,-24,0,100000,21,0.00021,66,0.00066
36,-24,1,100000,24,0.00024,60,0.0006
36,-24,2,100000,22,0.00022,74,0.00074
36,-24,3,100000,27,0.00027,57,0.00057
36,-24,4,100000,40,0.0004,67,0.00067
36,-24,5,100000,30,0.0003,68,0.00068
36,-23,0,100000,26,0.00026,77,0.00077
36,-23,1,100000,24,0.00024,69,0.00069
36,-23,2,100000,20,0.0002,69,0.00069
36,-23,3,100000,35,0.00035,71,0.00071
36,-23,4,100000,27,0.00027,66,0.00066
36,-23,5,100000,25,0.00025,66,0.00066
36,-22,0,100000,38,0.00038,88,0.00088
36,-22,1,100000,34,0.00034,68,0.00068
36,-22,2,100000,46,0.00046,71,0.00071
36,-22,3,100000,31,0.00031,82,0.00082
36,-22,4,100000,29,0.00029,72,0.00072
36,-22,5,100000,17,0.00017,57,0.00057
36,-21,0,100000,52,0.00052,79,0.00079
36,-21,1,100000,20,0.0002,70,0.0007
36,-21,2,100000,30,0.0003,63,0.00063
36,-21,3,100000,22,0.00022,60,0.0006
36,-21,4,100000,30,0.0003,64,0.00064
36,-21,5,100000,23,0.00023,74,0.00074
36,-20,0,100000,32,0.00032,63,0.00063
36,-20,1,100000,43,0.00043,77,0.00077
36,-20,2,100000,20,0.0002,80,0.0008
36,-20,3,100000,27,0.00027,60,0.0006
36,-20,4,100000,32,0.00032,87,0.00087
36,-20,5,100000,21,0.00021,65,0.00065
36,-19,0,100000,32,0.00032,93,0.00093
36,-19,1,100000,43,0.00043,85,0.00085
36,-19,2,100000,40,0.0004,96,0.00096
36,-19,3,100000,28,0.00028,76,0.00076
36,-19,4,100000,38,0.00038,74,0.00074
36,-19,5,100000,32,0.00032,79,0.00079
36,-18,0,100000,26,0.00026,59,0.00059
36,-18,1,100000,51,0.00051,75,0.00075
36,-18,2,100000,29,0.00029,73,0.00073
36,-18,3,100000,17,0.00017,61,0.00061
36,-18,4,100000,21,0.00021,68,0.00068
36,-18,5,100000,16,0.00016,78,0.00078
36,-17,0,100000,37,0.00037,67,0.00067
36,-17,1,100000,38,0.00038,82,0.00082
36,-17,2,100000,31,0.00031,66,0.00066
36,-17,3,100000,37,0.00037,75,0.00075
36,-17,4,100000,50,0.0005,80,0.0008
36,-17,5,100000,21,0.00021,83,0.00083
36,-16,0,100000,20,0.0002,74,0.00074
36,-16,1,100000,30,0.0003,69,0.00069
36,-16,2,100000,11,0.00011,56,0.00056
36,-16,3,100000,47,0.00047,83,0.00083
36,-16,4,100000,35,0.00035,58,0.00058
36,-16,5,100000,28,0.00028,68,0.00068
36,-15,0,100000,45,0.00045,89,0.00089
36,-15,1,100000,22,0.00022,74,0.00074
36,-15,2,100000,33,0.00033,81,0.00081
36,-15,3,100000,28,0.00028,75,0.00075
36,-15,4,100000,25,0.00025,84,0.00084
36,-15,5,100000,30,0.0003,79,0.00079
36,-14,0,100000,28,0.00028,76,0.00076
36,-14,1,100000,36,0.00036,75,0.00075
36,-14,2,100000,37,0.00037,72,0.00072
36,-14,3,100000,20,0.0002,79,0.00079
36,-14,4,100000,44,0.00044,92,0.00092
36,-14,5,100000,30,0.0003,67,0.00067
36,-13,0,100000,36,0.00036,75,0.00075
36,-13,1,100000,30,0.0003,83,0.00083
36,-13,2,100000,22,0.00022,61,0.00061
36,-13,3,100000,32,0.00032,65,0.00065
36,-13,4,100000,30,0.0003,72,0.00072
36,-13,5,100000,23,0.00023,68,0.00068
36,-12,0,100000,45,0.00045,70,0.0007
36,-12,1,100000,24,0.00024,78,0.00078
36,-12,2,100000,23,0.00023,65,0.00065
36,-12,3,100000,16,0.00016,75,0.00075
36,-12,4,100000,25,0.00025,73,0.00073
36,-12,5,100000,25,0.00025,55,0.00055
36,-11,0,100000,35,0.00035,85,0.00085
36,-11,1,100000,44,0.00044,70,0.0007
36,-11,2,100000,33,0.00033,68,0.00068
36,-11,3,100000,32,0.00032,79,0.00079
36,-11,4,100000,17,0.00017,67,0.00067
36,-11,5,100000,36,0.00036,61,0.00061
36,-10,0,100000,19,0.00019,78,0.00078
36,-10,1,100000,43,0.00043,66,0.00066
36,-10,2,100000,33,0.00033,71,0.00071
36,-10,3,100000,16,0.00016,60,0.0006
36,-10,4,100000,35,0.00035,61,0.00061
36,-10,5,100000,32,0.00032,59,0.00059
36,-9,0,100000,22,0.00022,76,0.00076
36,-9,1,100000,41,0.00041,85,0.00085
36,-9,2,100000,31,0.00031,80,0.0008
36,-9,3,100000,31,0.00031,69,0.00069
36,-9,4,100000,32,0.00032,73,0.00073
36,-9,5,100000,44,0.00044,80,0.0008
36,-8,0,100000,26,0.00026,75,0.00075
36,-8,1,100000,39,0.00039,68,0.00068
36,-8,2,100000,26,0.00026,78,0.00078
36,-8,3,100000,35,0.00035,66,0.00066
36,-8,4,100000,33,0.00033,79,0.00079
36,-8,5,100000,38,0.00038,81,0.00081
36,-7,0,100000,33,0.00033,67,0.00067
36,-7,1,100000,25,0.00025,69,0.00069
36,-7,2,100000,23,0.00023,65,0.00065
36,-7,3,100000,44,0.00044,77,0.00077
36,-7,4,100000,33,0.00033,72,0.00072
36,-7,5,100000,53,0.00053,73,0.00073
36,-6,0,100000,26,0.00026,74,0.00074
36,-6,1,100000,22,0.00022,91,0.00091
36,-6,2,100000,23,0.00023,84,0.00084
36,-6,3,100000,47,0.00047,84,0.00084
36,-6,4,100000,42,0.00042,92,0.00092
36,-6,5,100000,33,0.00033,68,0.00068
36,-5,0,100000,35,0.00035,81,0.00081
36,-5,1,100000,33,0.00033,80,0.0008
36,-5,2,100000,9,9e-05,64,0.00064
36,-5,3,100000,29,0.00029,75,0.00075
36,-5,4,100000,16,0.00016,71,0.00071
36,-5,5,100000,24,0.00024,71,0.00071
36,-4,0,100000,23,0.00023,76,0.00076
36,-4,1,100000,29,0.00029,49,0.00049
36,-4,2,100000,17,0.00017,63,0.00063
36,-4,3,100000,39,0.00039,75,0.00075
36,-4,4,100000,24,0.00024,75,0.00075
36,-4,5,100000,34,0.00034,84,0.00084
36,-3,0,100000,39,0.00039,83,0.00083
36,-3,1,100000,51,0.00051,79,0.00079
36,-3,2,100000,25,0.00025,67,0.00067
36,-3,3,100000,59,0.00059,72,0.00072
36,-3,4,100000,21,0.00021,69,0.00069
36,-3,5,100000,36,0.00036,62,0.00062
36,-2,0,100000,21,0.00021,74,0.00074
36,-2,1,100000,19,0.00019,73,0.00073
36,-2,2,100000,44,0.00044,73,0.00073
36,-2,3,100000,25,0.00025,67,0.00067
36,-2,4,100000,21,0.00021,64,0.00064
36,-2,5,100000,33,0.00033,68,0.00068
36,-1,0,100000,30,0.0003,75,0.00075
36,-1,1,100000,28,0.00028,83,0.00083
36,-1,2,100000,44,0.00044,64,0.00064
36,-1,3,100000,51,0.00051,76,0.00076
36,-1,4,100000,32,0.00032,61,0.00061
36,-1,5,100000,28,0.00028,70,0.0007
36,0,0,100000,26,0.00026,69,0.00069
36,0,1,100000,44,0.00044,77,0.00077
36,0,2,100000,23,0.00023,62,0.00062
36,0,3,100000,28,0.00028,76,0.00076
36,0,4,100000,23,0.00023,68,0.00068
36,0,5,100000,32,0.00032,67,0.00067
36,1,0,100000,28,0.00028,76,0.00076
36,1,1,100000,16,0.00016,69,0.00069
36,1,2,100000,36,0.00036,75,0.00075
36,1,3,100000,25,0.00025,72,0.00072
36,1,4,100000,18,0.00018,71,0.00071
36,1,5,100000,28,0.00028,72,0.00072
36,2,0,100000,31,0.00031,72,0.00072
36,2,1,100000,34,0.00034,72,0.00072
36,2,2,100000,13,0.00013,59,0.00059
36,2,3,100000,24,0.00024,72,0.00072
36,2,4,100000,20,0.0002,58,0.00058
36,2,5,100000,13,0.00013,57,0.00057
36,3,0,100000,19,0.00019,67,0.00067
36,3,1,100000,25,0.00025,65,0.00065
36,3,2,100000,41,0.00041,72,0.00072
36,3,3,100000,25,0.00025,79,0.00079
36,3,4,100000,32,0.00032,76,0.00076
36,3,5,100000,18,0.00018,69,0.00069
36,4,0,100000,34,0.00034,78,0.00078
36,4,1,100000,22,0.00022,65,0.00065
36,4,2,100000,24,0.00024,57,0.00057
36,4,3,100000,45,0.00045,73,0.00073
36,4,4,100000,41,0.00041,68,0.00068
36,4,5,100000,26,0.00026,73,0.00073
36,5,0,100000,21,0.00021,67,0.00067
36,5,1,100000,21,0.00021,63,0.00063
36,5,2,100000,31,0.00031,65,0.00065
36,5,3,100000,25,0.00025,69,0.00069
36,5,4,100000,25,0.00025,70,0.0007
36,5,5,100000,20,0.0002,68,0.00068
36,6,0,100000,37,0.00037,70,0.0007
36,6,1,100000,19,0.00019,64,0.00064
36,6,2,100000,21,0.00021,66,0.00066
36,6,3,100000,21,0.00021,63,0.00063
36,6,4,100000,42,0.00042,70,0.0007
36,6,5,100000,22,0.00022,72,0.00072
36,7,0,100000,58,0.00058,75,0.00075
36,7,1,100000,15,0.00015,71,0.00071
36,7,2,100000,33,0.00033,74,0.00074
36,7,3,100000,25,0.00025,65,0.00065
36,7,4,100000,25,0.00025,71,0.00071
36,7,5,100000,33,0.00033,56,0.00056
36,8,0,100000,40,0.0004,74,0.00074
36,8,1,100000,36,0.00036,75,0.00075
36,8,2,100000,19,0.00019,59,0.00059
36,8,3,100000,37,0.00037,78,0.00078
36,8,4,100000,34,0.00034,68,0.00068
36,8,5,100000,56,0.00056,78,0.00078
36,9,0,100000,25,0.00025,71,0.00071
36,9,1,100000,26,0.00026,56,0.00056
36,9,2,100000,42,0.00042,79,0.00079
36,9,3,100000,32,0.00032,64,0.00064
36,9,4,100000,29,0.00029,70,0.0007
36,9,5,100000,40,0.0004,70,0.0007
36,10,0,100000,51,0.00051,75,0.00075
36,10,1,100000,40,0.0004,80,0.0008
36,10,2,100000,38,0.00038,83,0.00083
36,10,3,100000,26,0.00026,67,0.00067
36,10,4,100000,34,0.00034,82,0.00082
36,10,5,100000,34,0.00034,65,0.00065
36,11,0,100000,26,0.00026,79,0.00079
36,11,1,100000,42,0.00042,89,0.00089
36,11,2,100000,35,0.00035,74,0.00074
36,11,3,100000,29,0.00029,61,0.00061
36,11,4,100000,26,0.00026,59,0.00059
36,11,5,100000,20,0.0002,67,0.00067
36,12,0,100000,18,0.00018,68,0.00068
36,12,1,100000,21,0.00021,71,0.00071
36,12,2,100000,27,0.00027,84,0.00084
36,12,3,100000,30,0.0003,65,0.00065
36,12,4,100000,48,0.00048,84,0.00084
36,12,5,100000,49,0.00049,73,0.00073
36,13,0,100000,21,0.00021,57,0.00057
36,13,1,100000,25,0.00025,76,0.00076
36,13,2,100000,26,0.00026,81,0.00081
36,13,3,100000,32,0.00032,84,0.00084
36,13,4,100000,26,0.00026,85,0.00085
36,13,5,100000,22,0.00022,66,0.00066
36,14,0,100000,22,0.00022,78,0.00078
36,14,1,100000,31,0.00031,69,0.00069
36,14,2,100000,28,0.00028,84,0.00084
36,14,3,100000,24,0.00024,62,0.00062
36,14,4,100000,25,0.00025,76,0.00076
36,14,5,100000,28,0.00028,59,0.00059
36,15,0,100000,26,0.00026,67,0.00067
36,15,1,100000,22,0.00022,59,0.00059
36,15,2,100000,36,0.00036,75,0.00075
36,15,3,100000,14,0.00014,71,0.00071
36,15,4,100000,24,0.00024,77,0.00077
36,15,5,100000,50,0.0005,92,0.00092
36,16,0,100000,24,0.00024,62,0.00062
36,16,1,100000,13,0.00013,66,0.00066
36,16,2,100000,40,0.0004,80,0.0008
36,16,3,100000,32,0.00032,71,0.00071
36,16,4,100000,12,0.00012,69,0.00069
36,16,5,100000,31,0.00031,77,0.00077
36,17,0,100000,27,0.00027,69,0.00069
36,17,1,100000,30,0.0003,56,0.00056
36,17,2,100000,28,0.00028,73,0.00073
36,17,3,100000,23,0.00023,54,0.00054
36,17,4,100000,34,0.00034,66,0.00066
36,17,5,100000,33,0.00033,85,0.00085
36,18,0,100000,32,0.00032,61,0.00061
36,18,1,100000,29,0.00029,79,0.00079
36,18,2,100000,37,0.00037,83,0.00083
36,18,3,100000,22,0.00022,67,0.00067
36,18,4,100000,17,0.00017,66,0.00066
36,18,5,100000,17,0.00017,72,0.00072
36,19,0,100000,25,0.00025,69,0.00069
36,19,1,100000,36,0.00036,73,0.00073
36,19,2,100000,53,0.00053,86,0.00086
36,19,3,100000,33,0.00033,74,0.00074
36,19,4,100000,30,0.0003,78,0.00078
36,19,5,100000,31,0.00031,70,0.0007
36,20,0,100000,26,0.00026,69,0.00069
36,20,1,100000,39,0.00039,80,0.0008
36,20,2,100000,31,0.00031,72,0.00072
36,20,3,100000,16,0.00016,76,0.00076
36,20,4,100000,23,0.00023,65,0.00065
36,20,5,100000,34,0.00034,71,0.00071
36,21,0,100000,28,0.00028,61,0.00061
36,21,1,100000,18,0.00018,68,0.00068
36,21,2,100000,25,0.00025,84,0.00084
36,21,3,100000,36,0.00036,65,0.00065
36,21,4,100000,26,0.00026,75,0.00075
36,21,5,100000,21,0.00021,76,0.00076
36,22,0,100000,29,0.00029,76,0.00076
36,22,1,100000,29,0.00029,66,0.00066
36,22,2,100000,25,0.00025,68,0.00068
36,22,3,100000,13,0.00013,72,0.00072
36,22,4,100000,27,0.00027,74,0.00074
36,22,5,100000,21,0.00021,65,0.00065
36,23,0,100000,36,0.00036,78,0.00078
36,23,1,100000,32,0.00032,90,0.0009
36,23,2,100000,40,0.0004,80,0.0008
36,23,3,100000,20,0.0002,75,0.00075
36,23,4,100000,36,0.00036,80,0.0008
36,23,5,100000,22,0.00022,62,0.00062
36,24,0,100000,47,0.00047,78,0.00078
36,24,1,100000,29,0.00029,64,0.00064
36,24,2,100000,25,0.00025,71,0.00071
36,24,3,100000,22,0.00022,57,0.00057
36,24,4,100000,25,0.00025,64,0.00064
36,24,5,100000,32,0.00032,73,0.00073
36,25,0,100000,31,0.00031,57,0.00057
36,25,1,100000,25,0.00025,64,0.00064
36,25,2,100000,28,0.00028,76,0.00076
36,25,3,100000,32,0.00032,72,0.00072
36,25,4,100000,45,0.00045,85,0.00085
36,25,5,100000,33,0.00033,64,0.00064
36,26,0,100000,21,0.00021,64,0.00064
36,26,1,100000,41,0.00041,79,0.00079
36,26,2,100000,28,0.00028,77,0.00077
36,26,3,100000,38,0.00038,73,0.00073
36,26,4,100000,41,0.00041,69,0.00069
36,26,5,100000,24,0.00024,66,0.00066
36,27,0,100000,23,0.00023,83,0.00083
36,27,1,100000,38,0.00038,74,0.00074
36,27,2,100000,41,0.00041,73,0.00073
36,27,3,100000,38,0.00038,81,0.00081
36,27,4,100000,33,0.00033,85,0.00085
36,27,5,100000,33,0.00033,61,0.00061
36,28,0,100000,41,0.00041,66,0.00066
36,28,1,100000,42,0.00042,78,0.00078
36,28,2,100000,22,0.00022,77,0.00077
36,28,3,100000,34,0.00034,71,0.00071
36,28,4,100000,15,0.00015,82,0.00082
36,28,5,100000,28,0.00028,73,0.00073
36,29,0,100000,53,0.00053,83,0.00083
36,29,1,100000,37,0.00037,72,0.00072
36,29,2,100000,25,0.00025,69,0.00069
36,29,3,100000,22,0.00022,61,0.00061
36,29,4,100000,29,0.00029,59,0.00059
36,29,5,100000,23,0.00023,65,0.00065
36,30,0,100000,35,0.00035,66,0.00066
36,30,1,100000,33,0.00033,67,0.00067
36,30,2,100000,43,0.00043,77,0.00077
36,30,3,100000,27,0.00027,66,0.00066
36,30,4,100000,39,0.00039,83,0.00083
36,30,5,100000,39,0.00039,77,0.00077
36,31,0,100000,44,0.00044,77,0.00077
36,31,1,100000,25,0.00025,86,0.00086
36,31,2,100000,26,0.00026,78,0.00078
36,31,3,100000,31,0.00031,69,0.00069
36,31,4,100000,58,0.00058,66,0.00066
36,31,5,100000,30,0.0003,82,0.00082
36,32,0,100000,29,0.00029,63,0.00063
36,32,1,100000,15,0.00015,59,0.00059
36,32,2,100000,23,0.00023,76,0.00076
36,32,3,100000,36,0.00036,91,0.00091
36,32,4,100000,16,0.00016,57,0.00057
36,32,5,100000,16,0.00016,67,0.00067
36,33,0,100000,25,0.00025,70,0.0007
36,33,1,100000,22,0.00022,70,0.0007
36,33,2,100000,30,0.0003,84,0.00084
36,33,3,100000,31,0.00031,80,0.0008
36,33,4,100000,27,0.00027,62,0.00062
36,33,5,100000,31,0.00031,72,0.00072
36,34,0,100000,49,0.00049,78,0.00078
36,34,1,100000,30,0.0003,72,0.00072
36,34,2,100000,38,0.00038,77,0.00077
36,34,3,100000,42,0.00042,76,0.00076
36,34,4,100000,30,0.0003,74,0.00074
36,34,5,100000,33,0.00033,79,0.00079
36,35,0,100000,40,0.0004,69,0.00069
36,35,1,100000,31,0.00031,69,0.00069
36,35,2,100000,32,0.00032,84,0.00084
36,35,3,100000,20,0.0002,66,0.00066
36,35,4,100000,15,0.00015,88,0.00088
36,35,5,100000,16,0.00016,60,0.0006
36,36,0,100000,41,0.00041,71,0.00071
36,36,1,100000,41,0.00041,69,0.00069
36,36,2,100000,24,0.00024,72,0.00072
36,36,3,100000,26,0.00026,73,0.00073
36,36,4,100000,27,0.00027,74,0.00074
36,36,5,100000,30,0.0003,68,0.00068
36,37,0,100000,52,0.00052,80,0.0008
36,37,1,100000,48,0.00048,81,0.00081
36,37,2,100000,50,0.0005,89,0.00089
36,37,3,100000,32,0.00032,74,0.00074
36,37,4,100000,43,0.00043,87,0.00087
36,37,5,100000,27,0.00027,80,0.0008
36,38,0,100000,15,0.00015,65,0.00065
36,38,1,100000,19,0.00019,67,0.00067
36,38,2,100000,30,0.0003,83,0.00083
36,38,3,100000,23,0.00023,69,0.00069
36,38,4,100000,25,0.00025,71,0.00071
36,38,5,100000,23,0.00023,81,0.00081
36,39,0,100000,31,0.00031,63,0.00063
36,39,1,100000,23,0.00023,68,0.00068
36,39,2,100000,23,0.00023,80,0.0008
36,39,3,100000,14,0.00014,67,0.00067
36,39,4,100000,28,0.00028,73,0.00073
36,39,5,100000,33,0.00033,78,0.00078
36,40,0,100000,35,0.00035,78,0.00078
36,40,1,100000,34,0.00034,68,0.00068
36,40,2,100000,18,0.00018,64,0.00064
36,40,3,100000,20,0.0002,77,0.00077
36,40,4,100000,28,0.00028,83,0.00083
36,40,5,100000,29,0.00029,87,0.00087
36,41,0,100000,17,0.00017,56,0.00056
36,41,1,100000,29,0.00029,81,0.00081
36,41,2,100000,32,0.00032,75,0.00075
36,41,3,100000,15,0.00015,63,0.00063
36,41,4,100000,27,0.00027,74,0.00074
36,41,5,100000,40,0.0004,73,0.00073
36,42,0,100000,23,0.00023,69,0.00069
36,42,1,100000,22,0.00022,73,0.00073
36,42,2,100000,23,0.00023,80,0.0008
36,42,3,100000,25,0.00025,77,0.00077
36,42,4,100000,23,0.00023,77,0.00077
36,42,5,100000,25,0.00025,64,0.00064
36,43,0,100000,18,0.00018,63,0.00063
36,43,1,100000,20,0.0002,81,0.00081
36,43,2,100000,25,0.00025,63,0.00063
36,43,3,100000,25,0.00025,71,0.00071
36,43,4,100000,32,0.00032,66,0.00066
36,43,5,100000,25,0.00025,68,0.00068
36,44,0,100000,31,0.00031,73,0.00073
36,44,1,100000,21,0.00021,57,0.00057
36,44,2,100000,50,0.0005,83,0.00083
36,44,3,100000,31,0.00031,83,0.00083
36,44,4,100000,23,0.00023,73,0.00073
36,44,5,100000,16,0.00016,69,0.00069
36,45,0,100000,38,0.00038,79,0.00079
36,45,1,100000,24,0.00024,70,0.0007
36,45,2,100000,36,0.00036,76,0.00076
36,45,3,100000,51,0.00051,86,0.00086
36,45,4,100000,20,0.0002,75,0.00075
36,45,5,100000,26,0.00026,65,0.00065
36,46,0,100000,39,0.00039,62,0.00062
36,46,1,100000,37,0.00037,90,0.0009
36,46,2,100000,24,0.00024,68,0.00068
36,46,3,100000,26,0.00026,69,0.00069
36,46,4,100000,33,0.00033,75,0.00075
36,46,5,100000,28,0.00028,68,0.00068
36,47,0,100000,29,0.00029,68,0.00068
36,47,1,100000,30,0.0003,61,0.00061
36,47,2,100000,42,0.00042,86,0.00086
36,47,3,100000,35,0.00035,76,0.00076
36,47,4,100000,25,0.00025,60,0.0006
36,47,5,100000,41,0.00041,83,0.00083
36,48,0,100000,45,0.00045,74,0.00074
36,48,1,100000,29,0.00029,77,0.00077
36,48,2,100000,18,0.00018,66,0.00066
36,48,3,100000,34,0.00034,73,0.00073
36,48,4,100000,25,0.00025,69,0.00069
36,48,5,100000,30,0.0003,69,0.00069
36,49,0,100000,27,0.00027,72,0.00072
36,49,1,100000,32,0.00032,59,0.00059
36,49,2,100000,58,0.00058,75,0.00075
36,49,3,100000,26,0.00026,68,0.00068
36,49,4,100000,43,0.00043,69,0.00069
36,49,5,100000,29,0.00029,57,0.00057
36,50,0,100000,23,0.00023,74,0.00074
36,50,1,100000,32,0.00032,65,0.00065
36,50,2,100000,30,0.0003,73,0.00073
36,50,3,100000,39,0.00039,81,0.00081
36,50,4,100000,29,0.00029,87,0.00087
36,50,5,100000,31,0.00031,62,0.00062
37,-50,0,100000,32,0.00032,84,0.00084
37,-50,1,100000,33,0.00033,69,0.00069
37,-50,2,100000,32,0.00032,64,0.00064
37,-50,3,100000,24,0.00024,57,0.00057
37,-50,4,100000,48,0.00048,80,0.0008
37,-50,5,100000,40,0.0004,68,0.00068
37,-49,0,100000,23,0.00023,69,0.00069
37,-49,1,100000,34,0.00034,72,0.00072
37,-49,2,100000,25,0.00025,77,0.00077
37,-49,3,100000,28,0.00028,53,0.00053
37,-49,4,100000,41,0.00041,98,0.00098
37,-49,5,100000,25,0.00025,65,0.00065
37,-48,0,100000,31,0.00031,91,0.00091
37,-48,1,100000,24,0.00024,62,0.00062
37,-48,2,100000,28,0.00028,70,0.0007
37,-48,3,100000,25,0.00025,63,0.00063
37,-48,4,100000,59,0.00059,65,0.00065
37,-48,5,100000,12,0.00012,69,0.00069
37,-47,0,100000,29,0.00029,75,0.00075
37,-47,1,100000,34,0.00034,76,0.00076
37,-47,2,100000,27,0.00027,81,0.00081
37,-47,3,100000,41,0.00041,65,0.00065
37,-47,4,100000,27,0.00027,75,0.00075
37,-47,5,100000,20,0.0002,65,0.00065
37,-46,0,100000,41,0.00041,70,0.0007
37,-46,1,100000,32,0.00032,69,0.00069
37,-46,2,100000,44,0.00044,85,0.00085
37,-46,3,100000,28,0.00028,69,0.00069
37,-46,4,100000,49,0.00049,86,0.00086
37,-46,5,100000,17,0.00017,63,0.00063
37,-45,0,100000,14,0.00014,63,0.00063
37,-45,1,100000,21,0.00021,58,0.00058
37,-45,2,100000,18,0.00018,68,0.00068
37,-45,3,100000,20,0.0002,65,0.00065
37,-45,4,100000,13,0.00013,71,0.00071
37,-45,5,100000,30,0.0003,72,0.00072
37,-44,0,100000,31,0.00031,84,0.00084
37,-44,1,100000,39,0.00039,67,0.00067
37,-44,2,100000,32,0.00032,63,0.00063
37,-44,3,100000,23,0.00023,68,0.00068
37,-44,4,100000,34,0.00034,66,0.00066
37,-44,5,100000,20,0.0002,75,0.00075
37,-43,0,100000,27,0.00027,63,0.00063
37,-43,1,100000,38,0.00038,78,0.00078
37,-43,2,100000,23,0.00023,73,0.00073
37,-43,3,100000,25,0.00025,74,0.00074
37,-43,4,100000,49,0.00049,84,0.00084
37,-43,5,100000,25,0.00025,57,0.00057
37,-42,0,100000,28,0.00028,66,0.00066
37,-42,1,100000,30,0.0003,64,0.00064
37,-42,2,100000,54,0.00054,82,0.00082
37,-42,3,100000,30,0.0003,74,0.00074
37,-42,4,100000,16,0.00016,63,0.00063
37,-42,5,100000,15,0.00015,61,0.00061
37,-41,0,100000,26,0.00026,67,0.00067
37,-41,1,100000,38,0.00038,63,0.00063
37,-41,2,100000,20,0.0002,66,0.00066
37,-41,3,100000,30,0.0003,87,0.00087
37,-41,4,100000,37,0.00037,71,0.00071
37,-41,5,100000,27,0.00027,68,0.00068
37,-40,0,100000,29,0.00029,86,0.00086
37,-40,1,100000,34,0.00034,81,0.00081
37,-40,2,100000,47,0.00047,79,0.00079
37,-40,3,100000,42,0.00042,65,0.00065
37,-40,4,100000,28,0.00028,76,0.00076
37,-40,5,100000,42,0.00042,86,0.00086
37,-39,0,100000,17,0.00017,85,0.00085
37,-39,1,100000,18,0.00018,50,0.0005
37,-39,2,100000,20,0.0002,57,0.00057
37,-39,3,100000,33,0.00033,70,0.0007
37,-39,4,100000,31,0.00031,71,0.00071
37,-39,5,100000,40,0.0004,81,0.00081
37,-38,0,100000,44,0.00044,75,0.00075
37,-38,1,100000,27,0.00027,78,0.00078
37,-38,2,100000,39,0.00039,79,0.00079
37,-38,3,100000,36,0.00036,81,0.00081
37,-38,4,100000,26,0.00026,72,0.00072
37,-38,5,100000,34,0.00034,85,0.00085
37,-37,0,100000,40,0.0004,78,0.00078
37,-37,1,100000,20,0.0002,66,0.00066
37,-37,2,100000,33,0.00033,68,0.00068
37,-37,3,100000,18,0.00018,85,0.00085
37,-37,4,100000,25,0.00025,84,0.00084
37,-37,5,100000,34,0.00034,62,0.00062
37,-36,0,100000,22,0.00022,70,0.0007
37,-36,1,100000,35,0.00035,81,0.00081
37,-36,2,100000,26,0.00026,62,0.00062
37,-36,3,100000,52,0.00052,77,0.00077
37,-36,4,100000,29,0.00029,75,0.00075
37,-36,5,100000,36,0.00036,70,0.0007
37,-35,0,100000,24,0.00024,71,0.00071
37,-35,1,100000,27,0.00027,75,0.00075
37,-35,2,100000,38,0.00038,78,0.00078
37,-35,3,100000,31,0.00031,70,0.0007
37,-35,4,100000,34,0.00034,85,0.00085
37,-35,5,100000,30,0.0003,65,0.00065
37,-34,0,100000,42,0.00042,98,0.00098
37,-34,1,100000,23,0.00023,62,0.00062
37,-34,2,100000,43,0.00043,67,0.00067
37,-34,3,100000,44,0.00044,71,0.00071
37,-34,4,100000,64,0.00064,76,0.00076
37,-34,5,100000,34,0.00034,95,0.00095
37,-33,0,100000,42,0.00042,77,0.00077
37,-33,1,100000,30,0.0003,77,0.00077
37,-33,2,100000,49,0.00049,76,0.00076
37,-33,3,100000,28,0.00028,72,0.00072
37,-33,4,100000,24,0.00024,78,0.00078
37,-33,5,100000,38,0.00038,87,0.00087
37,-32,0,100000,17,0.00017,60,0.0006
37,-32,1,100000,39,0.00039,74,0.00074
37,-32,2,100000,28,0.00028,54,0.00054
37,-32,3,100000,35,0.00035,76,0.00076
37,-32,4,100000,24,0.00024,65,0.00065
37,-32,5,100000,23,0.00023,66,0.00066
37,-31,0,100000,17,0.00017,76,0.00076
37,-31,1,100000,39,0.00039,84,0.00084
37,-31,2,100000,25,0.00025,70,0.0007
37,-31,3,100000,33,0.00033,77,0.00077
37,-31,4,100000,24,0.00024,60,0.0006
37,-31,5,100000,17,0.00017,71,0.00071
37,-30,0,100000,41,0.00041,69,0.00069
37,-30,1,100000,26,0.00026,87,0.00087
37,-30,2,100000,16,0.00016,56,0.00056
37,-30,3,100000,33,0.00033,68,0.00068
37,-30,4,100000,34,0.00034,74,0.00074
37,-30,5,100000,40,0.0004,74,0.00074
37,-29,0,100000,26,0.00026,71,0.00071
37,-29,1,100000,34,0.00034,79,0.00079
37,-29,2,100000,48,0.00048,67,0.00067
37,-29,3,100000,22,0.00022,56,0.00056
37,-29,4,100000,31,0.00031,56,0.00056
37,-29,5,100000,26,0.00026,76,0.00076
37,-28,0,100000,27,0.00027,74,0.00074
37,-28,1,100000,22,0.00022,71,0.00071
37,-28,2,100000,15,0.00015,71,0.00071
37,-28,3,100000,24,0.00024,73,0.00073
37,-28,4,100000,25,0.00025,65,0.00065
37,-28,5,100000,35,0.00035,80,0.0008
37,-27,0,100000,26,0.00026,70,0.0007
37,-27,1,100000,22,0.00022,68,0.00068
37,-27,2,100000,29,0.00029,78,0.00078
37,-27,3,100000,24,0.00024,61,0.00061
37,-27,4,100000,37,0.00037,69,0.00069
37,-27,5,100000,44,0.00044,73,0.00073
37,-26,0,100000,37,0.00037,69,0.00069
37,-26,1,100000,23,0.00023,61,0.00061
37,-26,2,100000,22,0.00022,77,0.00077
37,-26,3,100000,40,0.0004,75,0.00075
37,-26,4,100000,47,0.00047,91,0.00091
37,-26,5,100000,26,0.00026,86,0.00086
37,-25,0,100000,14,0.00014,50,0.0005
37,-25,1,100000,33,0.00033,64,0.00064
37,-25,2,100000,24,0.00024,68,0.00068
37,-25,3,100000,15,0.00015,72,0.00072
37,-25,4,100000,33,0.00033,74,0.00074
37,-25,5,100000,39,0.00039,78,0.00078
37,-24,0,100000,38,0.00038,59,0.00059
37,-24,1,100000,60,0.0006,76,0.00076
37,-24,2,100000,32,0.00032,76,0.00076
37,-24,3,100000,23,0.00023,76,0.00076
37,-24,4,100000,32,0.00032,79,0.00079
37,-24,5,100000,40,0.0004,78,0.00078
37,-23,0,100000,40,0.0004,78,0.00078
37,-23,1,100000,18,0.00018,72,0.00072
37,-23,2,100000,44,0.00044,67,0.00067
37,-23,3,100000,26,0.00026,62,0.00062
37,-23,4,100000,31,0.00031,75,0.00075
37,-23,5,100000,14,0.00014,64,0.00064
37,-22,0,100000,28,0.00028,81,0.00081
37,-22,1,100000,50,0.0005,77,0.00077
37,-22,2,100000,32,0.00032,68,0.00068
37,-22,3,100000,36,0.00036,75,0.00075
37,-22,4,100000,43,0.00043,65,0.00065
37,-22,5,100000,22,0.00022,80,0.0008
37,-21,0,100000,34,0.00034,77,0.00077
37,-21,1,100000,37,0.00037,73,0.00073
37,-21,2,100000,25,0.00025,75,0.00075
37,-21,3,100000,26,0.00026,69,0.00069
37,-21,4,100000,43,0.00043,74,0.00074
37,-21,5,100000,34,0.00034,80,0.0008
37,-20,0,100000,39,0.00039,80,0.0008
37,-20,1,100000,24,0.00024,69,0.00069
37,-20,2,100000,42,0.00042,71,0.00071
37,-20,3,100000,27,0.00027,70,0.0007
37,-20,4,100000,38,0.00038,71,0.00071
37,-20,5,100000,39,0.00039,64,0.00064
37,-19,0,100000,26,0.00026,80,0.0008
37,-19,1,100000,20,0.0002,70,0.0007
37,-19,2,100000,19,0.00019,57,0.00057
37,-19,3,100000,33,0.00033,81,0.00081
37,-19,4,100000,22,0.00022,80,0.0008
37,-19,5,100000,29,0.00029,81,0.00081
37,-18,0,100000,45,0.00045,91,0.00091
37,-18,1,100000,34,0.00034,85,0.00085
37,-18,2,100000,20,0.0002,75,0.00075
37,-18,3,100000,28,0.00028,68,0.00068
37,-18,4,100000,36,0.00036,68,0.00068
37,-18,5,100000,27,0.00027,67,0.00067
37,-17,0,100000,20,0.0002,69,0.00069
37,-17,1,100000,29,0.00029,78,0.00078
37,-17,2,100000,23,0.00023,72,0.00072
37,-17,3,100000,11,0.00011,67,0.00067
37,-17,4,100000,15,0.00015,37,0.00037
37,-17,5,100000,20,0.0002,59,0.00059
37,-16,0,100000,20,0.0002,74,0.00074
37,-16,1,100000,32,0.00032,61,0.00061
37,-16,2,100000,24,0.00024,62,0.00062
37,-16,3,100000,36,0.00036,79,0.00079
37,-16,4,100000,20,0.0002,64,0.00064
37,-16,5,100000,23,0.00023,80,0.0008
37,-15,0,100000,14,0.00014,78,0.00078
37,-15,1,100000,26,0.00026,83,0.00083
37,-15,2,100000,20,0.0002,84,0.00084
37,-15,3,100000,29,0.00029,63,0.00063
37,-15,4,100000,32,0.00032,74,0.00074
37,-15,5,100000,22,0.00022,82,0.00082
37,-14,0,100000,38,0.00038,77,0.00077
37,-14,1,100000,23,0.00023,59,0.00059
37,-14,2,100000,25,0.00025,82,0.00082
37,-14,3,100000,26,0.00026,87,0.00087
37,-14,4,100000,15,0.00015,61,0.00061
37,-14,5,100000,30,0.0003,73,0.00073
37,-13,0,100000,21,0.00021,62,0.00062
37,-13,1,100000,45,0.00045,75,0.00075
37,-13,2,100000,40,0.0004,73,0.00073
37,-13,3,100000,25,0.00025,79,0.00079
37,-13,4,100000,21,0.00021,71,0.00071
37,-13,5,100000,17,0.00017,66,0.00066
37,-12,0,100000,38,0.00038,90,0.0009
37,-12,1,100000,23,0.00023,70,0.0007
37,-12,2,100000,24,0.00024,54,0.00054
37,-12,3,100000,43,0.00043,82,0.00082
37,-12,4,100000,28,0.00028,68,0.00068
37,-12,5,100000,57,0.00057,89,0.00089
37,-11,0,100000,38,0.00038,94,0.00094
37,-11,1,100000,26,0.00026,95,0.00095
37,-11,2,100000,27,0.00027,71,0.00071
37,-11,3,100000,38,0.00038,74,0.00074
37,-11,4,100000,27,0.00027,56,0.00056
37,-11,5,100000,25,0.00025,46,0.00046
37,-10,0,100000,30,0.0003,73,0.00073
37,-10,1,100000,27,0.00027,84,0.00084
37,-10,2,100000,55,0.00055,77,0.00077
37,-10,3,100000,38,0.00038,65,0.00065
37,-10,4,100000,30,0.0003,67,0.00067
37,-10,5,100000,19,0.00019,68,0.00068
37,-9,0,100000,40,0.0004,63,0.00063
37,-9,1,100000,28,0.00028,73,0.00073
37,-9,2,100000,40,0.0004,59,0.00059
37,-9,3,100000,23,0.00023,59,0.00059
37,-9,4,100000,22,0.00022,71,0.00071
37,-9,5,100000,23,0.00023,73,0.00073
37,-8,0,100000,37,0.00037,87,0.00087
37,-8,1,100000,17,0.00017,71,0.00071
37,-8,2,100000,24,0.00024,63,0.00063
37,-8,3,100000,36,0.00036,67,0.00067
37,-8,4,100000,33,0.00033,68,0.00068
37,-8,5,100000,37,0.00037,78,0.00078
37,-7,0,100000,30,0.0003,85,0.00085
37,-7,1,100000,31,0.00031,78,0.00078
37,-7,2,100000,30,0.0003,83,0.00083
37,-7,3,100000,31,0.00031,78,0.00078
37,-7,4,100000,38,0.00038,84,0.00084
37,-7,5,100000,34,0.00034,82,0.00082
37,-6,0,100000,30,0.0003,66,0.00066
37,-6,1,100000,35,0.00035,66,0.00066
37,-6,2,100000,31,0.00031,58,0.00058
37,-6,3,100000,25,0.00025,64,0.00064
37,-6,4,100000,31,0.00031,79,0.00079
37,-6,5,100000,15,0.00015,66,0.00066
37,-5,0,100000,32,0.00032,72,0.00072
37,-5,1,100000,25,0.00025,71,0.00071
37,-5,2,100000,33,0.00033,72,0.00072
37,-5,3,100000,23,0.00023,83,0.00083
37,-5,4,100000,29,0.00029,74,0.00074
37,-5,5,100000,27,0.00027,78,0.00078
37,-4,0,100000,20,0.0002,63,0.00063
37,-4,1,100000,46,0.00046,69,0.00069
37,-4,2,100000,26,0.00026,61,0.00061
37,-4,3,100000,15,0.00015,79,0.00079
37,-4,4,100000,28,0.00028,64,0.00064
37,-4,5,100000,47,0.00047,58,0.00058
37,-3,0,100000,23,0.00023,67,0.00067
37,-3,1,100000,27,0.00027,70,0.0007
37,-3,2,100000,24,0.00024,75,0.00075
37,-3,3,100000,20,0.0002,63,0.00063
37,-3,4,100000,41,0.00041,67,0.00067
37,-3,5,100000,49,0.00049,95,0.00095
37,-2,0,100000,36,0.00036,85,0.00085
37,-2,1,100000,23,0.00023,73,0.00073
37,-2,2,100000,21,0.00021,67,0.00067
37,-2,3,100000,38,0.00038,80,0.0008
37,-2,4,100000,25,0.00025,68,0.00068
37,-2,5,100000,35,0.00035,85,0.00085
37,-1,0,100000,41,0.00041,63,0.00063
37,-1,1,100000,16,0.00016,61,0.00061
37,-1,2,100000,35,0.00035,65,0.00065
37,-1,3,100000,27,0.00027,51,0.00051
37,-1,4,100000,23,0.00023,73,0.00073
37,-1,5,100000,24,0.00024,82,0.00082
37,0,0,100000,16,0.00016,61,0.00061
37,0,1,100000,17,0.00017,73,0.00073
37,0,2,100000,34,0.00034,67,0.00067
37,0,3,100000,30,0.0003,70,0.0007
37,0,4,100000,33,0.00033,66,0.00066
37,0,5,100000,30,0.0003,74,0.00074
37,1,0,100000,27,0.00027,72,0.00072
37,1,1,100000,37,0.00037,62,0.00062
37,1,2,100000,20,0.0002,70,0.0007
37,1,3,100000,32,0.00032,65,0.00065
37,1,4,100000,36,0.00036,70,0.0007
37,1,5,100000,32,0.00032,59,0.00059
37,2,0,100000,23,0.00023,73,0.00073
37,2,1,100000,23,0.00023,67,0.00067
37,2,2,100000,47,0.00047,82,0.00082
37,2,3,100000,45,0.00045,83,0.00083
37,2,4,100000,43,0.00043,83,0.00083
37,2,5,100000,32,0.00032,82,0.00082
37,3,0,100000,39,0.00039,89,0.00089
37,3,1,100000,31,0.00031,89,0.00089
37,3,2,100000,51,0.00051,83,0.00083
37,3,3,100000,24,0.00024,68,0.00068
37,3,4,100000,44,0.00044,55,0.00055
37,3,5,100000,31,0.00031,78,0.00078
37,4,0,100000,23,0.00023,72,0.00072
37,4,1,100000,47,0.00047,85,0.00085
37,4,2,100000,51,0.00051,61,0.00061
37,4,3,100000,29,0.00029,68,0.00068
37,4,4,100000,20,0.0002,64,0.00064
37,4,5,100000,42,0.00042,72,0.00072
37,5,0,100000,21,0.00021,67,0.00067
37,5,1,100000,20,0.0002,59,0.00059
37,5,2,100000,41,0.00041,81,0.00081
37,5,3,100000,26,0.00026,78,0.00078
37,5,4,100000,33,0.00033,52,0.00052
37,5,5,100000,28,0.00028,72,0.00072
37,6,0,100000,23,0.00023,69,0.00069
37,6,1,100000,39,0.00039,65,0.00065
37,6,2,100000,56,0.00056,77,0.00077
37,6,3,100000,31,0.00031,89,0.00089
37,6,4,100000,37,0.00037,78,0.00078
37,6,5,100000,26,0.00026,82,0.00082
37,7,0,100000,38,0.00038,71,0.00071
37,7,1,100000,24,0.00024,74,0.00074
37,7,2,100000,33,0.00033,73,0.00073
37,7,3,100000,26,0.00026,74,0.00074
37,7,4,100000,24,0.00024,74,0.00074
37,7,5,100000,33,0.00033,77,0.00077
37,8,0,100000,53,0.00053,88,0.00088
37,8,1,100000,37,0.00037,56,0.00056
37,8,2,100000,30,0.0003,68,0.00068
37,8,3,100000,29,0.00029,61,0.00061
37,8,4,100000,29,0.00029,61,0.00061
37,8,5,100000,19,0.00019,81,0.00081
37,9,0,100000,44,0.00044,80,0.0008
37,9,1,100000,25,0.00025,79,0.00079
37,9,2,100000,16,0.00016,68,0.00068
37,9,3,100000,27,0.00027,65,0.00065
37,9,4,100000,46,0.00046,72,0.00072
37,9,5,100000,24,0.00024,63,0.00063
37,10,0,100000,43,0.00043,81,0.00081
37,10,1,100000,44,0.00044,76,0.00076
37,10,2,100000,45,0.00045,76,0.00076
37,10,3,100000,18,0.00018,68,0.00068
37,10,4,100000,34,0.00034,72,0.00072
37,10,5,100000,29,0.00029,75,0.00075
37,11,0,100000,18,0.00018,58,0.00058
37,11,1,100000,39,0.00039,80,0.0008
37,11,2,100000,46,0.00046,77,0.00077
37,11,3,100000,37,0.00037,89,0.00089
37,11,4,100000,26,0.00026,73,0.00073
37,11,5,100000,43,0.00043,78,0.00078
37,12,0,100000,31,0.00031,71,0.00071
37,12,1,100000,28,0.00028,62,0.00062
37,12,2,100000,42,0.00042,74,0.00074
37,12,3,100000,36,0.00036,67,0.00067
37,12,4,100000,36,0.00036,74,0.00074
37,12,5,100000,24,0.00024,71,0.00071
37,13,0,100000,30,0.0003,77,0.00077
37,13,1,100000,33,0.00033,82,0.00082
37,13,2,100000,18,0.00018,63,0.00063
37,13,3,100000,14,0.00014,70,0.0007
37,13,4,100000,49,0.00049,88,0.00088
37,13,5,100000,38,0.00038,64,0.00064
37,14,0,100000,49,0.00049,67,0.00067
37,14,1,100000,15,0.00015,63,0.00063
37,14,2,100000,19,0.00019,73,0.00073
37,14,3,100000,28,0.00028,70,0.0007
37,14,4,100000,22,0.00022,80,0.0008
37,14,5,100000,37,0.00037,73,0.00073
37,15,0,100000,34,0.00034,68,0.00068
37,15,1,100000,42,0.00042,78,0.00078
37,15,2,100000,18,0.00018,83,0.00083
37,15,3,100000,28,0.00028,67,0.00067
37,15,4,100000,42,0.00042,77,0.00077
37,15,5,100000,21,0.00021,59,0.00059
37,16,0,100000,13,0.00013,79,0.00079
37,16,1,100000,19,0.00019,58,0.00058
37,16,2,100000,27,0.00027,61,0.00061
37,16,3,100000,23,0.00023,60,0.0006
37,16,4,100000,40,0.0004,75,0.00075
37,16,5,100000,43,0.00043,82,0.00082
37,17,0,100000,28,0.00028,90,0.0009
37,17,1,100000,40,0.0004,87,0.00087
37,17,2,100000,32,0.00032,77,0.00077
37,17,3,100000,14,0.00014,71,0.00071
37,17,4,100000,33,0.00033,73,0.00073
37,17,5,100000,44,0.00044,83,0.00083
37,18,0,100000,60,0.0006,80,0.0008
37,18,1,100000,28,0.00028,71,0.00071
37,18,2,100000,23,0.00023,65,0.00065
37,18,3,100000,35,0.00035,80,0.0008
37,18,4,100000,13,0.00013,65,0.00065
37,18,5,100000,43,0.00043,78,0.00078
37,19,0,100000,32,0.00032,65,0.00065
37,19,1,100000,20,0.0002,64,0.00064
37,19,2,100000,32,0.00032,60,0.0006
37,19,3,100000,27,0.00027,76,0.00076
37,19,4,100000,21,0.00021,83,0.00083
37,19,5,100000,25,0.00025,62,0.00062
37,20,0,100000,23,0.00023,68,0.00068
37,20,1,100000,44,0.00044,75,0.00075
37,20,2,100000,19,0.00019,66,0.00066
37,20,3,100000,35,0.00035,69,0.00069
37,20,4,100000,30,0.0003,60,0.0006
37,20,5,100000,26,0.00026,83,0.00083
37,21,0,100000,12,0.00012,58,0.00058
37,21,1,100000,21,0.00021,84,0.00084
37,21,2,100000,41,0.00041,84,0.00084
37,21,3,100000,39,0.00039,75,0.00075
37,21,4,100000,9,9e-05,70,0.0007
37,21,5,100000,37,0.00037,77,0.00077
37,22,0,100000,21,0.00021,56,0.00056
37,22,1,100000,11,0.00011,70,0.0007
37,22,2,100000,52,0.00052,79,0.00079
37,22,3,100000,33,0.00033,70,0.0007
37,22,4,100000,26,0.00026,67,0.00067
37,22,5,100000,28,0.00028,62,0.00062
37,23,0,100000,16,0.00016,65,0.00065
37,23,1,100000,24,0.00024,63,0.00063
37,23,2,100000,46,0.00046,72,0.00072
37,23,3,100000,30,0.0003,80,0.0008
37,23,4,100000,29,0.00029,77,0.00077
37,23,5,100000,41,0.00041,75,0.00075
37,24,0,100000,20,0.0002,69,0.00069
37,24,1,100000,30,0.0003,79,0.00079
37,24,2,100000,30,0.0003,62,0.00062
37,24,3,100000,34,0.00034,79,0.00079
37,24,4,100000,44,0.00044,63,0.00063
37,24,5,100000,32,0.00032,78,0.00078
37,25,0,100000,41,0.00041,80,0.0008
37,25,1,100000,49,0.00049,79,0.00079
37,25,2,100000,35,0.00035,66,0.00066
37,25,3,100000,16,0.00016,70,0.0007
37,25,4,100000,34,0.00034,83,0.00083
37,25,5,100000,25,0.00025,69,0.00069
37,26,0,100000,50,0.0005,70,0.0007
37,26,1,100000,27,0.00027,69,0.00069
37,26,2,100000,23,0.00023,70,0.0007
37,26,3,100000,31,0.00031,65,0.00065
37,26,4,100000,36,0.00036,65,0.00065
37,26,5,100000,22,0.00022,70,0.0007
37,27,0,100000,30,0.0003,86,0.00086
37,27,1,100000,20,0.0002,70,0.0007
37,27,2,100000,30,0.0003,63,0.00063
37,27,3,100000,32,0.00032,70,0.0007
37,27,4,100000,30,0.0003,73,0.00073
37,27,5,100000,26,0.00026,69,0.00069
37,28,0,100000,35,0.00035,76,0.00076
37,28,1,100000,29,0.00029,69,0.00069
37,28,2,100000,25,0.00025,72,0.00072
37,28,3,100000,41,0.00041,86,0.00086
37,28,4,100000,40,0.0004,81,0.00081
37,28,5,100000,40,0.0004,83,0.00083
37,29,0,100000,30,0.0003,84,0.00084
37,29,1,100000,21,0.00021,61,0.00061
37,29,2,100000,21,0.00021,64,0.00064
37,29,3,100000,41,0.00041,82,0.00082
37,29,4,100000,25,0.00025,69,0.00069
37,29,5,100000,29,0.00029,75,0.00075
37,30,0,100000,45,0.00045,71,0.00071
37,30,1,100000,24,0.00024,66,0.00066
37,30,2,100000,34,0.00034,85,0.00085
37,30,3,100000,25,0.00025,68,0.00068
37,30,4,100000,28,0.00028,76,0.00076
37,30,5,100000,25,0.00025,64,0.00064
37,31,0,100000,40,0.0004,76,0.00076
37,31,1,100000,30,0.0003,80,0.0008
37,31,2,100000,44,0.00044,72,0.00072
37,31,3,100000,34,0.00034,54,0.00054
37,31,4,100000,12,0.00012,58,0.00058
37,31,5,100000,19,0.00019,65,0.00065
37,32,0,100000,28,0.00028,75,0.00075
37,32,1,100000,20,0.0002,68,0.00068
37,32,2,100000,14,0.00014,53,0.00053
37,32,3,100000,36,0.00036,109,0.00109
37,32,4,100000,17,0.00017,66,0.00066
37,32,5,100000,26,0.00026,66,0.00066
37,33,0,100000,34,0.00034,85,0.00085
37,33,1,100000,15,0.00015,63,0.00063
37,33,2,100000,33,0.00033,74,0.00074
37,33,3,100000,34,0.00034,74,0.00074
37,33,4,100000,39,0.00039,74,0.00074
37,33,5,100000,25,0.00025,73,0.00073
37,34,0,100000,50,0.0005,88,0.00088
37,34,1,100000,38,0.00038,69,0.00069
37,34,2,100000,46,0.00046,80,0.0008
37,34,3,100000,39,0.00039,77,0.00077
37,34,4,100000,20,0.0002,55,0.00055
37,34,5,100000,34,0.00034,64,0.00064
37,35,0,100000,44,0.00044,74,0.00074
37,35,1,100000,34,0.00034,78,0.00078
37,35,2,100000,22,0.00022,79,0.00079
37,35,3,100000,17,0.00017,69,0.00069
37,35,4,100000,26,0.00026,74,0.00074
37,35,5,100000,31,0.00031,85,0.00085
37,36,0,100000,34,0.00034,78,0.00078
37,36,1,100000,39,0.00039,62,0.00062
37,36,2,100000,37,0.00037,73,0.00073
37,36,3,100000,26,0.00026,83,0.00083
37,36,4,100000,28,0.00028,69,0.00069
37,36,5,100000,34,0.00034,77,0.00077
37,37,0,100000,26,0.00026,61,0.00061
37,37,1,100000,43,0.00043,76,0.00076
37,37,2,100000,36,0.00036,72,0.00072
37,37,3,100000,37,0.00037,78,0.00078
37,37,4,100000,44,0.00044,75,0.00075
37,37,5,100000,17,0.00017,71,0.00071
37,38,0,100000,60,0.0006,75,0.00075
37,38,1,100000,36,0.00036,66,0.00066
37,38,2,100000,58,0.00058,94,0.00094
37,38,3,100000,22,0.00022,77,0.00077
37,38,4,100000,29,0.00029,76,0.00076
37,38,5,100000,34,0.00034,69,0.00069
37,39,0,100000,19,0.00019,91,0.00091
37,39,1,100000,36,0.00036,77,0.00077
37,39,2,100000,28,0.00028,77,0.00077
37,39,3,100000,43,0.00043,67,0.00067
37,39,4,100000,31,0.00031,62,0.00062
37,39,5,100000,22,0.00022,76,0.00076
37,40,0,100000,22,0.00022,66,0.00066
37,40,1,100000,36,0.00036,77,0.00077
37,40,2,100000,20,0.0002,58,0.00058
37,40,3,100000,25,0.00025,71,0.00071
37,40,4,100000,38,0.00038,87,0.00087
37,40,5,100000,26,0.00026,78,0.00078
37,41,0,100000,22,0.00022,76,0.00076
37,41,1,100000,27,0.00027,73,0.00073
37,41,2,100000,14,0.00014,56,0.00056
37,41,3,100000,18,0.00018,76,0.00076
37,41,4,100000,32,0.00032,66,0.00066
37,41,5,100000,28,0.00028,70,0.0007
37,42,0,100000,31,0.00031,61,0.00061
37,42,1,100000,14,0.00014,62,0.00062
37,42,2,100000,45,0.00045,93,0.00093
37,42,3,100000,43,0.00043,80,0.0008
37,42,4,100000,21,0.00021,59,0.00059
37,42,5,100000,40,0.0004,83,0.00083
37,43,0,100000,37,0.00037,81,0.00081
37,43,1,100000,35,0.00035,80,0.0008
37,43,2,100000,35,0.00035,79,0.00079
37,43,3,100000,27,0.00027,73,0.00073
37,43,4,100000,25,0.00025,74,0.00074
37,43,5,100000,42,0.00042,73,0.00073
37,44,0,100000,18,0.00018,59,0.00059
37,44,1,100000,22,0.00022,60,0.0006
37,44,2,100000,16,0.00016,70,0.0007
37,44,3,100000,23,0.00023,61,0.00061
37,44,4,100000,27,0.00027,72,0.00072
37,44,5,100000,31,0.00031,94,0.00094
37,45,0,100000,30,0.0003,70,0.0007
37,45,1,100000,32,0.00032,77,0.00077
37,45,2,100000,14,0.00014,78,0.00078
37,45,3,100000,57,0.00057,78,0.00078
37,45,4,100000,32,0.00032,70,0.0007
37,45,5,100000,37,0.00037,78,0.00078
37,46,0,100000,34,0.00034,76,0.00076
37,46,1,100000,13,0.00013,69,0.00069
37,46,2,100000,25,0.00025,67,0.00067
37,46,3,100000,22,0.00022,70,0.0007
37,46,4,100000,19,0.00019,65,0.00065
37,46,5,100000,13,0.00013,66,0.00066
37,47,0,100000,27,0.00027,87,0.00087
37,47,1,100000,42,0.00042,88,0.00088
37,47,2,100000,37,0.00037,84,0.00084
37,47,3,100000,19,0.00019,70,0.0007
37,47,4,100000,24,0.00024,68,0.00068
37,47,5,100000,35,0.00035,76,0.00076
37,48,0,100000,24,0.00024,68,0.00068
37,48,1,100000,26,0.00026,69,0.00069
37,48,2,100000,34,0.00034,71,0.00071
37,48,3,100000,26,0.00026,60,0.0006
37,48,4,100000,37,0.00037,74,0.00074
37,48,5,100000,57,0.00057,83,0.00083
37,49,0,100000,54,0.00054,89,0.00089
37,49,1,100000,29,0.00029,80,0.0008
37,49,2,100000,21,0.00021,72,0.00072
37,49,3,100000,27,0.00027,64,0.00064
37,49,4,100000,38,0.00038,69,0.00069
37,49,5,100000,37,0.00037,72,0.00072
37,50,0,100000,46,0.00046,73,0.00073
37,50,1,100000,29,0.00029,61,0.00061
37,50,2,100000,37,0.00037,79,0.00079
37,50,3,100000,35,0.00035,73,0.00073
37,50,4,100000,24,0.00024,57,0.00057
37,50,5,100000,41,0.00041,86,0.00086
38,-50,0,100000,16,0.00016,58,0.00058
38,-50,1,100000,18,0.00018,74,0.00074
38,-50,2,100000,16,0.00016,79,0.00079
38,-50,3,100000,38,0.00038,68,0.00068
38,-50,4,100000,22,0.00022,51,0.00051
38,-50,5,100000,27,0.00027,74,0.00074
38,-49,0,100000,17,0.00017,58,0.00058
38,-49,1,100000,19,0.00019,65,0.00065
38,-49,2,100000,28,0.00028,74,0.00074
38,-49,3,100000,30,0.0003,76,0.00076
38,-49,4,100000,35,0.00035,69,0.00069
38,-49,5,100000,42,0.00042,78,0.00078
38,-48,0,100000,26,0.00026,58,0.00058
38,-48,1,100000,45,0.00045,77,0.00077
38,-48,2,100000,32,0.00032,61,0.00061
38,-48,3,100000,36,0.00036,59,0.00059
38,-48,4,100000,23,0.00023,61,0.00061
38,-48,5,100000,34,0.00034,90,0.0009
38,-47,0,100000,26,0.00026,65,0.00065
38,-47,1,100000,21,0.00021,55,0.00055
38,-47,2,100000,31,0.00031,79,0.00079
38,-47,3,100000,23,0.00023,64,0.00064
38,-47,4,100000,33,0.00033,66,0.00066
38,-47,5,100000,27,0.00027,88,0.00088
38,-46,0,100000,25,0.00025,65,0.00065
38,-46,1,100000,26,0.00026,66,0.00066
38,-46,2,100000,29,0.00029,73,0.00073
38,-46,3,100000,35,0.00035,69,0.00069
38,-46,4,100000,37,0.00037,68,0.00068
38,-46,5,100000,24,0.00024,73,0.00073
38,-45,0,100000,15,0.00015,64,0.00064
38,-45,1,100000,24,0.00024,69,0.00069
38,-45,2,100000,46,0.00046,79,0.00079
38,-45,3,100000,46,0.00046,86,0.00086
38,-45,4,100000,34,0.00034,83,0.00083
38,-45,5,100000,39,0.00039,74,0.00074
38,-44,0,100000,34,0.00034,76,0.00076
38,-44,1,100000,27,0.00027,77,0.00077
38,-44,2,100000,29,0.00029,79,0.00079
38,-44,3,100000,14,0.00014,64,0.00064
38,-44,4,100000,15,0.00015,64,0.00064
38,-44,5,100000,32,0.00032,77,0.00077
38,-43,0,100000,31,0.00031,84,0.00084
38,-43,1,100000,33,0.00033,76,0.00076
38,-43,2,100000,43,0.00043,92,0.00092
38,-43,3,100000,24,0.00024,79,0.00079
38,-43,4,100000,35,0.00035,81,0.00081
38,-43,5,100000,24,0.00024,80,0.0008
38,-42,0,100000,38,0.00038,72,0.00072
38,-42,1,100000,44,0.00044,74,0.00074
38,-42,2,100000,27,0.00027,66,0.00066
38,-42,3,100000,28,0.00028,73,0.00073
38,-42,4,100000,35,0.00035,78,0.00078
38,-42,5,100000,33,0.00033,68,0.00068
38,-41,0,100000,60,0.0006,92,0.00092
38,-41,1,100000,33,0.00033,80,0.0008
38,-41,2,100000,28,0.00028,71,0.00071
38,-41,3,100000,32,0.00032,64,0.00064
38,-41,4,100000,13,0.00013,69,0.00069
38,-41,5,100000,30,0.0003,64,0.00064
38,-40,0,100000,30,0.0003,76,0.00076
38,-40,1,100000,15,0.00015,70,0.0007
38,-40,2,100000,16,0.00016,69,0.00069
38,-40,3,100000,18,0.00018,62,0.00062
38,-40,4,100000,37,0.00037,65,0.00065
38,-40,5,100000,38,0.00038,74,0.00074
38,-39,0,100000,13,0.00013,62,0.00062
38,-39,1,100000,30,0.0003,75,0.00075
38,-39,2,100000,15,0.00015,72,0.00072
38,-39,3,100000,43,0.00043,81,0.00081
38,-39,4,100000,41,0.00041,88,0.00088
38,-39,5,100000,26,0.00026,82,0.00082
38,-38,0,100000,32,0.00032,65,0.00065
38,-38,1,100000,26,0.00026,72,0.00072
38,-38,2,100000,39,0.00039,93,0.00093
38,-38,3,100000,25,0.00025,56,0.00056
38,-38,4,100000,37,0.00037,90,0.0009
38,-38,5,100000,16,0.00016,52,0.00052
38,-37,0,100000,27,0.00027,68,0.00068
38,-37,1,100000,33,0.00033,78,0.00078
38,-37,2,100000,29,0.00029,68,0.00068
38,-37,3,100000,32,0.00032,70,0.0007
38,-37,4,100000,30,0.0003,56,0.00056
38,-37,5,100000,29,0.00029,69,0.00069
38,-36,0,100000,29,0.00029,68,0.00068
38,-36,1,100000,27,0.00027,61,0.00061
38,-36,2,100000,34,0.00034,86,0.00086
38,-36,3,100000,39,0.00039,83,0.00083
38,-36,4,100000,24,0.00024,60,0.0006
38,-36,5,100000,34,0.00034,71,0.00071
38,-35,0,100000,31,0.00031,71,0.00071
38,-35,1,100000,39,0.00039,84,0.00084
38,-35,2,100000,35,0.00035,66,0.00066
38,-35,3,100000,34,0.00034,79,0.00079
38,-35,4,100000,33,0.00033,74,0.00074
38,-35,5,100000,21,0.00021,65,0.00065
38,-34,0,100000,28,0.00028,67,0.00067
38,-34,1,100000,41,0.00041,77,0.00077
38,-34,2,100000,20,0.0002,73,0.00073
38,-34,3,100000,36,0.00036,84,0.00084
38,-34,4,100000,27,0.00027,80,0.0008
38,-34,5,100000,34,0.00034,77,0.00077
38,-33,0,100000,29,0.00029,75,0.00075
38,-33,1,100000,29,0.00029,66,0.00066
38,-33,2,100000,29,0.00029,71,0.00071
38,-33,3,100000,24,0.00024,78,0.00078
38,-33,4,100000,17,0.00017,68,0.00068
38,-33,5,100000,35,0.00035,68,0.00068
38,-32,0,100000,36,0.00036,79,0.00079
38,-32,1,100000,16,0.00016,60,0.0006
38,-32,2,100000,37,0.00037,70,0.0007
38,-32,3,100000,23,0.00023,71,0.00071
38,-32,4,100000,30,0.0003,65,0.00065
38,-32,5,100000,18,0.00018,63,0.00063
38,-31,0,100000,42,0.00042,88,0.00088
38,-31,1,100000,35,0.00035,74,0.00074
38,-31,2,100000,37,0.00037,82,0.00082
38,-31,3,100000,40,0.0004,85,0.00085
38,-31,4,100000,31,0.00031,94,0.00094
38,-31,5,100000,21,0.00021,83,0.00083
38,-30,0,100000,25,0.00025,80,0.0008
38,-30,1,100000,42,0.00042,68,0.00068
38,-30,2,100000,35,0.00035,79,0.00079
38,-30,3,100000,22,0.00022,73,0.00073
38,-30,4,100000,19,0.00019,62,0.00062
38,-30,5,100000,14,0.00014,66,0.00066
38,-29,0,100000,36,0.00036,62,0.00062
38,-29,1,100000,19,0.00019,67,0.00067
38,-29,2,100000,21,0.00021,87,0.00087
38,-29,3,100000,48,0.00048,110,0.0011
38,-29,4,100000,26,0.00026,73,0.00073
38,-29,5,100000,38,0.00038,76,0.00076
38,-28,0,100000,25,0.00025,65,0.00065
38,-28,1,100000,34,0.00034,81,0.00081
38,-28,2,100000,49,0.00049,75,0.00075
38,-28,3,100000,26,0.00026,71,0.00071
38,-28,4,100000,37,0.00037,83,0.00083
38,-28,5,100000,27,0.00027,72,0.00072
38,-27,0,100000,28,0.00028,85,0.00085
38,-27,1,100000,14,0.00014,59,0.00059
38,-27,2,100000,18,0.00018,72,0.00072
38,-27,3,100000,30,0.0003,74,0.00074
38,-27,4,100000,32,0.00032,58,0.00058
38,-27,5,100000,29,0.00029,64,0.00064
38,-26,0,100000,46,0.00046,84,0.00084
38,-26,1,100000,49,0.00049,81,0.00081
38,-26,2,100000,14,0.00014,56,0.00056
38,-26,3,100000,32,0.00032,73,0.00073
38,-26,4,100000,33,0.00033,75,0.00075
38,-26,5,100000,31,0.00031,73,0.00073
38,-25,0,100000,39,0.00039,90,0.0009
38,-25,1,100000,20,0.0002,54,0.00054
38,-25,2,100000,33,0.00033,70,0.0007
38,-25,3,100000,20,0.0002,61,0.00061
38,-25,4,100000,38,0.00038,74,0.00074
38,-25,5,100000,22,0.00022,72,0.00072
38,-24,0,100000,27,0.00027,64,0.00064
38,-24,1,100000,26,0.00026,66,0.00066
38,-24,2,100000,32,0.00032,82,0.00082
38,-24,3,100000,20,0.0002,91,0.00091
38,-24,4,100000,29,0.00029,74,0.00074
38,-24,5,100000,19,0.00019,82,0.00082
38,-23,0,100000,44,0.00044,85,0.00085
38,-23,1,100000,39,0.00039,73,0.00073
38,-23,2,100000,47,0.00047,86,0.00086
38,-23,3,100000,23,0.00023,79,0.00079
38,-23,4,100000,28,0.00028,69,0.00069
38,-23,5,100000,16,0.00016,48,0.00048
38,-22,0,100000,56,0.00056,81,0.00081
38,-22,1,100000,11,0.00011,69,0.00069
38,-22,2,100000,45,0.00045,69,0.00069
38,-22,3,100000,30,0.0003,65,0.00065
38,-22,4,100000,33,0.00033,77,0.00077
38,-22,5,100000,33,0.00033,73,0.00073
38,-21,0,100000,52,0.00052,85,0.00085
38,-21,1,100000,27,0.00027,73,0.00073
38,-21,2,100000,36,0.00036,93,0.00093
38,-21,3,100000,24,0.00024,70,0.0007
38,-21,4,100000,38,0.00038,77,0.00077
38,-21,5,100000,42,0.00042,72,0.00072
38,-20,0,100000,20,0.0002,70,0.0007
38,-20,1,100000,29,0.00029,58,0.00058
38,-20,2,100000,32,0.00032,81,0.00081
38,-20,3,100000,33,0.00033,75,0.00075
38,-20,4,100000,55,0.00055,84,0.00084
38,-20,5,100000,40,0.0004,76,0.00076
38,-19,0,100000,19,0.00019,63,0.00063
38,-19,1,100000,39,0.00039,86,0.00086
38,-19,2,100000,52,0.00052,83,0.00083
38,-19,3,100000,24,0.00024,82,0.00082
38,-19,4,100000,40,0.0004,76,0.00076
38,-19,5,100000,29,0.00029,67,0.00067
38,-18,0,100000,52,0.00052,84,0.00084
38,-18,1,100000,17,0.00017,66,0.00066
38,-18,2,100000,30,0.0003,62,0.00062
38,-18,3,100000,26,0.00026,68,0.00068
38,-18,4,100000,25,0.00025,81,0.00081
38,-18,5,100000,37,0.00037,67,0.00067
38,-17,0,100000,19,0.00019,66,0.00066
38,-17,1,100000,18,0.00018,70,0.0007
38,-17,2,100000,18,0.00018,78,0.00078
38,-17,3,100000,26,0.00026,83,0.00083
38,-17,4,100000,17,0.00017,58,0.00058
38,-17,5,100000,22,0.00022,74,0.00074
38,-16,0,100000,27,0.00027,76,0.00076
38,-16,1,100000,29,0.00029,57,0.00057
38,-16,2,100000,26,0.00026,72,0.00072
38,-16,3,100000,31,0.00031,81,0.00081
38,-16,4,100000,45,0.00045,73,0.00073
38,-16,5,100000,14,0.00014,78,0.00078
38,-15,0,100000,36,0.00036,75,0.00075
38,-15,1,100000,32,0.00032,68,0.00068
38,-15,2,100000,40,0.0004,69,0.00069
38,-15,3,100000,39,0.00039,72,0.00072
38,-15,4,100000,27,0.00027,72,0.00072
38,-15,5,100000,29,0.00029,66,0.00066
38,-14,0,100000,36,0.00036,59,0.00059
38,-14,1,100000,35,0.00035,85,0.00085
38,-14,2,100000,25,0.00025,54,0.00054
38,-14,3,100000,21,0.00021,54,0.00054
38,-14,4,100000,40,0.0004,74,0.00074
38,-14,5,100000,27,0.00027,72,0.00072
38,-13,0,100000,13,0.00013,68,0.00068
38,-13,1,100000,38,0.00038,76,0.00076
38,-13,2,100000,40,0.0004,65,0.00065
38,-13,3,100000,20,0.0002,68,0.00068
38,-13,4,100000,22,0.00022,62,0.00062
38,-13,5,100000,50,0.0005,88,0.00088
38,-12,0,100000,20,0.0002,78,0.00078
38,-12,1,100000,22,0.00022,75,0.00075
38,-12,2,100000,30,0.0003,71,0.00071
38,-12,3,100000,37,0.00037,66,0.00066
38,-12,4,100000,26,0.00026,74,0.00074
38,-12,5,100000,27,0.00027,86,0.00086
38,-11,0,100000,8,8e-05,64,0.00064
38,-11,1,100000,38,0.00038,87,0.00087
38,-11,2,100000,22,0.00022,69,0.00069
38,-11,3,100000,19,0.00019,69,0.00069
38,-11,4,100000,31,0.00031,67,0.00067
38,-11,5,100000,34,0.00034,77,0.00077
38,-10,0,100000,28,0.00028,64,0.00064
38,-10,1,100000,48,0.00048,71,0.00071
38,-10,2,100000,12,0.00012,61,0.00061
38,-10,3,100000,19,0.00019,69,0.00069
38,-10,4,100000,37,0.00037,74,0.00074
38,-10,5,100000,11,0.00011,77,0.00077
38,-9,0,100000,30,0.0003,68,0.00068
38,-9,1,100000,41,0.00041,82,0.00082
38,-9,2,100000,31,0.00031,77,0.00077
38,-9,3,100000,26,0.00026,78,0.00078
38,-9,4,100000,43,0.00043,75,0.00075
38,-9,5,100000,36,0.00036,61,0.00061
38,-8,0,100000,25,0.00025,76,0.00076
38,-8,1,100000,34,0.00034,66,0.00066
38,-8,2,100000,31,0.00031,67,0.00067
38,-8,3,100000,26,0.00026,78,0.00078
38,-8,4,100000,28,0.00028,81,0.00081
38,-8,5,100000,24,0.00024,73,0.00073
38,-7,0,100000,34,0.00034,64,0.00064
38,-7,1,100000,44,0.00044,71,0.00071
38,-7,2,100000,41,0.00041,73,0.00073
38,-7,3,100000,23,0.00023,76,0.00076
38,-7,4,100000,26,0.00026,78,0.00078
38,-7,5,100000,41,0.00041,87,0.00087
38,-6,0,100000,36,0.00036,63,0.00063
38,-6,1,100000,16,0.00016,60,0.0006
38,-6,2,100000,17,0.00017,71,0.00071
38,-6,3,100000,28,0.00028,84,0.00084
38,-6,4,100000,31,0.00031,67,0.00067
38,-6,5,100000,30,0.0003,75,0.00075
38,-5,0,100000,47,0.00047,88,0.00088
38,-5,1,100000,30,0.0003,69,0.00069
38,-5,2,100000,31,0.00031,78,0.00078
38,-5,3,100000,28,0.00028,62,0.00062
38,-5,4,100000,17,0.00017,69,0.00069
38,-5,5,100000,59,0.00059,76,0.00076
38,-4,0,100000,25,0.00025,67,0.00067
38,-4,1,100000,23,0.00023,73,0.00073
38,-4,2,100000,41,0.00041,68,0.00068
38,-4,3,100000,43,0.00043,76,0.00076
38,-4,4,100000,27,0.00027,68,0.00068
38,-4,5,100000,23,0.00023,70,0.0007
38,-3,0,100000,34,0.00034,68,0.00068
38,-3,1,100000,46,0.00046,77,0.00077
38,-3,2,100000,45,0.00045,70,0.0007
38,-3,3,100000,38,0.00038,81,0.00081
38,-3,4,100000,26,0.00026,62,0.00062
38,-3,5,100000,26,0.00026,70,0.0007
38,-2,0,100000,22,0.00022,79,0.00079
38,-2,1,100000,54,0.00054,89,0.00089
38,-2,2,100000,28,0.00028,73,0.00073
38,-2,3,100000,27,0.00027,68,0.00068
38,-2,4,100000,17,0.00017,59,0.00059
38,-2,5,100000,30,0.0003,84,0.00084
38,-1,0,100000,24,0.00024,74,0.00074
38,-1,1,100000,53,0.00053,84,0.00084
38,-1,2,100000,46,0.00046,63,0.00063
38,-1,3,100000,42,0.00042,57,0.00057
38,-1,4,100000,27,0.00027,64,0.00064
38,-1,5,100000,35,0.00035,79,0.00079
38,0,0,100000,37,0.00037,71,0.00071
38,0,1,100000,33,0.00033,74,0.00074
38,0,2,100000,27,0.00027,70,0.0007
38,0,3,100000,29,0.00029,80,0.0008
38,0,4,100000,52,0.00052,78,0.00078
38,0,5,100000,17,0.00017,59,0.00059
38,1,0,100000,32,0.00032,86,0.00086
38,1,1,100000,29,0.00029,71,0.00071
38,1,2,100000,27,0.00027,74,0.00074
38,1,3,100000,22,0.00022,61,0.00061
38,1,4,100000,38,0.00038,62,0.00062
38,1,5,100000,31,0.00031,71,0.00071
38,2,0,100000,34,0.00034,78,0.00078
38,2,1,100000,19,0.00019,66,0.00066
38,2,2,100000,26,0.00026,75,0.00075
38,2,3,100000,28,0.00028,76,0.00076
38,2,4,100000,21,0.00021,72,0.00072
38,2,5,100000,30,0.0003,78,0.00078
38,3,0,100000,40,0.0004,84,0.00084
38,3,1,100000,22,0.00022,61,0.00061
38,3,2,100000,18,0.00018,48,0.00048
38,3,3,100000,36,0.00036,63,0.00063
38,3,4,100000,30,0.0003,71,0.00071
38,3,5,100000,18,0.00018,78,0.00078
38,4,0,100000,36,0.00036,75,0.00075
38,4,1,100000,39,0.00039,80,0.0008
38,4,2,100000,24,0.00024,70,0.0007
38,4,3,100000,34,0.00034,86,0.00086
38,4,4,100000,42,0.00042,75,0.00075
38,4,5,100000,26,0.00026,69,0.00069
38,5,0,100000,42,0.00042,82,0.00082
38,5,1,100000,22,0.00022,68,0.00068
38,5,2,100000,33,0.00033,80,0.0008
38,5,3,100000,45,0.00045,82,0.00082
38,5,4,100000,17,0.00017,58,0.00058
38,5,5,100000,36,0.00036,77,0.00077
38,6,0,100000,35,0.00035,80,0.0008
38,6,1,100000,24,0.00024,78,0.00078
38,6,2,100000,31,0.00031,72,0.00072
38,6,3,100000,38,0.00038,83,0.00083
38,6,4,100000,28,0.00028,74,0.00074
38,6,5,100000,36,0.00036,74,0.00074
38,7,0,100000,32,0.00032,70,0.0007
38,7,1,100000,20,0.0002,71,0.00071
38,7,2,100000,40,0.0004,69,0.00069
38,7,3,100000,12,0.00012,72,0.00072
38,7,4,100000,23,0.00023,53,0.00053
38,7,5,100000,46,0.00046,77,0.00077
38,8,0,100000,24,0.00024,80,0.0008
38,8,1,100000,34,0.00034,66,0.00066
38,8,2,100000,21,0.00021,73,0.00073
38,8,3,100000,15,0.00015,62,0.00062
38,8,4,100000,15,0.00015,52,0.00052
38,8,5,100000,29,0.00029,85,0.00085
38,9,0,100000,24,0.00024,79,0.00079
38,9,1,100000,15,0.00015,54,0.00054
38,9,2,100000,19,0.00019,62,0.00062
38,9,3,100000,32,0.00032,71,0.00071
38,9,4,100000,35,0.00035,61,0.00061
38,9,5,100000,22,0.00022,64,0.00064
38,10,0,100000,18,0.00018,64,0.00064
38,10,1,100000,19,0.00019,71,0.00071
38,10,2,100000,34,0.00034,74,0.00074
38,10,3,100000,19,0.00019,62,0.00062
38,10,4,100000,20,0.0002,72,0.00072
38,10,5,100000,23,0.00023,56,0.00056
38,11,0,100000,23,0.00023,83,0.00083
38,11,1,100000,58,0.00058,70,0.0007
38,11,2,100000,25,0.00025,81,0.00081
38,11,3,100000,46,0.00046,73,0.00073
38,11,4,100000,45,0.00045,66,0.00066
38,11,5,100000,21,0.00021,66,0.00066
38,12,0,100000,33,0.00033,73,0.00073
38,12,1,100000,33,0.00033,66,0.00066
38,12,2,100000,34,0.00034,86,0.00086
38,12,3,100000,25,0.00025,71,0.00071
38,12,4,100000,23,0.00023,74,0.00074
38,12,5,100000,32,0.00032,70,0.0007
38,13,0,100000,27,0.00027,71,0.00071
38,13,1,100000,24,0.00024,68,0.00068
38,13,2,100000,20,0.0002,73,0.00073
38,13,3,100000,28,0.00028,83,0.00083
38,13,4,100000,35,0.00035,84,0.00084
38,13,5,100000,21,0.00021,77,0.00077
38,14,0,100000,16,0.00016,62,0.00062
38,14,1,100000,23,0.00023,81,0.00081
38,14,2,100000,27,0.00027,55,0.00055
38,14,3,100000,27,0.00027,75,0.00075
38,14,4,100000,36,0.00036,83,0.00083
38,14,5,100000,22,0.00022,62,0.00062
38,15,0,100000,17,0.00017,66,0.00066
38,15,1,100000,21,0.00021,84,0.00084
38,15,2,100000,20,0.0002,79,0.00079
38,15,3,100000,28,0.00028,64,0.00064
38,15,4,100000,35,0.00035,76,0.00076
38,15,5,100000,21,0.00021,85,0.00085
38,16,0,100000,24,0.00024,78,0.00078
38,16,1,100000,27,0.00027,77,0.00077
38,16,2,100000,38,0.00038,89,0.00089
38,16,3,100000,35,0.00035,79,0.00079
38,16,4,100000,34,0.00034,74,0.00074
38,16,5,100000,27,0.00027,73,0.00073
38,17,0,100000,24,0.00024,72,0.00072
38,17,1,100000,34,0.00034,95,0.00095
38,17,2,100000,32,0.00032,63,0.00063
38,17,3,100000,18,0.00018,71,0.00071
38,17,4,100000,34,0.00034,80,0.0008
38,17,5,100000,48,0.00048,70,0.0007
38,18,0,100000,26,0.00026,75,0.00075
38,18,1,100000,24,0.00024,78,0.00078
38,18,2,100000,18,0.00018,66,0.00066
38,18,3,100000,12,0.00012,52,0.00052
38,18,4,100000,22,0.00022,68,0.00068
38,18,5,100000,39,0.00039,89,0.00089
38,19,0,100000,30,0.0003,69,0.00069
38,19,1,100000,49,0.00049,77,0.00077
38,19,2,100000,17,0.00017,72,0.00072
38,19,3,100000,35,0.00035,81,0.00081
38,19,4,100000,55,0.00055,83,0.00083
38,19,5,100000,31,0.00031,78,0.00078
38,20,0,100000,39,0.00039,65,0.00065
38,20,1,100000,21,0.00021,78,0.00078
38,20,2,100000,15,0.00015,69,0.00069
38,20,3,100000,21,0.00021,54,0.00054
38,20,4,100000,36,0.00036,86,0.00086
38,20,5,100000,50,0.0005,71,0.00071
38,21,0,100000,17,0.00017,75,0.00075
38,21,1,100000,23,0.00023,76,0.00076
38,21,2,100000,28,0.00028,72,0.00072
38,21,3,100000,27,0.00027,68,0.00068
38,21,4,100000,24,0.00024,76,0.00076
38,21,5,100000,25,0.00025,81,0.00081
38,22,0,100000,15,0.00015,67,0.00067
38,22,1,100000,24,0.00024,53,0.00053
38,22,2,100000,42,0.00042,86,0.00086
38,22,3,100000,34,0.00034,77,0.00077
38,22,4,100000,27,0.00027,64,0.00064
38,22,5,100000,22,0.00022,72,0.00072
38,23,0,100000,45,0.00045,74,0.00074
38,23,1,100000,27,0.00027,70,0.0007
38,23,2,100000,37,0.00037,73,0.00073
38,23,3,100000,26,0.00026,71,0.00071
38,23,4,100000,28,0.00028,87,0.00087
38,23,5,100000,21,0.00021,55,0.00055
38,24,0,100000,42,0.00042,74,0.00074
38,24,1,100000,22,0.00022,65,0.00065
38,24,2,100000,16,0.00016,76,0.00076
38,24,3,100000,45,0.00045,88,0.00088
38,24,4,100000,17,0.00017,72,0.00072
38,24,5,100000,24,0.00024,73,0.00073
38,25,0,100000,37,0.00037,79,0.00079
38,25,1,100000,23,0.00023,61,0.00061
38,25,2,100000,34,0.00034,85,0.00085
38,25,3,100000,41,0.00041,76,0.00076
38,25,4,100000,33,0.00033,71,0.00071
38,25,5,100000,49,0.00049,88,0.00088
38,26,0,100000,47,0.00047,85,0.00085
38,26,1,100000,35,0.00035,80,0.0008
38,26,2,100000,16,0.00016,65,0.00065
38,26,3,100000,19,0.00019,67,0.00067
38,26,4,100000,29,0.00029,64,0.00064
38,26,5,100000,45,0.00045,68,0.00068
38,27,0,100000,28,0.00028,56,0.00056
38,27,1,100000,26,0.00026,73,0.00073
38,27,2,100000,29,0.00029,83,0.00083
38,27,3,100000,34,0.00034,76,0.00076
38,27,4,100000,28,0.00028,61,0.00061
38,27,5,100000,24,0.00024,69,0.00069
38,28,0,100000,27,0.00027,59,0.00059
38,28,1,100000,24,0.00024,65,0.00065
38,28,2,100000,21,0.00021,75,0.00075
38,28,3,100000,44,0.00044,86,0.00086
38,28,4,100000,37,0.00037,76,0.00076
38,28,5,100000,37,0.00037,63,0.00063
38,29,0,100000,33,0.00033,72,0.00072
38,29,1,100000,32,0.00032,62,0.00062
38,29,2,100000,31,0.00031,78,0.00078
38,29,3,100000,37,0.00037,71,0.00071
38,29,4,100000,31,0.00031,82,0.00082
38,29,5,100000,25,0.00025,72,0.00072
38,30,0,100000,22,0.00022,77,0.00077
38,30,1,100000,23,0.00023,76,0.00076
38,30,2,100000,33,0.00033,72,0.00072
38,30,3,100000,28,0.00028,89,0.00089
38,30,4,100000,26,0.00026,74,0.00074
38,30,5,100000,38,0.00038,71,0.00071
38,31,0,100000,13,0.00013,50,0.0005
38,31,1,100000,21,0.00021,81,0.00081
38,31,2,100000,32,0.00032,74,0.00074
38,31,3,100000,44,0.00044,79,0.00079
38,31,4,100000,44,0.00044,82,0.00082
38,31,5,100000,35,0.00035,77,0.00077
38,32,0,100000,19,0.00019,76,0.00076
38,32,1,100000,20,0.0002,69,0.00069
38,32,2,100000,28,0.00028,81,0.00081
38,32,3,100000,30,0.0003,79,0.00079
38,32,4,100000,28,0.00028,78,0.00078
38,32,5,100000,48,0.00048,73,0.00073
38,33,0,100000,27,0.00027,55,0.00055
38,33,1,100000,19,0.00019,57,0.00057
38,33,2,100000,24,0.00024,78,0.00078
38,33,3,100000,36,0.00036,71,0.00071
38,33,4,100000,50,0.0005,75,0.00075
38,33,5,100000,25,0.00025,62,0.00062
38,34,0,100000,35,0.00035,78,0.00078
38,34,1,100000,15,0.00015,60,0.0006
38,34,2,100000,20,0.0002,66,0.00066
38,34,3,100000,22,0.00022,68,0.00068
38,34,4,100000,16,0.00016,72,0.00072
38,34,5,100000,20,0.0002,65,0.00065
38,35,0,100000,26,0.00026,65,0.00065
38,35,1,100000,35,0.00035,78,0.00078
38,35,2,100000,22,0.00022,76,0.00076
38,35,3,100000,46,0.00046,75,0.00075
38,35,4,100000,19,0.00019,61,0.00061
38,35,5,100000,27,0.00027,76,0.00076
38,36,0,100000,27,0.00027,80,0.0008
38,36,1,100000,20,0.0002,60,0.0006
38,36,2,100000,31,0.00031,70,0.0007
38,36,3,100000,61,0.00061,83,0.00083
38,36,4,100000,36,0.00036,78,0.00078
38,36,5,100000,45,0.00045,76,0.00076
38,37,0,100000,26,0.00026,61,0.00061
38,37,1,100000,19,0.00019,70,0.0007
38,37,2,100000,37,0.00037,69,0.00069
38,37,3,100000,31,0.00031,68,0.00068
38,37,4,100000,33,0.00033,71,0.00071
38,37,5,100000,28,0.00028,81,0.00081
38,38,0,100000,31,0.00031,68,0.00068
38,38,1,100000,41,0.00041,77,0.00077
38,38,2,100000,35,0.00035,73,0.00073
38,38,3,100000,28,0.00028,67,0.00067
38,38,4,100000,21,0.00021,64,0.00064
38,38,5,100000,20,0.0002,65,0.00065
38,39,0,100000,28,0.00028,84,0.00084
38,39,1,100000,33,0.00033,68,0.00068
38,39,2,100000,39,0.00039,81,0.00081
38,39,3,100000,38,0.00038,86,0.00086
38,39,4,100000,23,0.00023,73,0.00073
38,39,5,100000,19,0.00019,63,0.00063
38,40,0,100000,32,0.00032,74,0.00074
38,40,1,100000,38,0.00038,93,0.00093
38,40,2,100000,25,0.00025,90,0.0009
38,40,3,100000,30,0.0003,78,0.00078
38,40,4,100000,24,0.00024,85,0.00085
38,40,5,100000,12,0.00012,63,0.00063
38,41,0,100000,23,0.00023,63,0.00063
38,41,1,100000,25,0.00025,64,0.00064
38,41,2,100000,30,0.0003,78,0.00078
38,41,3,100000,21,0.00021,62,0.00062
38,41,4,100000,43,0.00043,68,0.00068
38,41,5,100000,22,0.00022,77,0.00077
38,42,0,100000,28,0.00028,80,0.0008
38,42,1,100000,43,0.00043,89,0.00089
38,42,2,100000,23,0.00023,84,0.00084
38,42,3,100000,37,0.00037,84,0.00084
38,42,4,100000,51,0.00051,87,0.00087
38,42,5,100000,26,0.00026,79,0.00079
38,43,0,100000,29,0.00029,77,0.00077
38,43,1,100000,43,0.00043,92,0.00092
38,43,2,100000,20,0.0002,78,0.00078
38,43,3,100000,32,0.00032,81,0.00081
38,43,4,100000,45,0.00045,81,0.00081
38,43,5,100000,50,0.0005,74,0.00074
38,44,0,100000,37,0.00037,85,0.00085
38,44,1,100000,20,0.0002,82,0.00082
38,44,2,100000,24,0.00024,64,0.00064
38,44,3,100000,40,0.0004,81,0.00081
38,44,4,100000,39,0.00039,85,0.00085
38,44,5,100000,42,0.00042,84,0.00084
38,45,0,100000,26,0.00026,82,0.00082
38,45,1,100000,26,0.00026,78,0.00078
38,45,2,100000,43,0.00043,85,0.00085
38,45,3,100000,35,0.00035,78,0.00078
38,45,4,100000,23,0.00023,65,0.00065
38,45,5,100000,23,0.00023,83,0.00083
38,46,0,100000,17,0.00017,62,0.00062
38,46,1,100000,31,0.00031,68,0.00068
38,46,2,100000,54,0.00054,80,0.0008
38,46,3,100000,34,0.00034,64,0.00064
38,46,4,100000,21,0.00021,59,0.00059
38,46,5,100000,47,0.00047,79,0.00079
38,47,0,100000,39,0.00039,81,0.00081
38,47,1,100000,31,0.00031,84,0.00084
38,47,2,100000,40,0.0004,73,0.00073
38,47,3,100000,12,0.00012,73,0.00073
38,47,4,100000,40,0.0004,75,0.00075
38,47,5,100000,31,0.00031,70,0.0007
38,48,0,100000,40,0.0004,73,0.00073
38,48,1,100000,16,0.00016,70,0.0007
38,48,2,100000,44,0.00044,75,0.00075
38,48,3,100000,39,0.00039,72,0.00072
38,48,4,100000,17,0.00017,60,0.0006
38,48,5,100000,10,0.0001,56,0.00056
38,49,0,100000,26,0.00026,83,0.00083
38,49,1,100000,26,0.00026,67,0.00067
38,49,2,100000,29,0.00029,66,0.00066
38,49,3,100000,24,0.00024,63,0.00063
38,49,4,100000,24,0.00024,68,0.00068
38,49,5,100000,22,0.00022,70,0.0007
38,50,0,100000,45,0.00045,98,0.00098
38,50,1,100000,24,0.00024,73,0.00073
38,50,2,100000,21,0.00021,71,0.00071
38,50,3,100000,10,0.0001,59,0.00059
38,50,4,100000,39,0.00039,77,0.00077
38,50,5,100000,40,0.0004,71,0.00071
39,-50,0,100000,44,0.00044,74,0.00074
39,-50,1,100000,57,0.00057,93,0.00093
39,-50,2,100000,29,0.00029,69,0.00069
39,-50,3,100000,33,0.00033,76,0.00076
39,-50,4,100000,26,0.00026,73,0.00073
39,-50,5,100000,15,0.00015,66,0.00066
39,-49,0,100000,24,0.00024,61,0.00061
39,-49,1,100000,30,0.0003,55,0.00055
39,-49,2,100000,35,0.00035,88,0.00088
39,-49,3,100000,33,0.00033,73,0.00073
39,-49,4,100000,30,0.0003,73,0.00073
39,-49,5,100000,27,0.00027,87,0.00087
39,-48,0,100000,37,0.00037,73,0.00073
39,-48,1,100000,23,0.00023,60,0.0006
39,-48,2,100000,23,0.00023,75,0.00075
39,-48,3,100000,32,0.00032,73,0.00073
39,-48,4,100000,33,0.00033,54,0.00054
39,-48,5,100000,49,0.00049,70,0.0007
39,-47,0,100000,37,0.00037,74,0.00074
39,-47,1,100000,17,0.00017,54,0.00054
39,-47,2,100000,34,0.00034,63,0.00063
39,-47,3,100000,21,0.00021,60,0.0006
39,-47,4,100000,49,0.00049,76,0.00076
39,-47,5,100000,32,0.00032,65,0.00065
39,-46,0,100000,25,0.00025,81,0.00081
39,-46,1,100000,25,0.00025,67,0.00067
39,-46,2,100000,25,0.00025,75,0.00075
39,-46,3,100000,33,0.00033,86,0.00086
39,-46,4,100000,34,0.00034,74,0.00074
39,-46,5,100000,27,0.00027,82,0.00082
39,-45,0,100000,39,0.00039,74,0.00074
39,-45,1,100000,44,0.00044,60,0.0006
39,-45,2,100000,31,0.00031,60,0.0006
39,-45,3,100000,27,0.00027,70,0.0007
39,-45,4,100000,24,0.00024,68,0.00068
39,-45,5,100000,26,0.00026,67,0.00067
39,-44,0,100000,15,0.00015,67,0.00067
39,-44,1,100000,36,0.00036,74,0.00074
39,-44,2,100000,41,0.00041,66,0.00066
39,-44,3,100000,30,0.0003,93,0.00093
39,-44,4,100000,37,0.00037,58,0.00058
39,-44,5,100000,36,0.00036,77,0.00077
39,-43,0,100000,38,0.00038,78,0.00078
39,-43,1,100000,21,0.00021,62,0.00062
39,-43,2,100000,42,0.00042,91,0.00091
39,-43,3,100000,19,0.00019,59,0.00059
39,-43,4,100000,35,0.00035,72,0.00072
39,-43,5,100000,26,0.00026,70,0.0007
39,-42,0,100000,36,0.00036,62,0.00062
39,-42,1,100000,34,0.00034,64,0.00064
39,-42,2,100000,15,0.00015,71,0.00071
39,-42,3,100000,44,0.00044,84,0.00084
39,-42,4,100000,32,0.00032,81,0.00081
39,-42,5,100000,28,0.00028,55,0.00055
39,-41,0,100000,43,0.00043,80,0.0008
39,-41,1,100000,32,0.00032,73,0.00073
39,-41,2,100000,47,0.00047,85,0.00085
39,-41,3,100000,65,0.00065,100,0.001
39,-41,4,100000,25,0.00025,74,0.00074
39,-41,5,100000,30,0.0003,68,0.00068
39,-40,0,100000,21,0.00021,81,0.00081
39,-40,1,100000,23,0.00023,65,0.00065
39,-40,2,100000,44,0.00044,76,0.00076
39,-40,3,100000,29,0.00029,54,0.00054
39,-40,4,100000,30,0.0003,69,0.00069
39,-40,5,100000,33,0.00033,64,0.00064
39,-39,0,100000,28,0.00028,55,0.00055
39,-39,1,100000,24,0.00024,85,0.00085
39,-39,2,100000,25,0.00025,68,0.00068
39,-39,3,100000,22,0.00022,69,0.00069
39,-39,4,100000,24,0.00024,86,0.00086
39,-39,5,100000,21,0.00021,73,0.00073
39,-38,0,100000,32,0.00032,67,0.00067
39,-38,1,100000,21,0.00021,67,0.00067
39,-38,2,100000,41,0.00041,86,0.00086
39,-38,3,100000,19,0.00019,67,0.00067
39,-38,4,100000,15,0.00015,68,0.00068
39,-38,5,100000,27,0.00027,76,0.00076
39,-37,0,100000,33,0.00033,64,0.00064
39,-37,1,100000,32,0.00032,70,0.0007
39,-37,2,100000,15,0.00015,64,0.00064
39,-37,3,100000,37,0.00037,71,0.00071
39,-37,4,100000,31,0.00031,69,0.00069
39,-37,5,100000,41,0.00041,66,0.00066
39,-36,0,100000,34,0.00034,90,0.0009
39,-36,1,100000,31,0.00031,85,0.00085
39,-36,2,100000,17,0.00017,58,0.00058
39,-36,3,100000,19,0.00019,89,0.00089
39,-36,4,100000,28,0.00028,67,0.00067
39,-36,5,100000,34,0.00034,70,0.0007
39,-35,0,100000,13,0.00013,58,0.00058
39,-35,1,100000,38,0.00038,67,0.00067
39,-35,2,100000,25,0.00025,73,0.00073
39,-35,3,100000,36,0.00036,81,0.00081
39,-35,4,100000,32,0.00032,74,0.00074
39,-35,5,100000,20,0.0002,75,0.00075
39,-34,0,100000,44,0.00044,79,0.00079
39,-34,1,100000,37,0.00037,67,0.00067
39,-34,2,100000,30,0.0003,72,0.00072
39,-34,3,100000,34,0.00034,74,0.00074
39,-34,4,100000,42,0.00042,80,0.0008
39,-34,5,100000,19,0.00019,67,0.00067
39,-33,0,100000,38,0.00038,79,0.00079
39,-33,1,100000,28,0.00028,90,0.0009
39,-33,2,100000,34,0.00034,68,0.00068
39,-33,3,100000,47,0.00047,73,0.00073
39,-33,4,100000,20,0.0002,57,0.00057
39,-33,5,100000,12,0.00012,65,0.00065
39,-32,0,100000,14,0.00014,63,0.00063
39,-32,1,100000,17,0.00017,74,0.00074
39,-32,2,100000,28,0.00028,80,0.0008
39,-32,3,100000,32,0.00032,84,0.00084
39,-32,4,100000,39,0.00039,70,0.0007
39,-32,5,100000,19,0.00019,75,0.00075
39,-31,0,100000,48,0.00048,91,0.00091
39,-31,1,100000,23,0.00023,84,0.00084
39,-31,2,100000,28,0.00028,76,0.00076
39,-31,3,100000,34,0.00034,89,0.00089
39,-31,4,100000,19,0.00019,72,0.00072
39,-31,5,100000,23,0.00023,81,0.00081
39,-30,0,100000,30,0.0003,74,0.00074
39,-30,1,100000,21,0.00021,59,0.00059
39,-30,2,100000,31,0.00031,76,0.00076
39,-30,3,100000,44,0.00044,72,0.00072
39,-30,4,100000,24,0.00024,65,0.00065
39,-30,5,100000,33,0.00033,71,0.00071
39,-29,0,100000,23,0.00023,68,0.00068
39,-29,1,100000,22,0.00022,73,0.00073
39,-29,2,100000,46,0.00046,79,0.00079
39,-29,3,100000,20,0.0002,80,0.0008
39,-29,4,100000,24,0.00024,68,0.00068
39,-29,5,100000,41,0.00041,82,0.00082
39,-28,0,100000,27,0.00027,79,0.00079
39,-28,1,100000,30,0.0003,70,0.0007
39,-28,2,100000,33,0.00033,67,0.00067
39,-28,3,100000,47,0.00047,82,0.00082
39,-28,4,100000,27,0.00027,70,0.0007
39,-28,5,100000,34,0.00034,96,0.00096
39,-27,0,100000,41,0.00041,78,0.00078
39,-27,1,100000,38,0.00038,83,0.00083
39,-27,2,100000,42,0.00042,72,0.00072
39,-27,3,100000,27,0.00027,73,0.00073
39,-27,4,100000,41,0.00041,81,0.00081
39,-27,5,100000,29,0.00029,56,0.00056
39,-26,0,100000,25,0.00025,71,0.00071
39,-26,1,100000,15,0.00015,62,0.00062
39,-26,2,100000,30,0.0003,78,0.00078
39,-26,3,100000,43,0.00043,77,0.00077
39,-26,4,100000,29,0.00029,76,0.00076
39,-26,5,100000,28,0.00028,57,0.00057
39,-25,0,100000,46,0.00046,76,0.00076
39,-25,1,100000,36,0.00036,70,0.0007
39,-25,2,100000,20,0.0002,66,0.00066
39,-25,3,100000,16,0.00016,72,0.00072
39,-25,4,100000,32,0.00032,78,0.00078
39,-25,5,100000,48,0.00048,96,0.00096
39,-24,0,100000,24,0.00024,74,0.00074
39,-24,1,100000,26,0.00026,82,0.00082
39,-24,2,100000,42,0.00042,85,0.00085
39,-24,3,100000,40,0.0004,76,0.00076
39,-24,4,100000,25,0.00025,78,0.00078
39,-24,5,100000,20,0.0002,74,0.00074
39,-23,0,100000,34,0.00034,82,0.00082
39,-23,1,100000,34,0.00034,68,0.00068
39,-23,2,100000,20,0.0002,62,0.00062
39,-23,3,100000,40,0.0004,69,0.00069
39,-23,4,100000,21,0.00021,65,0.00065
39,-23,5,100000,40,0.0004,83,0.00083
39,-22,0,100000,40,0.0004,83,0.00083
39,-22,1,100000,19,0.00019,59,0.00059
39,-22,2,100000,32,0.00032,75,0.00075
39,-22,3,100000,40,0.0004,86,0.00086
39,-22,4,100000,40,0.0004,71,0.00071
39,-22,5,100000,35,0.00035,76,0.00076
39,-21,0,100000,31,0.00031,72,0.00072
39,-21,1,100000,24,0.00024,85,0.00085
39,-21,2,100000,24,0.00024,63,0.00063
39,-21,3,100000,33,0.00033,71,0.00071
39,-21,4,100000,27,0.00027,68,0.00068
39,-21,5,100000,21,0.00021,70,0.0007
39,-20,0,100000,24,0.00024,56,0.00056
39,-20,1,100000,35,0.00035,63,0.00063
39,-20,2,100000,26,0.00026,74,0.00074
39,-20,3,100000,32,0.00032,58,0.00058
39,-20,4,100000,42,0.00042,60,0.0006
39,-20,5,100000,15,0.00015,65,0.00065
39,-19,0,100000,17,0.00017,72,0.00072
39,-19,1,100000,34,0.00034,82,0.00082
39,-19,2,100000,10,0.0001,64,0.00064
39,-19,3,100000,32,0.00032,70,0.0007
39,-19,4,100000,35,0.00035,77,0.00077
39,-19,5,100000,26,0.00026,77,0.00077
39,-18,0,100000,20,0.0002,70,0.0007
39,-18,1,100000,32,0.00032,68,0.00068
39,-18,2,100000,25,0.00025,76,0.00076
39,-18,3,100000,27,0.00027,66,0.00066
39,-18,4,100000,15,0.00015,66,0.00066
39,-18,5,100000,32,0.00032,67,0.00067
39,-17,0,100000,40,0.0004,74,0.00074
39,-17,1,100000,14,0.00014,57,0.00057
39,-17,2,100000,37,0.00037,57,0.00057
39,-17,3,100000,53,0.00053,70,0.0007
39,-17,4,100000,24,0.00024,59,0.00059
39,-17,5,100000,21,0.00021,67,0.00067
39,-16,0,100000,26,0.00026,94,0.00094
39,-16,1,100000,29,0.00029,70,0.0007
39,-16,2,100000,33,0.00033,84,0.00084
39,-16,3,100000,33,0.00033,77,0.00077
39,-16,4,100000,25,0.00025,58,0.00058
39,-16,5,100000,27,0.00027,76,0.00076
39,-15,0,100000,24,0.00024,60,0.0006
39,-15,1,100000,32,0.00032,70,0.0007
39,-15,2,100000,40,0.0004,78,0.00078
39,-15,3,100000,38,0.00038,87,0.00087
39,-15,4,100000,27,0.00027,86,0.00086
39,-15,5,100000,57,0.00057,73,0.00073
39,-14,0,100000,30,0.0003,67,0.00067
39,-14,1,100000,28,0.00028,78,0.00078
39,-14,2,100000,27,0.00027,66,0.00066
39,-14,3,100000,12,0.00012,58,0.00058
39,-14,4,100000,23,0.00023,83,0.00083
39,-14,5,100000,33,0.00033,70,0.0007
39,-13,0,100000,32,0.00032,66,0.00066
39,-13,1,100000,35,0.00035,73,0.00073
39,-13,2,100000,47,0.00047,95,0.00095
39,-13,3,100000,13,0.00013,62,0.00062
39,-13,4,100000,36,0.00036,90,0.0009
39,-13,5,100000,30,0.0003,79,0.00079
39,-12,0,100000,31,0.00031,70,0.0007
39,-12,1,100000,42,0.00042,75,0.00075
39,-12,2,100000,22,0.00022,72,0.00072
39,-12,3,100000,27,0.00027,86,0.00086
39,-12,4,100000,52,0.00052,81,0.00081
39,-12,5,100000,52,0.00052,76,0.00076
39,-11,0,100000,25,0.00025,68,0.00068
39,-11,1,100000,24,0.00024,65,0.00065
39,-11,2,100000,35,0.00035,90,0.0009
39,-11,3,100000,47,0.00047,83,0.00083
39,-11,4,100000,30,0.0003,84,0.00084
39,-11,5,100000,26,0.00026,75,0.00075
39,-10,0,100000,25,0.00025,62,0.00062
39,-10,1,100000,26,0.00026,76,0.00076
39,-10,2,100000,33,0.00033,69,0.00069
39,-10,3,100000,26,0.00026,66,0.00066
39,-10,4,100000,32,0.00032,69,0.00069
39,-10,5,100000,27,0.00027,69,0.00069
39,-9,0,100000,50,0.0005,68,0.00068
39,-9,1,100000,27,0.00027,74,0.00074
39,-9,2,100000,20,0.0002,73,0.00073
39,-9,3,100000,14,0.00014,65,0.00065
39,-9,4,100000,27,0.00027,76,0.00076
39,-9,5,100000,30,0.0003,71,0.00071
39,-8,0,100000,40,0.0004,61,0.00061
39,-8,1,100000,45,0.00045,80,0.0008
39,-8,2,100000,44,0.00044,66,0.00066
39,-8,3,100000,26,0.00026,74,0.00074
39,-8,4,100000,49,0.00049,83,0.00083
39,-8,5,100000,41,0.00041,93,0.00093
39,-7,0,100000,30,0.0003,72,0.00072
39,-7,1,100000,26,0.00026,60,0.0006
39,-7,2,100000,21,0.00021,85,0.00085
39,-7,3,100000,34,0.00034,76,0.00076
39,-7,4,100000,23,0.00023,73,0.00073
39,-7,5,100000,53,0.00053,84,0.00084
39,-6,0,100000,41,0.00041,77,0.00077
39,-6,1,100000,23,0.00023,80,0.0008
39,-6,2,100000,31,0.00031,66,0.00066
39,-6,3,100000,35,0.00035,87,0.00087
39,-6,4,100000,19,0.00019,69,0.00069
39,-6,5,100000,49,0.00049,77,0.00077
39,-5,0,100000,24,0.00024,64,0.00064
39,-5,1,100000,18,0.00018,72,0.00072
39,-5,2,100000,28,0.00028,80,0.0008
39,-5,3,100000,29,0.00029,57,0.00057
39,-5,4,100000,47,0.00047,83,0.00083
39,-5,5,100000,15,0.00015,87,0.00087
39,-4,0,100000,29,0.00029,67,0.00067
39,-4,1,100000,32,0.00032,69,0.00069
39,-4,2,100000,36,0.00036,83,0.00083
39,-4,3,100000,35,0.00035,79,0.00079
39,-4,4,100000,30,0.0003,63,0.00063
39,-4,5,100000,38,0.00038,85,0.00085
39,-3,0,100000,19,0.00019,59,0.00059
39,-3,1,100000,21,0.00021,70,0.0007
39,-3,2,100000,44,0.00044,77,0.00077
39,-3,3,100000,32,0.00032,77,0.00077
39,-3,4,100000,42,0.00042,91,0.00091
39,-3,5,100000,28,0.00028,74,0.00074
39,-2,0,100000,44,0.00044,76,0.00076
39,-2,1,100000,57,0.00057,71,0.00071
39,-2,2,100000,51,0.00051,83,0.00083
39,-2,3,100000,29,0.00029,70,0.0007
39,-2,4,100000,18,0.00018,62,0.00062
39,-2,5,100000,17,0.00017,67,0.00067
39,-1,0,100000,23,0.00023,71,0.00071
39,-1,1,100000,28,0.00028,79,0.00079
39,-1,2,100000,44,0.00044,80,0.0008
39,-1,3,100000,23,0.00023,56,0.00056
39,-1,4,100000,31,0.00031,92,0.00092
39,-1,5,100000,41,0.00041,77,0.00077
39,0,0,100000,26,0.00026,74,0.00074
39,0,1,100000,23,0.00023,67,0.00067
39,0,2,100000,32,0.00032,62,0.00062
39,0,3,100000,46,0.00046,90,0.0009
39,0,4,100000,32,0.00032,66,0.00066
39,0,5,100000,62,0.00062,79,0.00079
39,1,0,100000,15,0.00015,55,0.00055
39,1,1,100000,28,0.00028,73,0.00073
39,1,2,100000,30,0.0003,67,0.00067
39,1,3,100000,24,0.00024,56,0.00056
39,1,4,100000,26,0.00026,71,0.00071
39,1,5,100000,38,0.00038,79,0.00079
39,2,0,100000,25,0.00025,81,0.00081
39,2,1,100000,23,0.00023,76,0.00076
39,2,2,100000,25,0.00025,77,0.00077
39,2,3,100000,41,0.00041,78,0.00078
39,2,4,100000,26,0.00026,85,0.00085
39,2,5,100000,23,0.00023,79,0.00079
39,3,0,100000,26,0.00026,75,0.00075
39,3,1,100000,30,0.0003,83,0.00083
39,3,2,100000,42,0.00042,84,0.00084
39,3,3,100000,34,0.00034,73,0.00073
39,3,4,100000,19,0.00019,60,0.0006
39,3,5,100000,31,0.00031,68,0.00068
39,4,0,100000,26,0.00026,68,0.00068
39,4,1,100000,17,0.00017,75,0.00075
39,4,2,100000,28,0.00028,74,0.00074
39,4,3,100000,33,0.00033,65,0.00065
39,4,4,100000,13,0.00013,61,0.00061
39,4,5,100000,23,0.00023,72,0.00072
39,5,0,100000,35,0.00035,75,0.00075
39,5,1,100000,43,0.00043,81,0.00081
39,5,2,100000,27,0.00027,57,0.00057
39,5,3,100000,37,0.00037,65,0.00065
39,5,4,100000,31,0.00031,66,0.00066
39,5,5,100000,38,0.00038,87,0.00087
39,6,0,100000,27,0.00027,76,0.00076
39,6,1,100000,22,0.00022,79,0.00079
39,6,2,100000,21,0.00021,73,0.00073
39,6,3,100000,46,0.00046,77,0.00077
39,6,4,100000,14,0.00014,57,0.00057
39,6,5,100000,47,0.00047,72,0.00072
39,7,0,100000,37,0.00037,71,0.00071
39,7,1,100000,35,0.00035,65,0.00065
39,7,2,100000,24,0.00024,67,0.00067
39,7,3,100000,30,0.0003,75,0.00075
39,7,4,100000,24,0.00024,65,0.00065
39,7,5,100000,37,0.00037,76,0.00076
39,8,0,100000,32,0.00032,75,0.00075
39,8,1,100000,50,0.0005,84,0.00084
39,8,2,100000,34,0.00034,73,0.00073
39,8,3,100000,35,0.00035,65,0.00065
39,8,4,100000,33,0.00033,76,0.00076
39,8,5,100000,29,0.00029,72,0.00072
39,9,0,100000,36,0.00036,79,0.00079
39,9,1,100000,25,0.00025,79,0.00079
39,9,2,100000,30,0.0003,53,0.00053
39,9,3,100000,44,0.00044,87,0.00087
39,9,4,100000,21,0.00021,79,0.00079
39,9,5,100000,46,0.00046,82,0.00082
39,10,0,100000,40,0.0004,67,0.00067
39,10,1,100000,22,0.00022,64,0.00064
39,10,2,100000,39,0.00039,75,0.00075
39,10,3,100000,30,0.0003,79,0.00079
39,10,4,100000,19,0.00019,60,0.0006
39,10,5,100000,19,0.00019,75,0.00075
39,11,0,100000,22,0.00022,68,0.00068
39,11,1,100000,40,0.0004,73,0.00073
39,11,2,100000,13,0.00013,63,0.00063
39,11,3,100000,39,0.00039,77,0.00077
39,11,4,100000,43,0.00043,86,0.00086
39,11,5,100000,30,0.0003,52,0.00052
39,12,0,100000,24,0.00024,62,0.00062
39,12,1,100000,27,0.00027,82,0.00082
39,12,2,100000,21,0.00021,73,0.00073
39,12,3,100000,19,0.00019,69,0.00069
39,12,4,100000,34,0.00034,87,0.00087
39,12,5,100000,21,0.00021,82,0.00082
39,13,0,100000,24,0.00024,74,0.00074
39,13,1,100000,25,0.00025,76,0.00076
39,13,2,100000,15,0.00015,72,0.00072
39,13,3,100000,25,0.00025,83,0.00083
39,13,4,100000,20,0.0002,75,0.00075
39,13,5,100000,55,0.00055,80,0.0008
39,14,0,100000,26,0.00026,76,0.00076
39,14,1,100000,31,0.00031,79,0.00079
39,14,2,100000,35,0.00035,67,0.00067
39,14,3,100000,36,0.00036,74,0.00074
39,14,4,100000,25,0.00025,77,0.00077
39,14,5,100000,19,0.00019,65,0.00065
39,15,0,100000,19,0.00019,71,0.00071
39,15,1,100000,38,0.00038,62,0.00062
39,15,2,100000,30,0.0003,79,0.00079
39,15,3,100000,35,0.00035,71,0.00071
39,15,4,100000,27,0.00027,65,0.00065
39,15,5,100000,28,0.00028,69,0.00069
39,16,0,100000,25,0.00025,85,0.00085
39,16,1,100000,39,0.00039,86,0.00086
39,16,2,100000,32,0.00032,80,0.0008
39,16,3,100000,38,0.00038,87,0.00087
39,16,4,100000,32,0.00032,73,0.00073
39,16,5,100000,40,0.0004,104,0.00104
39,17,0,100000,36,0.00036,85,0.00085
39,17,1,100000,24,0.00024,62,0.00062
39,17,2,100000,17,0.00017,76,0.00076
39,17,3,100000,24,0.00024,73,0.00073
39,17,4,100000,23,0.00023,67,0.00067
39,17,5,100000,39,0.00039,73,0.00073
39,18,0,100000,15,0.00015,63,0.00063
39,18,1,100000,49,0.00049,80,0.0008
39,18,2,100000,25,0.00025,84,0.00084
39,18,3,100000,29,0.00029,77,0.00077
39,18,4,100000,36,0.00036,67,0.00067
39,18,5,100000,21,0.00021,64,0.00064
39,19,0,100000,34,0.00034,62,0.00062
39,19,1,100000,40,0.0004,66,0.00066
39,19,2,100000,18,0.00018,73,0.00073
39,19,3,100000,27,0.00027,79,0.00079
39,19,4,100000,26,0.00026,54,0.00054
39,19,5,100000,35,0.00035,81,0.00081
39,20,0,100000,27,0.00027,70,0.0007
39,20,1,100000,26,0.00026,64,0.00064
39,20,2,100000,20,0.0002,90,0.0009
39,20,3,100000,19,0.00019,64,0.00064
39,20,4,100000,22,0.00022,73,0.00073
39,20,5,100000,28,0.00028,69,0.00069
39,21,0,100000,22,0.00022,64,0.00064
39,21,1,100000,18,0.00018,81,0.00081
39,21,2,100000,41,0.00041,75,0.00075
39,21,3,100000,23,0.00023,72,0.00072
39,21,4,100000,31,0.00031,74,0.00074
39,21,5,100000,18,0.00018,55,0.00055
39,22,0,100000,39,0.00039,70,0.0007
39,22,1,100000,31,0.00031,79,0.00079
39,22,2,100000,38,0.00038,78,0.00078
39,22,3,100000,28,0.00028,78,0.00078
39,22,4,100000,28,0.00028,71,0.00071
39,22,5,100000,32,0.00032,57,0.00057
39,23,0,100000,31,0.00031,65,0.00065
39,23,1,100000,28,0.00028,70,0.0007
39,23,2,100000,38,0.00038,81,0.00081
39,23,3,100000,47,0.00047,83,0.00083
39,23,4,100000,26,0.00026,79,0.00079
39,23,5,100000,41,0.00041,66,0.00066
39,24,0,100000,33,0.00033,83,0.00083
39,24,1,100000,27,0.00027,79,0.00079
39,24,2,100000,14,0.00014,64,0.00064
39,24,3,100000,32,0.00032,74,0.00074
39,24,4,100000,14,0.00014,64,0.00064
39,24,5,100000,36,0.00036,84,0.00084
39,25,0,100000,16,0.00016,61,0.00061
39,25,1,100000,25,0.00025,77,0.00077
39,25,2,100000,29,0.00029,79,0.00079
39,25,3,100000,26,0.00026,72,0.00072
39,25,4,100000,37,0.00037,76,0.00076
39,25,5,100000,18,0.00018,73,0.00073
39,26,0,100000,28,0.00028,69,0.00069
39,26,1,100000,32,0.00032,79,0.00079
39,26,2,100000,33,0.00033,73,0.00073
39,26,3,100000,50,0.0005,85,0.00085
39,26,4,100000,32,0.00032,69,0.00069
39,26,5,100000,33,0.00033,84,0.00084
39,27,0,100000,22,0.00022,70,0.0007
39,27,1,100000,17,0.00017,67,0.00067
39,27,2,100000,38,0.00038,76,0.00076
39,27,3,100000,39,0.00039,79,0.00079
39,27,4,100000,28,0.00028,71,0.00071
39,27,5,100000,39,0.00039,68,0.00068
39,28,0,100000,31,0.00031,71,0.00071
39,28,1,100000,19,0.00019,58,0.00058
39,28,2,100000,20,0.0002,59,0.00059
39,28,3,100000,21,0.00021,70,0.0007
39,28,4,100000,40,0.0004,68,0.00068
39,28,5,100000,20,0.0002,62,0.00062
39,29,0,100000,31,0.00031,73,0.00073
39,29,1,100000,30,0.0003,63,0.00063
39,29,2,100000,38,0.00038,66,0.00066
39,29,3,100000,27,0.00027,59,0.00059
39,29,4,100000,39,0.00039,76,0.00076
39,29,5,100000,31,0.00031,69,0.00069
39,30,0,100000,38,0.00038,80,0.0008
39,30,1,100000,45,0.00045,79,0.00079
39,30,2,100000,40,0.0004,72,0.00072
39,30,3,100000,23,0.00023,71,0.00071
39,30,4,100000,36,0.00036,79,0.00079
39,30,5,100000,35,0.00035,82,0.00082
39,31,0,100000,39,0.00039,73,0.00073
39,31,1,100000,36,0.00036,86,0.00086
39,31,2,100000,16,0.00016,68,0.00068
39,31,3,100000,25,0.00025,54,0.00054
39,31,4,100000,29,0.00029,72,0.00072
39,31,5,100000,33,0.00033,63,0.00063
39,32,0,100000,23,0.00023,72,0.00072
39,32,1,100000,37,0.00037,67,0.00067
39,32,2,100000,23,0.00023,52,0.00052
39,32,3,100000,34,0.00034,80,0.0008
39,32,4,100000,38,0.00038,81,0.00081
39,32,5,100000,28,0.00028,87,0.00087
39,33,0,100000,28,0.00028,68,0.00068
39,33,1,100000,18,0.00018,58,0.00058
39,33,2,100000,44,0.00044,66,0.00066
39,33,3,100000,34,0.00034,79,0.00079
39,33,4,100000,24,0.00024,80,0.0008
39,33,5,100000,31,0.00031,70,0.0007
39,34,0,100000,33,0.00033,66,0.00066
39,34,1,100000,26,0.00026,70,0.0007
39,34,2,100000,38,0.00038,80,0.0008
39,34,3,100000,35,0.00035,83,0.00083
39,34,4,100000,15,0.00015,61,0.00061
39,34,5,100000,31,0.00031,84,0.00084
39,35,0,100000,27,0.00027,69,0.00069
39,35,1,100000,12,0.00012,65,0.00065
39,35,2,100000,28,0.00028,54,0.00054
39,35,3,100000,26,0.00026,59,0.00059
39,35,4,100000,23,0.00023,66,0.00066
39,35,5,100000,21,0.00021,72,0.00072
39,36,0,100000,33,0.00033,76,0.00076
39,36,1,100000,29,0.00029,76,0.00076
39,36,2,100000,29,0.00029,80,0.0008
39,36,3,100000,31,0.00031,68,0.00068
39,36,4,100000,33,0.00033,74,0.00074
39,36,5,100000,33,0.00033,59,0.00059
39,37,0,100000,44,0.00044,88,0.00088
39,37,1,100000,35,0.00035,87,0.00087
39,37,2,100000,29,0.00029,66,0.00066
39,37,3,100000,33,0.00033,52,0.00052
39,37,4,100000,28,0.00028,84,0.00084
39,37,5,100000,23,0.00023,65,0.00065
39,38,0,100000,24,0.00024,56,0.00056
39,38,1,100000,28,0.00028,73,0.00073
39,38,2,100000,21,0.00021,65,0.00065
39,38,3,100000,27,0.00027,67,0.00067
39,38,4,100000,40,0.0004,79,0.00079
39,38,5,100000,40,0.0004,75,0.00075
39,39,0,100000,20,0.0002,71,0.00071
39,39,1,100000,22,0.00022,69,0.00069
39,39,2,100000,33,0.00033,70,0.0007
39,39,3,100000,20,0.0002,59,0.00059
39,39,4,100000,35,0.00035,60,0.0006
39,39,5,100000,19,0.00019,76,0.00076
39,40,0,100000,22,0.00022,69,0.00069
39,40,1,100000,35,0.00035,68,0.00068
39,40,2,100000,24,0.00024,68,0.00068
39,40,3,100000,29,0.00029,83,0.00083
39,40,4,100000,18,0.00018,69,0.00069
39,40,5,100000,29,0.00029,66,0.00066
39,41,0,100000,24,0.00024,68,0.00068
39,41,1,100000,27,0.00027,65,0.00065
39,41,2,100000,30,0.0003,76,0.00076
39,41,3,100000,28,0.00028,73,0.00073
39,41,4,100000,16,0.00016,61,0.00061
39,41,5,100000,29,0.00029,84,0.00084
39,42,0,100000,36,0.00036,79,0.00079
39,42,1,100000,35,0.00035,67,0.00067
39,42,2,100000,39,0.00039,75,0.00075
39,42,3,100000,15,0.00015,64,0.00064
39,42,4,100000,18,0.00018,65,0.00065
39,42,5,100000,44,0.00044,79,0.00079
39,43,0,100000,25,0.00025,55,0.00055
39,43,1,100000,25,0.00025,64,0.00064
39,43,2,100000,40,0.0004,74,0.00074
39,43,3,100000,21,0.00021,67,0.00067
39,43,4,100000,29,0.00029,66,0.00066
39,43,5,100000,14,0.00014,65,0.00065
39,44,0,100000,36,0.00036,71,0.00071
39,44,1,100000,27,0.00027,63,0.00063
39,44,2,100000,22,0.00022,82,0.00082
39,44,3,100000,35,0.00035,67,0.00067
39,44,4,100000,43,0.00043,77,0.00077
39,44,5,100000,19,0.00019,77,0.00077
39,45,0,100000,39,0.00039,77,0.00077
39,45,1,100000,21,0.00021,87,0.00087
39,45,2,100000,22,0.00022,66,0.00066
39,45,3,100000,12,0.00012,58,0.00058
39,45,4,100000,27,0.00027,74,0.00074
39,45,5,100000,36,0.00036,83,0.00083
39,46,0,100000,27,0.00027,75,0.00075
39,46,1,100000,35,0.00035,75,0.00075
39,46,2,100000,18,0.00018,64,0.00064
39,46,3,100000,28,0.00028,71,0.00071
39,46,4,100000,27,0.00027,70,0.0007
39,46,5,100000,29,0.00029,76,0.00076
39,47,0,100000,10,0.0001,63,0.00063
39,47,1,100000,20,0.0002,72,0.00072
39,47,2,100000,31,0.00031,91,0.00091
39,47,3,100000,32,0.00032,65,0.00065
39,47,4,100000,44,0.00044,87,0.00087
39,47,5,100000,23,0.00023,67,0.00067
39,48,0,100000,21,0.00021,73,0.00073
39,48,1,100000,22,0.00022,69,0.00069
39,48,2,100000,32,0.00032,75,0.00075
39,48,3,100000,28,0.00028,67,0.00067
39,48,4,100000,24,0.00024,80,0.0008
39,48,5,100000,34,0.00034,71,0.00071
39,49,0,100000,33,0.00033,65,0.00065
39,49,1,100000,22,0.00022,65,0.00065
39,49,2,100000,11,0.00011,59,0.00059
39,49,3,100000,25,0.00025,74,0.00074
39,49,4,100000,49,0.00049,82,0.00082
39,49,5,100000,23,0.00023,57,0.00057
39,50,0,100000,29,0.00029,87,0.00087
39,50,1,100000,43,0.00043,61,0.00061
39,50,2,100000,27,0.00027,76,0.00076
39,50,3,100000,23,0.00023,64,0.00064
39,50,4,100000,44,0.00044,84,0.00084
39,50,5,100000,22,0.00022,69,0.00069
40,-50,0,100000,27,0.00027,64,0.00064
40,-50,1,100000,27,0.00027,74,0.00074
40,-50,2,100000,26,0.00026,68,0.00068
40,-50,3,100000,24,0.00024,58,0.00058
40,-50,4,100000,44,0.00044,77,0.00077
40,-50,5,100000,27,0.00027,72,0.00072
40,-49,0,100000,23,0.00023,66,0.00066
40,-49,1,100000,16,0.00016,72,0.00072
40,-49,2,100000,21,0.00021,74,0.00074
40,-49,3,100000,52,0.00052,82,0.00082
40,-49,4,100000,36,0.00036,83,0.00083
40,-49,5,100000,23,0.00023,60,0.0006
40,-48,0,100000,24,0.00024,71,0.00071
40,-48,1,100000,25,0.00025,61,0.00061
40,-48,2,100000,34,0.00034,87,0.00087
40,-48,3,100000,42,0.00042,80,0.0008
40,-48,4,100000,30,0.0003,80,0.0008
40,-48,5,100000,19,0.00019,59,0.00059
40,-47,0,100000,31,0.00031,72,0.00072
40,-47,1,100000,47,0.00047,80,0.0008
40,-47,2,100000,25,0.00025,73,0.00073
40,-47,3,100000,34,0.00034,76,0.00076
40,-47,4,100000,42,0.00042,76,0.00076
40,-47,5,100000,18,0.00018,67,0.00067
40,-46,0,100000,33,0.00033,71,0.00071
40,-46,1,100000,23,0.00023,86,0.00086
40,-46,2,100000,24,0.00024,60,0.0006
40,-46,3,100000,31,0.00031,73,0.00073
40,-46,4,100000,30,0.0003,73,0.00073
40,-46,5,100000,29,0.00029,72,0.00072
40,-45,0,100000,26,0.00026,65,0.00065
40,-45,1,100000,32,0.00032,66,0.00066
40,-45,2,100000,44,0.00044,88,0.00088
40,-45,3,100000,20,0.0002,73,0.00073
40,-45,4,100000,35,0.00035,78,0.00078
40,-45,5,100000,17,0.00017,59,0.00059
40,-44,0,100000,17,0.00017,71,0.00071
40,-44,1,100000,23,0.00023,82,0.00082
40,-44,2,100000,11,0.00011,61,0.00061
40,-44,3,100000,45,0.00045,102,0.00102
40,-44,4,100000,20,0.0002,61,0.00061
40,-44,5,100000,24,0.00024,73,0.00073
40,-43,0,100000,39,0.00039,79,0.00079
40,-43,1,100000,22,0.00022,74,0.00074
40,-43,2,100000,17,0.00017,73,0.00073
40,-43,3,100000,31,0.00031,77,0.00077
40,-43,4,100000,17,0.00017,62,0.00062
40,-43,5,100000,25,0.00025,64,0.00064
40,-42,0,100000,28,0.00028,65,0.00065
40,-42,1,100000,37,0.00037,65,0.00065
40,-42,2,100000,22,0.00022,64,0.00064
40,-42,3,100000,23,0.00023,61,0.00061
40,-42,4,100000,29,0.00029,70,0.0007
40,-42,5,100000,25,0.00025,65,0.00065
40,-41,0,100000,37,0.00037,73,0.00073
40,-41,1,100000,32,0.00032,69,0.00069
40,-41,2,100000,19,0.00019,59,0.00059
40,-41,3,100000,30,0.0003,80,0.0008
40,-41,4,100000,38,0.00038,79,0.00079
40,-41,5,100000,23,0.00023,69,0.00069
40,-40,0,100000,25,0.00025,63,0.00063
40,-40,1,100000,39,0.00039,70,0.0007
40,-40,2,100000,33,0.00033,79,0.00079
40,-40,3,100000,28,0.00028,72,0.00072
40,-40,4,100000,27,0.00027,60,0.0006
40,-40,5,100000,36,0.00036,70,0.0007
40,-39,0,100000,37,0.00037,89,0.00089
40,-39,1,100000,23,0.00023,82,0.00082
40,-39,2,100000,23,0.00023,84,0.00084
40,-39,3,100000,40,0.0004,85,0.00085
40,-39,4,100000,41,0.00041,69,0.00069
40,-39,5,100000,24,0.00024,69,0.00069
40,-38,0,100000,30,0.0003,68,0.00068
40,-38,1,100000,38,0.00038,82,0.00082
40,-38,2,100000,26,0.00026,83,0.00083
40,-38,3,100000,18,0.00018,66,0.00066
40,-38,4,100000,38,0.00038,66,0.00066
40,-38,5,100000,30,0.0003,61,0.00061
40,-37,0,100000,24,0.00024,80,0.0008
40,-37,1,100000,27,0.00027,59,0.00059
40,-37,2,100000,23,0.00023,68,0.00068
40,-37,3,100000,14,0.00014,62,0.00062
40,-37,4,100000,17,0.00017,76,0.00076
40,-37,5,100000,17,0.00017,58,0.00058
40,-36,0,100000,14,0.00014,92,0.00092
40,-36,1,100000,19,0.00019,63,0.00063
40,-36,2,100000,37,0.00037,75,0.00075
40,-36,3,100000,34,0.00034,74,0.00074
40,-36,4,100000,30,0.0003,70,0.0007
40,-36,5,100000,31,0.00031,69,0.00069
40,-35,0,100000,30,0.0003,81,0.00081
40,-35,1,100000,39,0.00039,76,0.00076
40,-35,2,100000,24,0.00024,56,0.00056
40,-35,3,100000,24,0.00024,78,0.00078
40,-35,4,100000,30,0.0003,60,0.0006
40,-35,5,100000,13,0.00013,46,0.00046
40,-34,0,100000,32,0.00032,64,0.00064
40,-34,1,100000,28,0.00028,54,0.00054
40,-34,2,100000,23,0.00023,75,0.00075
40,-34,3,100000,25,0.00025,69,0.00069
40,-34,4,100000,17,0.00017,77,0.00077
40,-34,5,100000,30,0.0003,63,0.00063
40,-33,0,100000,33,0.00033,74,0.00074
40,-33,1,100000,18,0.00018,65,0.00065
40,-33,2,100000,20,0.0002,68,0.00068
40,-33,3,100000,37,0.00037,88,0.00088
40,-33,4,100000,30,0.0003,67,0.00067
40,-33,5,100000,32,0.00032,81,0.00081
40,-32,0,100000,38,0.00038,78,0.00078
40,-32,1,100000,22,0.00022,65,0.00065
40,-32,2,100000,27,0.00027,78,0.00078
40,-32,3,100000,20,0.0002,80,0.0008
40,-32,4,100000,40,0.0004,74,0.00074
40,-32,5,100000,28,0.00028,66,0.00066
40,-31,0,100000,26,0.00026,73,0.00073
40,-31,1,100000,35,0.00035,85,0.00085
40,-31,2,100000,34,0.00034,69,0.00069
40,-31,3,100000,46,0.00046,70,0.0007
40,-31,4,100000,33,0.00033,82,0.00082
40,-31,5,100000,51,0.00051,68,0.00068
40,-30,0,100000,43,0.00043,66,0.00066
40,-30,1,100000,40,0.0004,67,0.00067
40,-30,2,100000,35,0.00035,85,0.00085
40,-30,3,100000,30,0.0003,63,0.00063
40,-30,4,100000,38,0.00038,73,0.00073
40,-30,5,100000,23,0.00023,68,0.00068
40,-29,0,100000,35,0.00035,82,0.00082
40,-29,1,100000,26,0.00026,76,0.00076
40,-29,2,100000,40,0.0004,80,0.0008
40,-29,3,100000,17,0.00017,86,0.00086
40,-29,4,100000,26,0.00026,79,0.00079
40,-29,5,100000,25,0.00025,71,0.00071
40,-28,0,100000,32,0.00032,73,0.00073
40,-28,1,100000,54,0.00054,93,0.00093
40,-28,2,100000,30,0.0003,50,0.0005
40,-28,3,100000,37,0.00037,84,0.00084
40,-28,4,100000,32,0.00032,76,0.00076
40,-28,5,100000,25,0.00025,57,0.00057
40,-27,0,100000,18,0.00018,65,0.00065
40,-27,1,100000,38,0.00038,63,0.00063
40,-27,2,100000,38,0.00038,83,0.00083
40,-27,3,100000,44,0.00044,81,0.00081
40,-27,4,100000,30,0.0003,68,0.00068
40,-27,5,100000,45,0.00045,76,0.00076
40,-26,0,100000,45,0.00045,58,0.00058
40,-26,1,100000,21,0.00021,76,0.00076
40,-26,2,100000,28,0.00028,84,0.00084
40,-26,3,100000,27,0.00027,71,0.00071
40,-26,4,100000,39,0.00039,79,0.00079
40,-26,5,100000,28,0.00028,89,0.00089
40,-25,0,100000,16,0.00016,74,0.00074
40,-25,1,100000,41,0.00041,85,0.00085
40,-25,2,100000,36,0.00036,84,0.00084
40,-25,3,100000,39,0.00039,70,0.0007
40,-25,4,100000,22,0.00022,61,0.00061
40,-25,5,100000,35,0.00035,75,0.00075
40,-24,0,100000,32,0.00032,67,0.00067
40,-24,1,100000,22,0.00022,67,0.00067
40,-24,2,100000,25,0.00025,49,0.00049
40,-24,3,100000,29,0.00029,76,0.00076
40,-24,4,100000,24,0.00024,73,0.00073
40,-24,5,100000,24,0.00024,76,0.00076
40,-23,0,100000,27,0.00027,70,0.0007
40,-23,1,100000,18,0.00018,69,0.00069
40,-23,2,100000,27,0.00027,67,0.00067
40,-23,3,100000,35,0.00035,67,0.00067
40,-23,4,100000,30,0.0003,66,0.00066
40,-23,5,100000,16,0.00016,59,0.00059
40,-22,0,100000,26,0.00026,77,0.00077
40,-22,1,100000,53,0.00053,91,0.00091
40,-22,2,100000,45,0.00045,75,0.00075
40,-22,3,100000,32,0.00032,61,0.00061
40,-22,4,100000,48,0.00048,79,0.00079
40,-22,5,100000,33,0.00033,74,0.00074
40,-21,0,100000,30,0.0003,71,0.00071
40,-21,1,100000,22,0.00022,77,0.00077
40,-21,2,100000,38,0.00038,83,0.00083
40,-21,3,100000,35,0.00035,89,0.00089
40,-21,4,100000,31,0.00031,82,0.00082
40,-21,5,100000,7,7e-05,60,0.0006
40,-20,0,100000,19,0.00019,69,0.00069
40,-20,1,100000,28,0.00028,65,0.00065
40,-20,2,100000,29,0.00029,70,0.0007
40,-20,3,100000,27,0.00027,65,0.00065
40,-20,4,100000,15,0.00015,71,0.00071
40,-20,5,100000,21,0.00021,78,0.00078
40,-19,0,100000,20,0.0002,61,0.00061
40,-19,1,100000,34,0.00034,65,0.00065
40,-19,2,100000,29,0.00029,63,0.00063
40,-19,3,100000,28,0.00028,69,0.00069
40,-19,4,100000,40,0.0004,78,0.00078
40,-19,5,100000,44,0.00044,60,0.0006
40,-18,0,100000,26,0.00026,71,0.00071
40,-18,1,100000,37,0.00037,84,0.00084
40,-18,2,100000,18,0.00018,65,0.00065
40,-18,3,100000,26,0.00026,78,0.00078
40,-18,4,100000,41,0.00041,71,0.00071
40,-18,5,100000,38,0.00038,82,0.00082
40,-17,0,100000,31,0.00031,68,0.00068
40,-17,1,100000,23,0.00023,74,0.00074
40,-17,2,100000,25,0.00025,72,0.00072
40,-17,3,100000,26,0.00026,68,0.00068
40,-17,4,100000,40,0.0004,63,0.00063
40,-17,5,100000,25,0.00025,72,0.00072
40,-16,0,100000,20,0.0002,80,0.0008
40,-16,1,100000,33,0.00033,72,0.00072
40,-16,2,100000,17,0.00017,67,0.00067
40,-16,3,100000,32,0.00032,77,0.00077
40,-16,4,100000,34,0.00034,94,0.00094
40,-16,5,100000,39,0.00039,70,0.0007
40,-15,0,100000,36,0.00036,68,0.00068
40,-15,1,100000,33,0.00033,70,0.0007
40,-15,2,100000,26,0.00026,71,0.00071
40,-15,3,100000,27,0.00027,83,0.00083
40,-15,4,100000,25,0.00025,75,0.00075
40,-15,5,100000,47,0.00047,71,0.00071
40,-14,0,100000,12,0.00012,64,0.00064
40,-14,1,100000,31,0.00031,75,0.00075
40,-14,2,100000,18,0.00018,53,0.00053
40,-14,3,100000,37,0.00037,65,0.00065
40,-14,4,100000,29,0.00029,80,0.0008
40,-14,5,100000,42,0.00042,78,0.00078
40,-13,0,100000,18,0.00018,67,0.00067
40,-13,1,100000,19,0.00019,65,0.00065
40,-13,2,100000,15,0.00015,66,0.00066
40,-13,3,100000,27,0.00027,67,0.00067
40,-13,4,100000,27,0.00027,61,0.00061
40,-13,5,100000,21,0.00021,66,0.00066
40,-12,0,100000,31,0.00031,82,0.00082
40,-12,1,100000,51,0.00051,79,0.00079
40,-12,2,100000,46,0.00046,79,0.00079
40,-12,3,100000,33,0.00033,78,0.00078
40,-12,4,100000,44,0.00044,87,0.00087
40,-12,5,100000,39,0.00039,84,0.00084
40,-11,0,100000,32,0.00032,70,0.0007
40,-11,1,100000,26,0.00026,70,0.0007
40,-11,2,100000,52,0.00052,86,0.00086
40,-11,3,100000,34,0.00034,75,0.00075
40,-11,4,100000,14,0.00014,74,0.00074
40,-11,5,100000,33,0.00033,60,0.0006
40,-10,0,100000,29,0.00029,64,0.00064
40,-10,1,100000,16,0.00016,51,0.00051
40,-10,2,100000,21,0.00021,64,0.00064
40,-10,3,100000,24,0.00024,76,0.00076
40,-10,4,100000,28,0.00028,76,0.00076
40,-10,5,100000,25,0.00025,63,0.00063
40,-9,0,100000,38,0.00038,70,0.0007
40,-9,1,100000,29,0.00029,88,0.00088
40,-9,2,100000,16,0.00016,71,0.00071
40,-9,3,100000,30,0.0003,81,0.00081
40,-9,4,100000,42,0.00042,79,0.00079
40,-9,5,100000,28,0.00028,78,0.00078
40,-8,0,100000,18,0.00018,69,0.00069
40,-8,1,100000,25,0.00025,78,0.00078
40,-8,2,100000,12,0.00012,71,0.00071
40,-8,3,100000,20,0.0002,67,0.00067
40,-8,4,100000,34,0.00034,64,0.00064
40,-8,5,100000,28,0.00028,63,0.00063
40,-7,0,100000,43,0.00043,75,0.00075
40,-7,1,100000,31,0.00031,78,0.00078
40,-7,2,100000,24,0.00024,65,0.00065
40,-7,3,100000,16,0.00016,87,0.00087
40,-7,4,100000,38,0.00038,77,0.00077
40,-7,5,100000,31,0.00031,73,0.00073
40,-6,0,100000,28,0.00028,66,0.00066
40,-6,1,100000,23,0.00023,64,0.00064
40,-6,2,100000,33,0.00033,58,0.00058
40,-6,3,100000,26,0.00026,60,0.0006
40,-6,4,100000,47,0.00047,78,0.00078
40,-6,5,100000,35,0.00035,70,0.0007
40,-5,0,100000,43,0.00043,77,0.00077
40,-5,1,100000,25,0.00025,67,0.00067
40,-5,2,100000,21,0.00021,68,0.00068
40,-5,3,100000,23,0.00023,77,0.00077
40,-5,4,100000,19,0.00019,61,0.00061
40,-5,5,100000,28,0.00028,63,0.00063
40,-4,0,100000,25,0.00025,90,0.0009
40,-4,1,100000,41,0.00041,64,0.00064
40,-4,2,100000,19,0.00019,72,0.00072
40,-4,3,100000,17,0.00017,87,0.00087
40,-4,4,100000,28,0.00028,63,0.00063
40,-4,5,100000,43,0.00043,90,0.0009
40,-3,0,100000,23,0.00023,69,0.00069
40,-3,1,100000,34,0.00034,89,0.00089
40,-3,2,100000,21,0.00021,71,0.00071
40,-3,3,100000,16,0.00016,60,0.0006
40,-3,4,100000,41,0.00041,88,0.00088
40,-3,5,100000,42,0.00042,72,0.00072
40,-2,0,100000,19,0.00019,65,0.00065
40,-2,1,100000,30,0.0003,71,0.00071
40,-2,2,100000,46,0.00046,60,0.0006
40,-2,3,100000,28,0.00028,80,0.0008
40,-2,4,100000,27,0.00027,68,0.00068
40,-2,5,100000,22,0.00022,77,0.00077
40,-1,0,100000,31,0.00031,65,0.00065
40,-1,1,100000,16,0.00016,66,0.00066
40,-1,2,100000,17,0.00017,61,0.00061
40,-1,3,100000,23,0.00023,51,0.00051
40,-1,4,100000,30,0.0003,72,0.00072
40,-1,5,100000,25,0.00025,69,0.00069
40,0,0,100000,31,0.00031,73,0.00073
40,0,1,100000,33,0.00033,68,0.00068
40,0,2,100000,17,0.00017,71,0.00071
40,0,3,100000,41,0.00041,78,0.00078
40,0,4,100000,21,0.00021,63,0.00063
40,0,5,100000,25,0.00025,64,0.00064
40,1,0,100000,27,0.00027,60,0.0006
40,1,1,100000,24,0.00024,78,0.00078
40,1,2,100000,43,0.00043,83,0.00083
40,1,3,100000,37,0.00037,60,0.0006
40,1,4,100000,16,0.00016,71,0.00071
40,1,5,100000,23,0.00023,80,0.0008
40,2,0,100000,49,0.00049,86,0.00086
40,2,1,100000,22,0.00022,70,0.0007
40,2,2,100000,28,0.00028,69,0.00069
40,2,3,100000,43,0.00043,73,0.00073
40,2,4,100000,44,0.00044,76,0.00076
40,2,5,100000,18,0.00018,67,0.00067
40,3,0,100000,51,0.00051,84,0.00084
40,3,1,100000,21,0.00021,65,0.00065
40,3,2,100000,25,0.00025,65,0.00065
40,3,3,100000,47,0.00047,65,0.00065
40,3,4,100000,30,0.0003,94,0.00094
40,3,5,100000,23,0.00023,77,0.00077
40,4,0,100000,34,0.00034,73,0.00073
40,4,1,100000,21,0.00021,60,0.0006
40,4,2,100000,45,0.00045,78,0.00078
40,4,3,100000,53,0.00053,83,0.00083
40,4,4,100000,43,0.00043,84,0.00084
40,4,5,100000,33,0.00033,78,0.00078
40,5,0,100000,10,0.0001,56,0.00056
40,5,1,100000,24,0.00024,60,0.0006
40,5,2,100000,23,0.00023,56,0.00056
40,5,3,100000,18,0.00018,68,0.00068
40,5,4,100000,20,0.0002,64,0.00064
40,5,5,100000,31,0.00031,70,0.0007
40,6,0,100000,16,0.00016,59,0.00059
40,6,1,100000,18,0.00018,58,0.00058
40,6,2,100000,24,0.00024,66,0.00066
40,6,3,100000,37,0.00037,72,0.00072
40,6,4,100000,16,0.00016,61,0.00061
40,6,5,100000,47,0.00047,69,0.00069
40,7,0,100000,22,0.00022,61,0.00061
40,7,1,100000,25,0.00025,74,0.00074
40,7,2,100000,32,0.00032,79,0.00079
40,7,3,100000,32,0.00032,69,0.00069
40,7,4,100000,19,0.00019,66,0.00066
40,7,5,100000,40,0.0004,87,0.00087
40,8,0,100000,15,0.00015,72,0.00072
40,8,1,100000,33,0.00033,61,0.00061
40,8,2,100000,19,0.00019,71,0.00071
40,8,3,100000,31,0.00031,60,0.0006
40,8,4,100000,35,0.00035,84,0.00084
40,8,5,100000,33,0.00033,70,0.0007
40,9,0,100000,44,0.00044,82,0.00082
40,9,1,100000,26,0.00026,65,0.00065
40,9,2,100000,22,0.00022,65,0.00065
40,9,3,100000,19,0.00019,64,0.00064
40,9,4,100000,31,0.00031,70,0.0007
40,9,5,100000,40,0.0004,89,0.00089
40,10,0,100000,38,0.00038,81,0.00081
40,10,1,100000,16,0.00016,50,0.0005
40,10,2,100000,37,0.00037,65,0.00065
40,10,3,100000,37,0.00037,84,0.00084
40,10,4,100000,60,0.0006,90,0.0009
40,10,5,100000,30,0.0003,70,0.0007
40,11,0,100000,40,0.0004,77,0.00077
40,11,1,100000,38,0.00038,78,0.00078
40,11,2,100000,45,0.00045,74,0.00074
40,11,3,100000,40,0.0004,74,0.00074
40,11,4,100000,35,0.00035,75,0.00075
40,11,5,100000,28,0.00028,76,0.00076
40,12,0,100000,28,0.00028,62,0.00062
40,12,1,100000,48,0.00048,82,0.00082
40,12,2,100000,17,0.00017,66,0.00066
40,12,3,100000,27,0.00027,68,0.00068
40,12,4,100000,20,0.0002,79,0.00079
40,12,5,100000,47,0.00047,69,0.00069
40,13,0,100000,29,0.00029,65,0.00065
40,13,1,100000,38,0.00038,69,0.00069
40,13,2,100000,30,0.0003,62,0.00062
40,13,3,100000,27,0.00027,80,0.0008
40,13,4,100000,23,0.00023,85,0.00085
40,13,5,100000,14,0.00014,65,0.00065
40,14,0,100000,35,0.00035,72,0.00072
40,14,1,100000,25,0.00025,70,0.0007
40,14,2,100000,29,0.00029,83,0.00083
40,14,3,100000,19,0.00019,82,0.00082
40,14,4,100000,25,0.00025,78,0.00078
40,14,5,100000,27,0.00027,70,0.0007
40,15,0,100000,22,0.00022,75,0.00075
40,15,1,100000,32,0.00032,70,0.0007
40,15,2,100000,24,0.00024,83,0.00083
40,15,3,100000,51,0.00051,82,0.00082
40,15,4,100000,51,0.00051,89,0.00089
40,15,5,100000,39,0.00039,81,0.00081
40,16,0,100000,31,0.00031,77,0.00077
40,16,1,100000,42,0.00042,84,0.00084
40,16,2,100000,18,0.00018,80,0.0008
40,16,3,100000,52,0.00052,92,0.00092
40,16,4,100000,21,0.00021,72,0.00072
40,16,5,100000,58,0.00058,83,0.00083
40,17,0,100000,14,0.00014,58,0.00058
40,17,1,100000,51,0.00051,80,0.0008
40,17,2,100000,25,0.00025,61,0.00061
40,17,3,100000,12,0.00012,89,0.00089
40,17,4,100000,18,0.00018,68,0.00068
40,17,5,100000,31,0.00031,67,0.00067
40,18,0,100000,15,0.00015,71,0.00071
40,18,1,100000,26,0.00026,63,0.00063
40,18,2,100000,32,0.00032,68,0.00068
40,18,3,100000,30,0.0003,74,0.00074
40,18,4,100000,38,0.00038,65,0.00065
40,18,5,100000,41,0.00041,64,0.00064
40,19,0,100000,20,0.0002,62,0.00062
40,19,1,100000,26,0.00026,63,0.00063
40,19,2,100000,14,0.00014,61,0.00061
40,19,3,100000,22,0.00022,67,0.00067
40,19,4,100000,22,0.00022,53,0.00053
40,19,5,100000,12,0.00012,49,0.00049
40,20,0,100000,23,0.00023,62,0.00062
40,20,1,100000,21,0.00021,59,0.00059
40,20,2,100000,62,0.00062,84,0.00084
40,20,3,100000,27,0.00027,56,0.00056
40,20,4,100000,18,0.00018,49,0.00049
40,20,5,100000,26,0.00026,80,0.0008
40,21,0,100000,17,0.00017,67,0.00067
40,21,1,100000,23,0.00023,77,0.00077
40,21,2,100000,38,0.00038,66,0.00066
40,21,3,100000,31,0.00031,80,0.0008
40,21,4,100000,32,0.00032,74,0.00074
40,21,5,100000,18,0.00018,67,0.00067
40,22,0,100000,25,0.00025,67,0.00067
40,22,1,100000,34,0.00034,81,0.00081
40,22,2,100000,18,0.00018,67,0.00067
40,22,3,100000,50,0.0005,81,0.00081
40,22,4,100000,30,0.0003,70,0.0007
40,22,5,100000,31,0.00031,78,0.00078
40,23,0,100000,32,0.00032,66,0.00066
40,23,1,100000,26,0.00026,83,0.00083
40,23,2,100000,26,0.00026,74,0.00074
40,23,3,100000,22,0.00022,81,0.00081
40,23,4,100000,35,0.00035,79,0.00079
40,23,5,100000,34,0.00034,62,0.00062
40,24,0,100000,26,0.00026,68,0.00068
40,24,1,100000,30,0.0003,63,0.00063
40,24,2,100000,29,0.00029,64,0.00064
40,24,3,100000,19,0.00019,68,0.00068
40,24,4,100000,40,0.0004,61,0.00061
40,24,5,100000,31,0.00031,67,0.00067
40,25,0,100000,11,0.00011,64,0.00064
40,25,1,100000,34,0.00034,91,0.00091
40,25,2,100000,31,0.00031,59,0.00059
40,25,3,100000,19,0.00019,73,0.00073
40,25,4,100000,28,0.00028,70,0.0007
40,25,5,100000,37,0.00037,72,0.00072
40,26,0,100000,34,0.00034,84,0.00084
40,26,1,100000,24,0.00024,84,0.00084
40,26,2,100000,35,0.00035,85,0.00085
40,26,3,100000,45,0.00045,66,0.00066
40,26,4,100000,13,0.00013,60,0.0006
40,26,5,100000,22,0.00022,81,0.00081
40,27,0,100000,39,0.00039,78,0.00078
40,27,1,100000,43,0.00043,90,0.0009
40,27,2,100000,23,0.00023,59,0.00059
40,27,3,100000,53,0.00053,94,0.00094
40,27,4,100000,17,0.00017,66,0.00066
40,27,5,100000,33,0.00033,76,0.00076
40,28,0,100000,31,0.00031,64,0.00064
40,28,1,100000,25,0.00025,63,0.00063
40,28,2,100000,32,0.00032,80,0.0008
40,28,3,100000,22,0.00022,63,0.00063
40,28,4,100000,31,0.00031,61,0.00061
40,28,5,100000,16,0.00016,60,0.0006
40,29,0,100000,14,0.00014,64,0.00064
40,29,1,100000,66,0.00066,91,0.00091
40,29,2,100000,20,0.0002,63,0.00063
40,29,3,100000,40,0.0004,69,0.00069
40,29,4,100000,27,0.00027,72,0.00072
40,29,5,100000,34,0.00034,69,0.00069
40,30,0,100000,32,0.00032,85,0.00085
40,30,1,100000,38,0.00038,80,0.0008
40,30,2,100000,27,0.00027,72,0.00072
40,30,3,100000,36,0.00036,69,0.00069
40,30,4,100000,47,0.00047,93,0.00093
40,30,5,100000,19,0.00019,59,0.00059
40,31,0,100000,61,0.00061,78,0.00078
40,31,1,100000,14,0.00014,57,0.00057
40,31,2,100000,31,0.00031,78,0.00078
40,31,3,100000,30,0.0003,74,0.00074
40,31,4,100000,26,0.00026,70,0.0007
40,31,5,100000,25,0.00025,74,0.00074
40,32,0,100000,40,0.0004,68,0.00068
40,32,1,100000,26,0.00026,70,0.0007
40,32,2,100000,36,0.00036,71,0.00071
40,32,3,100000,25,0.00025,58,0.00058
40,32,4,100000,21,0.00021,74,0.00074
40,32,5,100000,33,0.00033,74,0.00074
40,33,0,100000,32,0.00032,69,0.00069
40,33,1,100000,39,0.00039,74,0.00074
40,33,2,100000,19,0.00019,84,0.00084
40,33,3,100000,26,0.00026,70,0.0007
40,33,4,100000,43,0.00043,80,0.0008
40,33,5,100000,40,0.0004,74,0.00074
40,34,0,100000,42,0.00042,65,0.00065
40,34,1,100000,27,0.00027,62,0.00062
40,34,2,100000,31,0.00031,72,0.00072
40,34,3,100000,17,0.00017,78,0.00078
40,34,4,100000,19,0.00019,63,0.00063
40,34,5,100000,31,0.00031,63,0.00063
40,35,0,100000,39,0.00039,83,0.00083
40,35,1,100000,21,0.00021,60,0.0006
40,35,2,100000,42,0.00042,98,0.00098
40,35,3,100000,25,0.00025,70,0.0007
40,35,4,100000,29,0.00029,78,0.00078
40,35,5,100000,44,0.00044,75,0.00075
40,36,0,100000,28,0.00028,69,0.00069
40,36,1,100000,25,0.00025,75,0.00075
40,36,2,100000,20,0.0002,69,0.00069
40,36,3,100000,41,0.00041,86,0.00086
40,36,4,100000,31,0.00031,68,0.00068
40,36,5,100000,35,0.00035,74,0.00074
40,37,0,100000,46,0.00046,72,0.00072
40,37,1,100000,29,0.00029,75,0.00075
40,37,2,100000,18,0.00018,58,0.00058
40,37,3,100000,31,0.00031,65,0.00065
40,37,4,100000,36,0.00036,87,0.00087
40,37,5,100000,42,0.00042,78,0.00078
40,38,0,100000,50,0.0005,94,0.00094
40,38,1,100000,45,0.00045,78,0.00078
40,38,2,100000,32,0.00032,82,0.00082
40,38,3,100000,25,0.00025,63,0.00063
40,38,4,100000,34,0.00034,72,0.00072
40,38,5,100000,34,0.00034,81,0.00081
40,39,0,100000,31,0.00031,73,0.00073
40,39,1,100000,35,0.00035,90,0.0009
40,39,2,100000,24,0.00024,68,0.00068
40,39,3,100000,16,0.00016,66,0.00066
40,39,4,100000,33,0.00033,83,0.00083
40,39,5,100000,49,0.00049,78,0.00078
40,40,0,100000,21,0.00021,61,0.00061
40,40,1,100000,54,0.00054,82,0.00082
40,40,2,100000,15,0.00015,71,0.00071
40,40,3,100000,45,0.00045,76,0.00076
40,40,4,100000,28,0.00028,71,0.00071
40,40,5,100000,23,0.00023,72,0.00072
40,41,0,100000,39,0.00039,78,0.00078
40,41,1,100000,14,0.00014,61,0.00061
40,41,2,100000,20,0.0002,69,0.00069
40,41,3,100000,32,0.00032,66,0.00066
40,41,4,100000,25,0.00025,69,0.00069
40,41,5,100000,19,0.00019,62,0.00062
40,42,0,100000,20,0.0002,57,0.00057
40,42,1,100000,19,0.00019,62,0.00062
40,42,2,100000,16,0.00016,63,0.00063
40,42,3,100000,30,0.0003,58,0.00058
40,42,4,100000,17,0.00017,72,0.00072
40,42,5,100000,36,0.00036,70,0.0007
40,43,0,100000,16,0.00016,78,0.00078
40,43,1,100000,13,0.00013,56,0.00056
40,43,2,100000,30,0.0003,61,0.00061
40,43,3,100000,39,0.00039,72,0.00072
40,43,4,100000,34,0.00034,58,0.00058
40,43,5,100000,17,0.00017,62,0.00062
40,44,0,100000,25,0.00025,72,0.00072
40,44,1,100000,38,0.00038,66,0.00066
40,44,2,100000,30,0.0003,66,0.00066
40,44,3,100000,30,0.0003,66,0.00066
40,44,4,100000,41,0.00041,86,0.00086
40,44,5,100000,18,0.00018,62,0.00062
40,45,0,100000,36,0.00036,85,0.00085
40,45,1,100000,32,0.00032,69,0.00069
40,45,2,100000,23,0.00023,72,0.00072
40,45,3,100000,37,0.00037,83,0.00083
40,45,4,100000,34,0.00034,77,0.00077
40,45,5,100000,40,0.0004,77,0.00077
40,46,0,100000,34,0.00034,68,0.00068
40,46,1,100000,27,0.00027,75,0.00075
40,46,2,100000,23,0.00023,66,0.00066
40,46,3,100000,18,0.00018,59,0.00059
40,46,4,100000,32,0.00032,76,0.00076
40,46,5,100000,40,0.0004,61,0.00061
40,47,0,100000,24,0.00024,77,0.00077
40,47,1,100000,41,0.00041,80,0.0008
40,47,2,100000,28,0.00028,62,0.00062
40,47,3,100000,32,0.00032,57,0.00057
40,47,4,100000,19,0.00019,64,0.00064
40,47,5,100000,32,0.00032,84,0.00084
40,48,0,100000,18,0.00018,56,0.00056
40,48,1,100000,42,0.00042,69,0.00069
40,48,2,100000,30,0.0003,71,0.00071
40,48,3,100000,43,0.00043,67,0.00067
40,48,4,100000,24,0.00024,79,0.00079
40,48,5,100000,27,0.00027,65,0.00065
40,49,0,100000,29,0.00029,75,0.00075
40,49,1,100000,42,0.00042,69,0.00069
40,49,2,100000,22,0.00022,63,0.00063
40,49,3,100000,37,0.00037,75,0.00075
40,49,4,100000,16,0.00016,67,0.00067
40,49,5,100000,34,0.00034,80,0.0008
40,50,0,100000,22,0.00022,63,0.00063
40,50,1,100000,24,0.00024,68,0.00068
40,50,2,100000,47,0.00047,70,0.0007
40,50,3,100000,49,0.00049,89,0.00089
40,50,4,100000,20,0.0002,79,0.00079
40,50,5,100000,24,0.00024,54,0.00054
41,-50,0,100000,29,0.00029,69,0.00069
41,-50,1,100000,24,0.00024,80,0.0008
41,-50,2,100000,26,0.00026,73,0.00073
41,-50,3,100000,24,0.00024,87,0.00087
41,-50,4,100000,37,0.00037,71,0.00071
41,-50,5,100000,47,0.00047,75,0.00075
41,-49,0,100000,27,0.00027,68,0.00068
41,-49,1,100000,19,0.00019,67,0.00067
41,-49,2,100000,28,0.00028,69,0.00069
41,-49,3,100000,27,0.00027,76,0.00076
41,-49,4,100000,21,0.00021,67,0.00067
41,-49,5,100000,34,0.00034,73,0.00073
41,-48,0,100000,24,0.00024,67,0.00067
41,-48,1,100000,20,0.0002,64,0.00064
41,-48,2,100000,31,0.00031,71,0.00071
41,-48,3,100000,43,0.00043,83,0.00083
41,-48,4,100000,43,0.00043,79,0.00079
41,-48,5,100000,47,0.00047,66,0.00066
41,-47,0,100000,31,0.00031,70,0.0007
41,-47,1,100000,16,0.00016,60,0.0006
41,-47,2,100000,36,0.00036,86,0.00086
41,-47,3,100000,23,0.00023,71,0.00071
41,-47,4,100000,28,0.00028,73,0.00073
41,-47,5,100000,21,0.00021,60,0.0006
41,-46,0,100000,23,0.00023,66,0.00066
41,-46,1,100000,32,0.00032,81,0.00081
41,-46,2,100000,34,0.00034,77,0.00077
41,-46,3,100000,32,0.00032,82,0.00082
41,-46,4,100000,42,0.00042,87,0.00087
41,-46,5,100000,30,0.0003,81,0.00081
41,-45,0,100000,24,0.00024,52,0.00052
41,-45,1,100000,37,0.00037,74,0.00074
41,-45,2,100000,32,0.00032,52,0.00052
41,-45,3,100000,23,0.00023,69,0.00069
41,-45,4,100000,29,0.00029,71,0.00071
41,-45,5,100000,31,0.00031,74,0.00074
41,-44,0,100000,15,0.00015,79,0.00079
41,-44,1,100000,35,0.00035,76,0.00076
41,-44,2,100000,20,0.0002,63,0.00063
41,-44,3,100000,60,0.0006,81,0.00081
41,-44,4,100000,22,0.00022,70,0.0007
41,-44,5,100000,46,0.00046,74,0.00074
41,-43,0,100000,21,0.00021,76,0.00076
41,-43,1,100000,28,0.00028,79,0.00079
41,-43,2,100000,16,0.00016,55,0.00055
41,-43,3,100000,18,0.00018,61,0.00061
41,-43,4,100000,38,0.00038,81,0.00081
41,-43,5,100000,55,0.00055,84,0.00084
41,-42,0,100000,30,0.0003,80,0.0008
41,-42,1,100000,34,0.00034,67,0.00067
41,-42,2,100000,26,0.00026,72,0.00072
41,-42,3,100000,24,0.00024,67,0.00067
41,-42,4,100000,40,0.0004,83,0.00083
41,-42,5,100000,46,0.00046,69,0.00069
41,-41,0,100000,30,0.0003,82,0.00082
41,-41,1,100000,36,0.00036,86,0.00086
41,-41,2,100000,24,0.00024,65,0.00065
41,-41,3,100000,34,0.00034,77,0.00077
41,-41,4,100000,26,0.00026,71,0.00071
41,-41,5,100000,22,0.00022,68,0.00068
41,-40,0,100000,15,0.00015,67,0.00067
41,-40,1,100000,37,0.00037,81,0.00081
41,-40,2,100000,24,0.00024,78,0.00078
41,-40,3,100000,31,0.00031,65,0.00065
41,-40,4,100000,18,0.00018,80,0.0008
41,-40,5,100000,36,0.00036,77,0.00077
41,-39,0,100000,62,0.00062,92,0.00092
41,-39,1,100000,25,0.00025,69,0.00069
41,-39,2,100000,32,0.00032,76,0.00076
41,-39,3,100000,33,0.00033,67,0.00067
41,-39,4,100000,44,0.00044,72,0.00072
41,-39,5,100000,28,0.00028,68,0.00068
41,-38,0,100000,39,0.00039,79,0.00079
41,-38,1,100000,37,0.00037,73,0.00073
41,-38,2,100000,40,0.0004,72,0.00072
41,-38,3,100000,15,0.00015,65,0.00065
41,-38,4,100000,50,0.0005,76,0.00076
41,-38,5,100000,37,0.00037,88,0.00088
41,-37,0,100000,20,0.0002,58,0.00058
41,-37,1,100000,30,0.0003,84,0.00084
41,-37,2,100000,46,0.00046,86,0.00086
41,-37,3,100000,15,0.00015,66,0.00066
41,-37,4,100000,35,0.00035,77,0.00077
41,-37,5,100000,32,0.00032,71,0.00071
41,-36,0,100000,32,0.00032,61,0.00061
41,-36,1,100000,28,0.00028,61,0.00061
41,-36,2,100000,29,0.00029,71,0.00071
41,-36,3,100000,18,0.00018,72,0.00072
41,-36,4,100000,43,0.00043,88,0.00088
41,-36,5,100000,37,0.00037,88,0.00088
41,-35,0,100000,28,0.00028,60,0.0006
41,-35,1,100000,15,0.00015,64,0.00064
41,-35,2,100000,39,0.00039,75,0.00075
41,-35,3,100000,22,0.00022,72,0.00072
41,-35,4,100000,15,0.00015,75,0.00075
41,-35,5,100000,16,0.00016,55,0.00055
41,-34,0,100000,21,0.00021,72,0.00072
41,-34,1,100000,33,0.00033,77,0.00077
41,-34,2,100000,48,0.00048,82,0.00082
41,-34,3,100000,50,0.0005,80,0.0008
41,-34,4,100000,24,0.00024,70,0.0007
41,-34,5,100000,44,0.00044,102,0.00102
41,-33,0,100000,40,0.0004,72,0.00072
41,-33,1,100000,27,0.00027,71,0.00071
41,-33,2,100000,28,0.00028,80,0.0008
41,-33,3,100000,26,0.00026,76,0.00076
41,-33,4,100000,19,0.00019,59,0.00059
41,-33,5,100000,21,0.00021,56,0.00056
41,-32,0,100000,35,0.00035,83,0.00083
41,-32,1,100000,16,0.00016,57,0.00057
41,-32,2,100000,31,0.00031,68,0.00068
41,-32,3,100000,19,0.00019,69,0.00069
41,-32,4,100000,45,0.00045,63,0.00063
41,-32,5,100000,36,0.00036,69,0.00069
41,-31,0,100000,20,0.0002,88,0.00088
41,-31,1,100000,30,0.0003,70,0.0007
41,-31,2,100000,43,0.00043,84,0.00084
41,-31,3,100000,25,0.00025,58,0.00058
41,-31,4,100000,27,0.00027,79,0.00079
41,-31,5,100000,33,0.00033,85,0.00085
41,-30,0,100000,18,0.00018,73,0.00073
41,-30,1,100000,10,0.0001,57,0.00057
41,-30,2,100000,24,0.00024,70,0.0007
41,-30,3,100000,28,0.00028,65,0.00065
41,-30,4,100000,25,0.00025,58,0.00058
41,-30,5,100000,34,0.00034,83,0.00083
41,-29,0,100000,19,0.00019,75,0.00075
41,-29,1,100000,13,0.00013,77,0.00077
41,-29,2,100000,39,0.00039,78,0.00078
41,-29,3,100000,22,0.00022,69,0.00069
41,-29,4,100000,30,0.0003,76,0.00076
41,-29,5,100000,23,0.00023,78,0.00078
41,-28,0,100000,27,0.00027,60,0.0006
41,-28,1,100000,34,0.00034,70,0.0007
41,-28,2,100000,28,0.00028,65,0.00065
41,-28,3,100000,34,0.00034,77,0.00077
41,-28,4,100000,21,0.00021,67,0.00067
41,-28,5,100000,28,0.00028,77,0.00077
41,-27,0,100000,35,0.00035,76,0.00076
41,-27,1,100000,23,0.00023,68,0.00068
41,-27,2,100000,34,0.00034,73,0.00073
41,-27,3,100000,46,0.00046,87,0.00087
41,-27,4,100000,16,0.00016,70,0.0007
41,-27,5,100000,41,0.00041,65,0.00065
41,-26,0,100000,32,0.00032,77,0.00077
41,-26,1,100000,38,0.00038,74,0.00074
41,-26,2,100000,40,0.0004,72,0.00072
41,-26,3,100000,45,0.00045,65,0.00065
41,-26,4,100000,49,0.00049,75,0.00075
41,-26,5,100000,29,0.00029,74,0.00074
41,-25,0,100000,38,0.00038,80,0.0008
41,-25,1,100000,39,0.00039,84,0.00084
41,-25,2,100000,29,0.00029,73,0.00073
41,-25,3,100000,38,0.00038,89,0.00089
41,-25,4,100000,31,0.00031,68,0.00068
41,-25,5,100000,29,0.00029,66,0.00066
41,-24,0,100000,25,0.00025,63,0.00063
41,-24,1,100000,29,0.00029,69,0.00069
41,-24,2,100000,25,0.00025,55,0.00055
41,-24,3,100000,15,0.00015,52,0.00052
41,-24,4,100000,28,0.00028,62,0.00062
41,-24,5,100000,28,0.00028,63,0.00063
41,-23,0,100000,40,0.0004,61,0.00061
41,-23,1,100000,22,0.00022,57,0.00057
41,-23,2,100000,22,0.00022,67,0.00067
41,-23,3,100000,23,0.00023,76,0.00076
41,-23,4,100000,40,0.0004,81,0.00081
41,-23,5,100000,19,0.00019,67,0.00067
41,-22,0,100000,39,0.00039,63,0.00063
41,-22,1,100000,28,0.00028,78,0.00078
41,-22,2,100000,45,0.00045,84,0.00084
41,-22,3,100000,24,0.00024,65,0.00065
41,-22,4,100000,27,0.00027,79,0.00079
41,-22,5,100000,31,0.00031,68,0.00068
41,-21,0,100000,40,0.0004,59,0.00059
41,-21,1,100000,22,0.00022,65,0.00065
41,-21,2,100000,17,0.00017,63,0.00063
41,-21,3,100000,10,0.0001,73,0.00073
41,-21,4,100000,15,0.00015,76,0.00076
41,-21,5,100000,26,0.00026,73,0.00073
41,-20,0,100000,24,0.00024,68,0.00068
41,-20,1,100000,25,0.00025,62,0.00062
41,-20,2,100000,23,0.00023,70,0.0007
41,-20,3,100000,26,0.00026,75,0.00075
41,-20,4,100000,36,0.00036,75,0.00075
41,-20,5,100000,17,0.00017,80,0.0008
41,-19,0,100000,18,0.00018,75,0.00075
41,-19,1,100000,43,0.00043,68,0.00068
41,-19,2,100000,35,0.00035,62,0.00062
41,-19,3,100000,28,0.00028,71,0.00071
41,-19,4,100000,27,0.00027,73,0.00073
41,-19,5,100000,32,0.00032,78,0.00078
41,-18,0,100000,42,0.00042,70,0.0007
41,-18,1,100000,12,0.00012,70,0.0007
41,-18,2,100000,35,0.00035,80,0.0008
41,-18,3,100000,36,0.00036,66,0.00066
41,-18,4,100000,29,0.00029,68,0.00068
41,-18,5,100000,49,0.00049,86,0.00086
41,-17,0,100000,21,0.00021,79,0.00079
41,-17,1,100000,20,0.0002,65,0.00065
41,-17,2,100000,25,0.00025,82,0.00082
41,-17,3,100000,56,0.00056,85,0.00085
41,-17,4,100000,33,0.00033,72,0.00072
41,-17,5,100000,29,0.00029,88,0.00088
41,-16,0,100000,35,0.00035,76,0.00076
41,-16,1,100000,30,0.0003,81,0.00081
41,-16,2,100000,54,0.00054,75,0.00075
41,-16,3,100000,16,0.00016,67,0.00067
41,-16,4,100000,27,0.00027,68,0.00068
41,-16,5,100000,20,0.0002,62,0.00062
41,-15,0,100000,27,0.00027,77,0.00077
41,-15,1,100000,17,0.00017,67,0.00067
41,-15,2,100000,31,0.00031,59,0.00059
41,-15,3,100000,29,0.00029,69,0.00069
41,-15,4,100000,30,0.0003,65,0.00065
41,-15,5,100000,32,0.00032,74,0.00074
41,-14,0,100000,38,0.00038,69,0.00069
41,-14,1,100000,30,0.0003,69,0.00069
41,-14,2,100000,23,0.00023,78,0.00078
41,-14,3,100000,36,0.00036,65,0.00065
41,-14,4,100000,26,0.00026,74,0.00074
41,-14,5,100000,37,0.00037,88,0.00088
41,-13,0,100000,30,0.0003,74,0.00074
41,-13,1,100000,29,0.00029,82,0.00082
41,-13,2,100000,52,0.00052,100,0.001
41,-13,3,100000,31,0.00031,79,0.00079
41,-13,4,100000,36,0.00036,68,0.00068
41,-13,5,100000,43,0.00043,83,0.00083
41,-12,0,100000,30,0.0003,62,0.00062
41,-12,1,100000,37,0.00037,69,0.00069
41,-12,2,100000,29,0.00029,67,0.00067
41,-12,3,100000,16,0.00016,59,0.00059
41,-12,4,100000,28,0.00028,62,0.00062
41,-12,5,100000,24,0.00024,72,0.00072
41,-11,0,100000,25,0.00025,68,0.00068
41,-11,1,100000,36,0.00036,69,0.00069
41,-11,2,100000,33,0.00033,83,0.00083
41,-11,3,100000,49,0.00049,94,0.00094
41,-11,4,100000,36,0.00036,85,0.00085
41,-11,5,100000,31,0.00031,76,0.00076
41,-10,0,100000,26,0.00026,84,0.00084
41,-10,1,100000,25,0.00025,72,0.00072
41,-10,2,100000,29,0.00029,62,0.00062
41,-10,3,100000,53,0.00053,89,0.00089
41,-10,4,100000,32,0.00032,70,0.0007
41,-10,5,100000,30,0.0003,70,0.0007
41,-9,0,100000,37,0.00037,83,0.00083
41,-9,1,100000,26,0.00026,74,0.00074
41,-9,2,100000,20,0.0002,64,0.00064
41,-9,3,100000,21,0.00021,80,0.0008
41,-9,4,100000,14,0.00014,65,0.00065
41,-9,5,100000,22,0.00022,67,0.00067
41,-8,0,100000,28,0.00028,78,0.00078
41,-8,1,100000,43,0.00043,80,0.0008
41,-8,2,100000,38,0.00038,88,0.00088
41,-8,3,100000,18,0.00018,77,0.00077
41,-8,4,100000,40,0.0004,87,0.00087
41,-8,5,100000,19,0.00019,66,0.00066
41,-7,0,100000,33,0.00033,80,0.0008
41,-7,1,100000,27,0.00027,78,0.00078
41,-7,2,100000,23,0.00023,70,0.0007
41,-7,3,100000,34,0.00034,81,0.00081
41,-7,4,100000,25,0.00025,78,0.00078
41,-7,5,100000,25,0.00025,70,0.0007
41,-6,0,100000,28,0.00028,68,0.00068
41,-6,1,100000,28,0.00028,75,0.00075
41,-6,2,100000,13,0.00013,62,0.00062
41,-6,3,100000,22,0.00022,61,0.00061
41,-6,4,100000,28,0.00028,63,0.00063
41,-6,5,100000,33,0.00033,59,0.00059
41,-5,0,100000,30,0.0003,74,0.00074
41,-5,1,100000,39,0.00039,94,0.00094
41,-5,2,100000,21,0.00021,57,0.00057
41,-5,3,100000,32,0.00032,65,0.00065
41,-5,4,100000,31,0.00031,70,0.0007
41,-5,5,100000,40,0.0004,74,0.00074
41,-4,0,100000,36,0.00036,69,0.00069
41,-4,1,100000,39,0.00039,67,0.00067
41,-4,2,100000,31,0.00031,87,0.00087
41,-4,3,100000,29,0.00029,73,0.00073
41,-4,4,100000,37,0.00037,68,0.00068
41,-4,5,100000,40,0.0004,69,0.00069
41,-3,0,100000,50,0.0005,85,0.00085
41,-3,1,100000,23,0.00023,76,0.00076
41,-3,2,100000,29,0.00029,80,0.0008
41,-3,3,100000,28,0.00028,75,0.00075
41,-3,4,100000,35,0.00035,74,0.00074
41,-3,5,100000,34,0.00034,80,0.0008
41,-2,0,100000,26,0.00026,70,0.0007
41,-2,1,100000,40,0.0004,76,0.00076
41,-2,2,100000,28,0.00028,82,0.00082
41,-2,3,100000,37,0.00037,66,0.00066
41,-2,4,100000,44,0.00044,82,0.00082
41,-2,5,100000,55,0.00055,92,0.00092
41,-1,0,100000,28,0.00028,67,0.00067
41,-1,1,100000,31,0.00031,82,0.00082
41,-1,2,100000,23,0.00023,85,0.00085
41,-1,3,100000,22,0.00022,76,0.00076
41,-1,4,100000,40,0.0004,78,0.00078
41,-1,5,100000,39,0.00039,67,0.00067
41,0,0,100000,39,0.00039,71,0.00071
41,0,1,100000,26,0.00026,82,0.00082
41,0,2,100000,27,0.00027,81,0.00081
41,0,3,100000,33,0.00033,74,0.00074
41,0,4,100000,30,0.0003,82,0.00082
41,0,5,100000,27,0.00027,70,0.0007
41,1,0,100000,35,0.00035,81,0.00081
41,1,1,100000,34,0.00034,68,0.00068
41,1,2,100000,26,0.00026,67,0.00067
41,1,3,100000,35,0.00035,80,0.0008
41,1,4,100000,23,0.00023,64,0.00064
41,1,5,100000,22,0.00022,66,0.00066
41,2,0,100000,29,0.00029,78,0.00078
41,2,1,100000,28,0.00028,56,0.00056
41,2,2,100000,23,0.00023,69,0.00069
41,2,3,100000,37,0.00037,83,0.00083
41,2,4,100000,30,0.0003,80,0.0008
41,2,5,100000,53,0.00053,87,0.00087
41,3,0,100000,40,0.0004,80,0.0008
41,3,1,100000,39,0.00039,78,0.00078
41,3,2,100000,34,0.00034,75,0.00075
41,3,3,100000,59,0.00059,82,0.00082
41,3,4,100000,18,0.00018,58,0.00058
41,3,5,100000,20,0.0002,70,0.0007
41,4,0,100000,40,0.0004,73,0.00073
41,4,1,100000,33,0.00033,86,0.00086
41,4,2,100000,57,0.00057,79,0.00079
41,4,3,100000,32,0.00032,80,0.0008
41,4,4,100000,21,0.00021,56,0.00056
41,4,5,100000,41,0.00041,82,0.00082
41,5,0,100000,32,0.00032,64,0.00064
41,5,1,100000,38,0.00038,75,0.00075
41,5,2,100000,27,0.00027,58,0.00058
41,5,3,100000,37,0.00037,72,0.00072
41,5,4,100000,16,0.00016,63,0.00063
41,5,5,100000,28,0.00028,78,0.00078
41,6,0,100000,28,0.00028,74,0.00074
41,6,1,100000,44,0.00044,92,0.00092
41,6,2,100000,26,0.00026,66,0.00066
41,6,3,100000,26,0.00026,67,0.00067
41,6,4,100000,25,0.00025,79,0.00079
41,6,5,100000,42,0.00042,70,0.0007
41,7,0,100000,43,0.00043,73,0.00073
41,7,1,100000,34,0.00034,72,0.00072
41,7,2,100000,36,0.00036,82,0.00082
41,7,3,100000,23,0.00023,71,0.00071
41,7,4,100000,36,0.00036,68,0.00068
41,7,5,100000,22,0.00022,70,0.0007
41,8,0,100000,38,0.00038,72,0.00072
41,8,1,100000,36,0.00036,65,0.00065
41,8,2,100000,41,0.00041,75,0.00075
41,8,3,100000,21,0.00021,62,0.00062
41,8,4,100000,32,0.00032,71,0.00071
41,8,5,100000,19,0.00019,80,0.0008
41,9,0,100000,23,0.00023,68,0.00068
41,9,1,100000,17,0.00017,75,0.00075
41,9,2,100000,37,0.00037,79,0.00079
41,9,3,100000,27,0.00027,70,0.0007
41,9,4,100000,21,0.00021,79,0.00079
41,9,5,100000,16,0.00016,64,0.00064
41,10,0,100000,22,0.00022,67,0.00067
41,10,1,100000,37,0.00037,65,0.00065
41,10,2,100000,19,0.00019,66,0.00066
41,10,3,100000,48,0.00048,69,0.00069
41,10,4,100000,31,0.00031,71,0.00071
41,10,5,100000,18,0.00018,80,0.0008
41,11,0,100000,17,0.00017,67,0.00067
41,11,1,100000,15,0.00015,67,0.00067
41,11,2,100000,39,0.00039,81,0.00081
41,11,3,100000,25,0.00025,75,0.00075
41,11,4,100000,20,0.0002,73,0.00073
41,11,5,100000,33,0.00033,69,0.00069
41,12,0,100000,38,0.00038,63,0.00063
41,12,1,100000,25,0.00025,74,0.00074
41,12,2,100000,20,0.0002,69,0.00069
41,12,3,100000,18,0.00018,61,0.00061
41,12,4,100000,31,0.00031,69,0.00069
41,12,5,100000,21,0.00021,73,0.00073
41,13,0,100000,37,0.00037,71,0.00071
41,13,1,100000,44,0.00044,75,0.00075
41,13,2,100000,39,0.00039,74,0.00074
41,13,3,100000,31,0.00031,73,0.00073
41,13,4,100000,32,0.00032,79,0.00079
41,13,5,100000,51,0.00051,73,0.00073
41,14,0,100000,51,0.00051,92,0.00092
41,14,1,100000,42,0.00042,83,0.00083
41,14,2,100000,16,0.00016,51,0.00051
41,14,3,100000,37,0.00037,63,0.00063
41,14,4,100000,24,0.00024,74,0.00074
41,14,5,100000,38,0.00038,70,0.0007
41,15,0,100000,24,0.00024,65,0.00065
41,15,1,100000,26,0.00026,63,0.00063
41,15,2,100000,40,0.0004,70,0.0007
41,15,3,100000,32,0.00032,55,0.00055
41,15,4,100000,37,0.00037,69,0.00069
41,15,5,100000,31,0.00031,68,0.00068
41,16,0,100000,39,0.00039,66,0.00066
41,16,1,100000,44,0.00044,80,0.0008
41,16,2,100000,34,0.00034,81,0.00081
41,16,3,100000,13,0.00013,65,0.00065
41,16,4,100000,25,0.00025,83,0.00083
41,16,5,100000,26,0.00026,64,0.00064
41,17,0,100000,40,0.0004,73,0.00073
41,17,1,100000,39,0.00039,84,0.00084
41,17,2,100000,26,0.00026,70,0.0007
41,17,3,100000,39,0.00039,71,0.00071
41,17,4,100000,24,0.00024,64,0.00064
41,17,5,100000,32,0.00032,64,0.00064
41,18,0,100000,25,0.00025,69,0.00069
41,18,1,100000,23,0.00023,85,0.00085
41,18,2,100000,36,0.00036,69,0.00069
41,18,3,100000,32,0.00032,72,0.00072
41,18,4,100000,35,0.00035,68,0.00068
41,18,5,100000,42,0.00042,69,0.00069
41,19,0,100000,20,0.0002,53,0.00053
41,19,1,100000,26,0.00026,60,0.0006
41,19,2,100000,12,0.00012,70,0.0007
41,19,3,100000,32,0.00032,75,0.00075
41,19,4,100000,53,0.00053,89,0.00089
41,19,5,100000,26,0.00026,77,0.00077
41,20,0,100000,20,0.0002,64,0.00064
41,20,1,100000,15,0.00015,53,0.00053
41,20,2,100000,32,0.00032,91,0.00091
41,20,3,100000,26,0.00026,64,0.00064
41,20,4,100000,29,0.00029,66,0.00066
41,20,5,100000,19,0.00019,68,0.00068
41,21,0,100000,23,0.00023,58,0.00058
41,21,1,100000,27,0.00027,66,0.00066
41,21,2,100000,29,0.00029,72,0.00072
41,21,3,100000,21,0.00021,67,0.00067
41,21,4,100000,34,0.00034,86,0.00086
41,21,5,100000,59,0.00059,77,0.00077
41,22,0,100000,33,0.00033,75,0.00075
41,22,1,100000,17,0.00017,68,0.00068
41,22,2,100000,33,0.00033,77,0.00077
41,22,3,100000,36,0.00036,71,0.00071
41,22,4,100000,16,0.00016,57,0.00057
41,22,5,100000,35,0.00035,79,0.00079
41,23,0,100000,41,0.00041,74,0.00074
41,23,1,100000,29,0.00029,57,0.00057
41,23,2,100000,24,0.00024,64,0.00064
41,23,3,100000,20,0.0002,64,0.00064
41,23,4,100000,34,0.00034,70,0.0007
41,23,5,100000,32,0.00032,81,0.00081
41,24,0,100000,20,0.0002,61,0.00061
41,24,1,100000,17,0.00017,75,0.00075
41,24,2,100000,30,0.0003,83,0.00083
41,24,3,100000,10,0.0001,67,0.00067
41,24,4,100000,21,0.00021,56,0.00056
41,24,5,100000,25,0.00025,76,0.00076
41,25,0,100000,27,0.00027,72,0.00072
41,25,1,100000,47,0.00047,75,0.00075
41,25,2,100000,48,0.00048,89,0.00089
41,25,3,100000,33,0.00033,79,0.00079
41,25,4,100000,23,0.00023,73,0.00073
41,25,5,100000,25,0.00025,67,0.00067
41,26,0,100000,24,0.00024,68,0.00068
41,26,1,100000,33,0.00033,72,0.00072
41,26,2,100000,31,0.00031,71,0.00071
41,26,3,100000,29,0.00029,65,0.00065
41,26,4,100000,27,0.00027,70,0.0007
41,26,5,100000,26,0.00026,73,0.00073
41,27,0,100000,22,0.00022,68,0.00068
41,27,1,100000,25,0.00025,58,0.00058
41,27,2,100000,17,0.00017,70,0.0007
41,27,3,100000,28,0.00028,74,0.00074
41,27,4,100000,31,0.00031,64,0.00064
41,27,5,100000,23,0.00023,88,0.00088
41,28,0,100000,49,0.00049,78,0.00078
41,28,1,100000,33,0.00033,73,0.00073
41,28,2,100000,24,0.00024,74,0.00074
41,28,3,100000,24,0.00024,75,0.00075
41,28,4,100000,43,0.00043,82,0.00082
41,28,5,100000,9,9e-05,54,0.00054
41,29,0,100000,25,0.00025,78,0.00078
41,29,1,100000,28,0.00028,94,0.00094
41,29,2,100000,25,0.00025,76,0.00076
41,29,3,100000,33,0.00033,78,0.00078
41,29,4,100000,40,0.0004,75,0.00075
41,29,5,100000,24,0.00024,66,0.00066
41,30,0,100000,46,0.00046,80,0.0008
41,30,1,100000,28,0.00028,67,0.00067
41,30,2,100000,48,0.00048,81,0.00081
41,30,3,100000,16,0.00016,54,0.00054
41,30,4,100000,41,0.00041,80,0.0008
41,30,5,100000,37,0.00037,75,0.00075
41,31,0,100000,30,0.0003,76,0.00076
41,31,1,100000,35,0.00035,80,0.0008
41,31,2,100000,17,0.00017,78,0.00078
41,31,3,100000,43,0.00043,63,0.00063
41,31,4,100000,14,0.00014,74,0.00074
41,31,5,100000,16,0.00016,71,0.00071
41,32,0,100000,21,0.00021,59,0.00059
41,32,1,100000,49,0.00049,80,0.0008
41,32,2,100000,39,0.00039,83,0.00083
41,32,3,100000,31,0.00031,78,0.00078
41,32,4,100000,28,0.00028,74,0.00074
41,32,5,100000,29,0.00029,71,0.00071
41,33,0,100000,23,0.00023,78,0.00078
41,33,1,100000,38,0.00038,63,0.00063
41,33,2,100000,38,0.00038,78,0.00078
41,33,3,100000,24,0.00024,74,0.00074
41,33,4,100000,31,0.00031,68,0.00068
41,33,5,100000,32,0.00032,64,0.00064
41,34,0,100000,27,0.00027,79,0.00079
41,34,1,100000,40,0.0004,81,0.00081
41,34,2,100000,33,0.00033,70,0.0007
41,34,3,100000,38,0.00038,68,0.00068
41,34,4,100000,23,0.00023,74,0.00074
41,34,5,100000,22,0.00022,68,0.00068
41,35,0,100000,46,0.00046,80,0.0008
41,35,1,100000,31,0.00031,59,0.00059
41,35,2,100000,36,0.00036,68,0.00068
41,35,3,100000,28,0.00028,81,0.00081
41,35,4,100000,25,0.00025,57,0.00057
41,35,5,100000,26,0.00026,71,0.00071
41,36,0,100000,31,0.00031,82,0.00082
41,36,1,100000,27,0.00027,77,0.00077
41,36,2,100000,22,0.00022,78,0.00078
41,36,3,100000,44,0.00044,65,0.00065
41,36,4,100000,44,0.00044,80,0.0008
41,36,5,100000,24,0.00024,70,0.0007
41,37,0,100000,38,0.00038,80,0.0008
41,37,1,100000,23,0.00023,83,0.00083
41,37,2,100000,24,0.00024,80,0.0008
41,37,3,100000,27,0.00027,87,0.00087
41,37,4,100000,58,0.00058,82,0.00082
41,37,5,100000,27,0.00027,82,0.00082
41,38,0,100000,29,0.00029,74,0.00074
41,38,1,100000,30,0.0003,90,0.0009
41,38,2,100000,28,0.00028,82,0.00082
41,38,3,100000,30,0.0003,71,0.00071
41,38,4,100000,21,0.00021,70,0.0007
41,38,5,100000,39,0.00039,87,0.00087
41,39,0,100000,26,0.00026,72,0.00072
41,39,1,100000,28,0.00028,73,0.00073
41,39,2,100000,34,0.00034,77,0.00077
41,39,3,100000,40,0.0004,79,0.00079
41,39,4,100000,23,0.00023,57,0.00057
41,39,5,100000,29,0.00029,72,0.00072
41,40,0,100000,22,0.00022,75,0.00075
41,40,1,100000,21,0.00021,64,0.00064
41,40,2,100000,31,0.00031,75,0.00075
41,40,3,100000,38,0.00038,79,0.00079
41,40,4,100000,28,0.00028,68,0.00068
41,40,5,100000,25,0.00025,78,0.00078
41,41,0,100000,30,0.0003,67,0.00067
41,41,1,100000,41,0.00041,86,0.00086
41,41,2,100000,25,0.00025,82,0.00082
41,41,3,100000,19,0.00019,41,0.00041
41,41,4,100000,26,0.00026,72,0.00072
41,41,5,100000,22,0.00022,68,0.00068
41,42,0,100000,51,0.00051,79,0.00079
41,42,1,100000,40,0.0004,69,0.00069
41,42,2,100000,31,0.00031,73,0.00073
41,42,3,100000,36,0.00036,82,0.00082
41,42,4,100000,25,0.00025,57,0.00057
41,42,5,100000,36,0.00036,66,0.00066
41,43,0,100000,41,0.00041,85,0.00085
41,43,1,100000,40,0.0004,78,0.00078
41,43,2,100000,51,0.00051,86,0.00086
41,43,3,100000,47,0.00047,81,0.00081
41,43,4,100000,40,0.0004,91,0.00091
41,43,5,100000,39,0.00039,77,0.00077
41,44,0,100000,29,0.00029,67,0.00067
41,44,1,100000,22,0.00022,70,0.0007
41,44,2,100000,27,0.00027,81,0.00081
41,44,3,100000,19,0.00019,72,0.00072
41,44,4,100000,19,0.00019,78,0.00078
41,44,5,100000,28,0.00028,70,0.0007
41,45,0,100000,40,0.0004,57,0.00057
41,45,1,100000,30,0.0003,67,0.00067
41,45,2,100000,24,0.00024,77,0.00077
41,45,3,100000,18,0.00018,70,0.0007
41,45,4,100000,27,0.00027,77,0.00077
41,45,5,100000,27,0.00027,79,0.00079
41,46,0,100000,35,0.00035,72,0.00072
41,46,1,100000,25,0.00025,57,0.00057
41,46,2,100000,21,0.00021,67,0.00067
41,46,3,100000,20,0.0002,59,0.00059
41,46,4,100000,33,0.00033,73,0.00073
41,46,5,100000,39,0.00039,83,0.00083
41,47,0,100000,33,0.00033,71,0.00071
41,47,1,100000,28,0.00028,70,0.0007
41,47,2,100000,27,0.00027,73,0.00073
41,47,3,100000,25,0.00025,71,0.00071
41,47,4,100000,24,0.00024,71,0.00071
41,47,5,100000,38,0.00038,77,0.00077
41,48,0,100000,35,0.00035,58,0.00058
41,48,1,100000,13,0.00013,71,0.00071
41,48,2,100000,31,0.00031,66,0.00066
41,48,3,100000,27,0.00027,72,0.00072
41,48,4,100000,24,0.00024,73,0.00073
41,48,5,100000,20,0.0002,57,0.00057
41,49,0,100000,30,0.0003,68,0.00068
41,49,1,100000,17,0.00017,72,0.00072
41,49,2,100000,20,0.0002,71,0.00071
41,49,3,100000,25,0.00025,79,0.00079
41,49,4,100000,22,0.00022,73,0.00073
41,49,5,100000,26,0.00026,72,0.00072
41,50,0,100000,28,0.00028,78,0.00078
41,50,1,100000,25,0.00025,63,0.00063
41,50,2,100000,42,0.00042,96,0.00096
41,50,3,100000,57,0.00057,87,0.00087
41,50,4,100000,15,0.00015,61,0.00061
41,50,5,100000,15,0.00015,67,0.00067
42,-50,0,100000,23,0.00023,67,0.00067
42,-50,1,100000,29,0.00029,74,0.00074
42,-50,2,100000,26,0.00026,75,0.00075
42,-50,3,100000,37,0.00037,78,0.00078
42,-50,4,100000,25,0.00025,73,0.00073
42,-50,5,100000,22,0.00022,68,0.00068
42,-49,0,100000,31,0.00031,73,0.00073
42,-49,1,100000,36,0.00036,73,0.00073
42,-49,2,100000,23,0.00023,69,0.00069
42,-49,3,100000,29,0.00029,65,0.00065
42,-49,4,100000,28,0.00028,66,0.00066
42,-49,5,100000,31,0.00031,67,0.00067
42,-48,0,100000,22,0.00022,75,0.00075
42,-48,1,100000,25,0.00025,65,0.00065
42,-48,2,100000,27,0.00027,66,0.00066
42,-48,3,100000,34,0.00034,77,0.00077
42,-48,4,100000,38,0.00038,63,0.00063
42,-48,5,100000,42,0.00042,75,0.00075
42,-47,0,100000,32,0.00032,74,0.00074
42,-47,1,100000,26,0.00026,65,0.00065
42,-47,2,100000,32,0.00032,72,0.00072
42,-47,3,100000,34,0.00034,77,0.00077
42,-47,4,100000,33,0.00033,68,0.00068
42,-47,5,100000,22,0.00022,70,0.0007
42,-46,0,100000,19,0.00019,64,0.00064
42,-46,1,100000,29,0.00029,61,0.00061
42,-46,2,100000,39,0.00039,75,0.00075
42,-46,3,100000,13,0.00013,57,0.00057
42,-46,4,100000,43,0.00043,61,0.00061
42,-46,5,100000,33,0.00033,54,0.00054
42,-45,0,100000,31,0.00031,72,0.00072
42,-45,1,100000,35,0.00035,78,0.00078
42,-45,2,100000,18,0.00018,88,0.00088
42,-45,3,100000,38,0.00038,74,0.00074
42,-45,4,100000,27,0.00027,85,0.00085
42,-45,5,100000,31,0.00031,67,0.00067
42,-44,0,100000,35,0.00035,83,0.00083
42,-44,1,100000,24,0.00024,60,0.0006
42,-44,2,100000,30,0.0003,57,0.00057
42,-44,3,100000,24,0.00024,54,0.00054
42,-44,4,100000,47,0.00047,93,0.00093
42,-44,5,100000,16,0.00016,69,0.00069
42,-43,0,100000,10,0.0001,48,0.00048
42,-43,1,100000,34,0.00034,77,0.00077
42,-43,2,100000,32,0.00032,74,0.00074
42,-43,3,100000,23,0.00023,67,0.00067
42,-43,4,100000,30,0.0003,81,0.00081
42,-43,5,100000,48,0.00048,89,0.00089
42,-42,0,100000,37,0.00037,84,0.00084
42,-42,1,100000,26,0.00026,61,0.00061
42,-42,2,100000,36,0.00036,70,0.0007
42,-42,3,100000,26,0.00026,67,0.00067
42,-42,4,100000,45,0.00045,72,0.00072
42,-42,5,100000,20,0.0002,62,0.00062
42,-41,0,100000,32,0.00032,81,0.00081
42,-41,1,100000,40,0.0004,77,0.00077
42,-41,2,100000,22,0.00022,80,0.0008
42,-41,3,100000,44,0.00044,68,0.00068
42,-41,4,100000,17,0.00017,69,0.00069
42,-41,5,100000,20,0.0002,79,0.00079
42,-40,0,100000,22,0.00022,61,0.00061
42,-40,1,100000,33,0.00033,68,0.00068
42,-40,2,100000,34,0.00034,76,0.00076
42,-40,3,100000,46,0.00046,87,0.00087
42,-40,4,100000,37,0.00037,77,0.00077
42,-40,5,100000,19,0.00019,69,0.00069
42,-39,0,100000,17,0.00017,62,0.00062
42,-39,1,100000,32,0.00032,53,0.00053
42,-39,2,100000,20,0.0002,60,0.0006
42,-39,3,100000,18,0.00018,64,0.00064
42,-39,4,100000,14,0.00014,57,0.00057
42,-39,5,100000,32,0.00032,64,0.00064
42,-38,0,100000,22,0.00022,90,0.0009
42,-38,1,100000,36,0.00036,73,0.00073
42,-38,2,100000,29,0.00029,65,0.00065
42,-38,3,100000,28,0.00028,67,0.00067
42,-38,4,100000,25,0.00025,77,0.00077
42,-38,5,100000,48,0.00048,78,0.00078
42,-37,0,100000,31,0.00031,64,0.00064
42,-37,1,100000,28,0.00028,77,0.00077
42,-37,2,100000,22,0.00022,60,0.0006
42,-37,3,100000,23,0.00023,80,0.0008
42,-37,4,100000,31,0.00031,82,0.00082
42,-37,5,100000,33,0.00033,67,0.00067
42,-36,0,100000,11,0.00011,52,0.00052
42,-36,1,100000,27,0.00027,61,0.00061
42,-36,2,100000,28,0.00028,74,0.00074
42,-36,3,100000,51,0.00051,77,0.00077
42,-36,4,100000,28,0.00028,62,0.00062
42,-36,5,100000,11,0.00011,61,0.00061
42,-35,0,100000,41,0.00041,83,0.00083
42,-35,1,100000,41,0.00041,63,0.00063
42,-35,2,100000,37,0.00037,80,0.0008
42,-35,3,100000,30,0.0003,75,0.00075
42,-35,4,100000,37,0.00037,77,0.00077
42,-35,5,100000,43,0.00043,81,0.00081
42,-34,0,100000,23,0.00023,80,0.0008
42,-34,1,100000,35,0.00035,77,0.00077
42,-34,2,100000,42,0.00042,86,0.00086
42,-34,3,100000,24,0.00024,71,0.00071
42,-34,4,100000,26,0.00026,80,0.0008
42,-34,5,100000,38,0.00038,63,0.00063
42,-33,0,100000,16,0.00016,74,0.00074
42,-33,1,100000,32,0.00032,73,0.00073
42,-33,2,100000,39,0.00039,79,0.00079
42,-33,3,100000,35,0.00035,67,0.00067
42,-33,4,100000,25,0.00025,64,0.00064
42,-33,5,100000,40,0.0004,76,0.00076
42,-32,0,100000,43,0.00043,74,0.00074
42,-32,1,100000,39,0.00039,71,0.00071
42,-32,2,100000,26,0.00026,66,0.00066
42,-32,3,100000,23,0.00023,83,0.00083
42,-32,4,100000,34,0.00034,72,0.00072
42,-32,5,100000,36,0.00036,89,0.00089
42,-31,0,100000,30,0.0003,89,0.00089
42,-31,1,100000,24,0.00024,69,0.00069
42,-31,2,100000,25,0.00025,57,0.00057
42,-31,3,100000,33,0.00033,88,0.00088
42,-31,4,100000,17,0.00017,73,0.00073
42,-31,5,100000,37,0.00037,82,0.00082
42,-30,0,100000,38,0.00038,78,0.00078
42,-30,1,100000,26,0.00026,70,0.0007
42,-30,2,100000,21,0.00021,63,0.00063
42,-30,3,100000,48,0.00048,60,0.0006
42,-30,4,100000,41,0.00041,83,0.00083
42,-30,5,100000,42,0.00042,71,0.00071
42,-29,0,100000,18,0.00018,76,0.00076
42,-29,1,100000,28,0.00028,61,0.00061
42,-29,2,100000,32,0.00032,72,0.00072
42,-29,3,100000,17,0.00017,77,0.00077
42,-29,4,100000,38,0.00038,76,0.00076
42,-29,5,100000,22,0.00022,69,0.00069
42,-28,0,100000,33,0.00033,82,0.00082
42,-28,1,100000,19,0.00019,72,0.00072
42,-28,2,100000,49,0.00049,77,0.00077
42,-28,3,100000,53,0.00053,65,0.00065
42,-28,4,100000,44,0.00044,58,0.00058
42,-28,5,100000,26,0.00026,86,0.00086
42,-27,0,100000,51,0.00051,84,0.00084
42,-27,1,100000,28,0.00028,75,0.00075
42,-27,2,100000,49,0.00049,78,0.00078
42,-27,3,100000,28,0.00028,72,0.00072
42,-27,4,100000,33,0.00033,77,0.00077
42,-27,5,100000,17,0.00017,76,0.00076
42,-26,0,100000,27,0.00027,62,0.00062
42,-26,1,100000,49,0.00049,76,0.00076
42,-26,2,100000,32,0.00032,47,0.00047
42,-26,3,100000,22,0.00022,66,0.00066
42,-26,4,100000,20,0.0002,75,0.00075
42,-26,5,100000,22,0.00022,75,0.00075
42,-25,0,100000,29,0.00029,70,0.0007
42,-25,1,100000,38,0.00038,80,0.0008
42,-25,2,100000,21,0.00021,83,0.00083
42,-25,3,100000,34,0.00034,77,0.00077
42,-25,4,100000,31,0.00031,68,0.00068
42,-25,5,100000,43,0.00043,71,0.00071
42,-24,0,100000,32,0.00032,68,0.00068
42,-24,1,100000,30,0.0003,80,0.0008
42,-24,2,100000,39,0.00039,64,0.00064
42,-24,3,100000,22,0.00022,66,0.00066
42,-24,4,100000,36,0.00036,67,0.00067
42,-24,5,100000,29,0.00029,69,0.00069
42,-23,0,100000,23,0.00023,70,0.0007
42,-23,1,100000,33,0.00033,77,0.00077
42,-23,2,100000,20,0.0002,74,0.00074
42,-23,3,100000,25,0.00025,76,0.00076
42,-23,4,100000,48,0.00048,65,0.00065
42,-23,5,100000,25,0.00025,63,0.00063
42,-22,0,100000,28,0.00028,76,0.00076
42,-22,1,100000,9,9e-05,72,0.00072
42,-22,2,100000,23,0.00023,80,0.0008
42,-22,3,100000,19,0.00019,67,0.00067
42,-22,4,100000,31,0.00031,65,0.00065
42,-22,5,100000,31,0.00031,72,0.00072
42,-21,0,100000,33,0.00033,69,0.00069
42,-21,1,100000,29,0.00029,71,0.00071
42,-21,2,100000,36,0.00036,73,0.00073
42,-21,3,100000,27,0.00027,59,0.00059
42,-21,4,100000,34,0.00034,67,0.00067
42,-21,5,100000,30,0.0003,67,0.00067
42,-20,0,100000,30,0.0003,67,0.00067
42,-20,1,100000,37,0.00037,62,0.00062
42,-20,2,100000,15,0.00015,78,0.00078
42,-20,3,100000,19,0.00019,70,0.0007
42,-20,4,100000,39,0.00039,92,0.00092
42,-20,5,100000,34,0.00034,75,0.00075
42,-19,0,100000,20,0.0002,65,0.00065
42,-19,1,100000,29,0.00029,58,0.00058
42,-19,2,100000,27,0.00027,72,0.00072
42,-19,3,100000,15,0.00015,72,0.00072
42,-19,4,100000,37,0.00037,68,0.00068
42,-19,5,100000,47,0.00047,86,0.00086
42,-18,0,100000,25,0.00025,77,0.00077
42,-18,1,100000,30,0.0003,67,0.00067
42,-18,2,100000,35,0.00035,72,0.00072
42,-18,3,100000,19,0.00019,66,0.00066
42,-18,4,100000,39,0.00039,76,0.00076
42,-18,5,100000,32,0.00032,62,0.00062
42,-17,0,100000,45,0.00045,76,0.00076
42,-17,1,100000,41,0.00041,77,0.00077
42,-17,2,100000,32,0.00032,65,0.00065
42,-17,3,100000,9,9e-05,64,0.00064
42,-17,4,100000,22,0.00022,73,0.00073
42,-17,5,100000,30,0.0003,76,0.00076
42,-16,0,100000,26,0.00026,86,0.00086
42,-16,1,100000,27,0.00027,77,0.00077
42,-16,2,100000,32,0.00032,84,0.00084
42,-16,3,100000,24,0.00024,61,0.00061
42,-16,4,100000,30,0.0003,63,0.00063
42,-16,5,100000,17,0.00017,83,0.00083
42,-15,0,100000,30,0.0003,76,0.00076
42,-15,1,100000,23,0.00023,72,0.00072
42,-15,2,100000,27,0.00027,72,0.00072
42,-15,3,100000,35,0.00035,69,0.00069
42,-15,4,100000,37,0.00037,68,0.00068
42,-15,5,100000,42,0.00042,74,0.00074
42,-14,0,100000,25,0.00025,77,0.00077
42,-14,1,100000,28,0.00028,73,0.00073
42,-14,2,100000,42,0.00042,74,0.00074
42,-14,3,100000,27,0.00027,63,0.00063
42,-14,4,100000,28,0.00028,70,0.0007
42,-14,5,100000,51,0.00051,67,0.00067
42,-13,0,100000,35,0.00035,86,0.00086
42,-13,1,100000,27,0.00027,87,0.00087
42,-13,2,100000,31,0.00031,71,0.00071
42,-13,3,100000,30,0.0003,79,0.00079
42,-13,4,100000,29,0.00029,86,0.00086
42,-13,5,100000,29,0.00029,62,0.00062
42,-12,0,100000,37,0.00037,74,0.00074
42,-12,1,100000,28,0.00028,78,0.00078
42,-12,2,100000,15,0.00015,80,0.0008
42,-12,3,100000,22,0.00022,82,0.00082
42,-12,4,100000,24,0.00024,74,0.00074
42,-12,5,100000,17,0.00017,62,0.00062
42,-11,0,100000,30,0.0003,64,0.00064
42,-11,1,100000,28,0.00028,62,0.00062
42,-11,2,100000,34,0.00034,77,0.00077
42,-11,3,100000,17,0.00017,69,0.00069
42,-11,4,100000,28,0.00028,60,0.0006
42,-11,5,100000,27,0.00027,58,0.00058
42,-10,0,100000,15,0.00015,72,0.00072
42,-10,1,100000,42,0.00042,70,0.0007
42,-10,2,100000,31,0.00031,80,0.0008
42,-10,3,100000,22,0.00022,70,0.0007
42,-10,4,100000,17,0.00017,59,0.00059
42,-10,5,100000,21,0.00021,76,0.00076
42,-9,0,100000,31,0.00031,75,0.00075
42,-9,1,100000,38,0.00038,80,0.0008
42,-9,2,100000,32,0.00032,92,0.00092
42,-9,3,100000,35,0.00035,61,0.00061
42,-9,4,100000,20,0.0002,70,0.0007
42,-9,5,100000,17,0.00017,71,0.00071
42,-8,0,100000,42,0.00042,84,0.00084
42,-8,1,100000,20,0.0002,63,0.00063
42,-8,2,100000,25,0.00025,70,0.0007
42,-8,3,100000,32,0.00032,77,0.00077
42,-8,4,100000,15,0.00015,64,0.00064
42,-8,5,100000,18,0.00018,76,0.00076
42,-7,0,100000,33,0.00033,68,0.00068
42,-7,1,100000,27,0.00027,64,0.00064
42,-7,2,100000,39,0.00039,65,0.00065
42,-7,3,100000,28,0.00028,70,0.0007
42,-7,4,100000,37,0.00037,73,0.00073
42,-7,5,100000,36,0.00036,73,0.00073
42,-6,0,100000,30,0.0003,83,0.00083
42,-6,1,100000,22,0.00022,73,0.00073
42,-6,2,100000,17,0.00017,60,0.0006
42,-6,3,100000,46,0.00046,88,0.00088
42,-6,4,100000,27,0.00027,78,0.00078
42,-6,5,100000,35,0.00035,66,0.00066
42,-5,0,100000,18,0.00018,85,0.00085
42,-5,1,100000,20,0.0002,74,0.00074
42,-5,2,100000,37,0.00037,81,0.00081
42,-5,3,100000,36,0.00036,82,0.00082
42,-5,4,100000,40,0.0004,73,0.00073
42,-5,5,100000,34,0.00034,55,0.00055
42,-4,0,100000,37,0.00037,67,0.00067
42,-4,1,100000,45,0.00045,80,0.0008
42,-4,2,100000,28,0.00028,71,0.00071
42,-4,3,100000,33,0.00033,66,0.00066
42,-4,4,100000,33,0.00033,71,0.00071
42,-4,5,100000,40,0.0004,68,0.00068
42,-3,0,100000,26,0.00026,64,0.00064
42,-3,1,100000,36,0.00036,68,0.00068
42,-3,2,100000,37,0.00037,63,0.00063
42,-3,3,100000,18,0.00018,64,0.00064
42,-3,4,100000,31,0.00031,78,0.00078
42,-3,5,100000,18,0.00018,79,0.00079
42,-2,0,100000,24,0.00024,67,0.00067
42,-2,1,100000,27,0.00027,72,0.00072
42,-2,2,100000,34,0.00034,73,0.00073
42,-2,3,100000,29,0.00029,61,0.00061
42,-2,4,100000,39,0.00039,71,0.00071
42,-2,5,100000,34,0.00034,69,0.00069
42,-1,0,100000,40,0.0004,79,0.00079
42,-1,1,100000,32,0.00032,88,0.00088
42,-1,2,100000,24,0.00024,72,0.00072
42,-1,3,100000,33,0.00033,74,0.00074
42,-1,4,100000,28,0.00028,70,0.0007
42,-1,5,100000,19,0.00019,65,0.00065
42,0,0,100000,35,0.00035,60,0.0006
42,0,1,100000,35,0.00035,87,0.00087
42,0,2,100000,32,0.00032,73,0.00073
42,0,3,100000,33,0.00033,78,0.00078
42,0,4,100000,24,0.00024,80,0.0008
42,0,5,100000,11,0.00011,67,0.00067
42,1,0,100000,31,0.00031,87,0.00087
42,1,1,100000,29,0.00029,65,0.00065
42,1,2,100000,40,0.0004,75,0.00075
42,1,3,100000,36,0.00036,100,0.001
42,1,4,100000,43,0.00043,80,0.0008
42,1,5,100000,16,0.00016,68,0.00068
42,2,0,100000,33,0.00033,68,0.00068
42,2,1,100000,42,0.00042,78,0.00078
42,2,2,100000,35,0.00035,66,0.00066
42,2,3,100000,21,0.00021,79,0.00079
42,2,4,100000,40,0.0004,69,0.00069
42,2,5,100000,36,0.00036,60,0.0006
42,3,0,100000,38,0.00038,73,0.00073
42,3,1,100000,22,0.00022,86,0.00086
42,3,2,100000,31,0.00031,66,0.00066
42,3,3,100000,14,0.00014,59,0.00059
42,3,4,100000,43,0.00043,64,0.00064
42,3,5,100000,43,0.00043,86,0.00086
42,4,0,100000,27,0.00027,74,0.00074
42,4,1,100000,21,0.00021,57,0.00057
42,4,2,100000,19,0.00019,67,0.00067
42,4,3,100000,28,0.00028,69,0.00069
42,4,4,100000,15,0.00015,68,0.00068
42,4,5,100000,39,0.00039,78,0.00078
42,5,0,100000,46,0.00046,84,0.00084
42,5,1,100000,29,0.00029,63,0.00063
42,5,2,100000,16,0.00016,60,0.0006
42,5,3,100000,23,0.00023,59,0.00059
42,5,4,100000,32,0.00032,59,0.00059
42,5,5,100000,43,0.00043,80,0.0008
42,6,0,100000,16,0.00016,70,0.0007
42,6,1,100000,17,0.00017,68,0.00068
42,6,2,100000,23,0.00023,59,0.00059
42,6,3,100000,18,0.00018,50,0.0005
42,6,4,100000,20,0.0002,62,0.00062
42,6,5,100000,30,0.0003,63,0.00063
42,7,0,100000,19,0.00019,72,0.00072
42,7,1,100000,24,0.00024,59,0.00059
42,7,2,100000,14,0.00014,71,0.00071
42,7,3,100000,32,0.00032,67,0.00067
42,7,4,100000,20,0.0002,69,0.00069
42,7,5,100000,29,0.00029,70,0.0007
42,8,0,100000,27,0.00027,76,0.00076
42,8,1,100000,14,0.00014,53,0.00053
42,8,2,100000,38,0.00038,80,0.0008
42,8,3,100000,32,0.00032,64,0.00064
42,8,4,100000,30,0.0003,86,0.00086
42,8,5,100000,17,0.00017,67,0.00067
42,9,0,100000,48,0.00048,95,0.00095
42,9,1,100000,37,0.00037,89,0.00089
42,9,2,100000,43,0.00043,81,0.00081
42,9,3,100000,26,0.00026,62,0.00062
42,9,4,100000,30,0.0003,68,0.00068
42,9,5,100000,26,0.00026,75,0.00075
42,10,0,100000,36,0.00036,72,0.00072
42,10,1,100000,57,0.00057,82,0.00082
42,10,2,100000,32,0.00032,61,0.00061
42,10,3,100000,32,0.00032,71,0.00071
42,10,4,100000,10,0.0001,53,0.00053
42,10,5,100000,55,0.00055,86,0.00086
42,11,0,100000,29,0.00029,76,0.00076
42,11,1,100000,27,0.00027,66,0.00066
42,11,2,100000,31,0.00031,67,0.00067
42,11,3,100000,18,0.00018,78,0.00078
42,11,4,100000,12,0.00012,38,0.00038
42,11,5,100000,18,0.00018,66,0.00066
42,12,0,100000,24,0.00024,73,0.00073
42,12,1,100000,28,0.00028,79,0.00079
42,12,2,100000,37,0.00037,69,0.00069
42,12,3,100000,27,0.00027,70,0.0007
42,12,4,100000,25,0.00025,71,0.00071
42,12,5,100000,36,0.00036,72,0.00072
42,13,0,100000,32,0.00032,74,0.00074
42,13,1,100000,34,0.00034,69,0.00069
42,13,2,100000,30,0.0003,76,0.00076
42,13,3,100000,24,0.00024,80,0.0008
42,13,4,100000,24,0.00024,81,0.00081
42,13,5,100000,37,0.00037,83,0.00083
42,14,0,100000,51,0.00051,98,0.00098
42,14,1,100000,37,0.00037,61,0.00061
42,14,2,100000,36,0.00036,73,0.00073
42,14,3,100000,30,0.0003,69,0.00069
42,14,4,100000,30,0.0003,76,0.00076
42,14,5,100000,25,0.00025,63,0.00063
42,15,0,100000,19,0.00019,77,0.00077
42,15,1,100000,31,0.00031,84,0.00084
42,15,2,100000,14,0.00014,52,0.00052
42,15,3,100000,27,0.00027,71,0.00071
42,15,4,100000,35,0.00035,60,0.0006
42,15,5,100000,31,0.00031,73,0.00073
42,16,0,100000,32,0.00032,73,0.00073
42,16,1,100000,33,0.00033,69,0.00069
42,16,2,100000,38,0.00038,75,0.00075
42,16,3,100000,19,0.00019,79,0.00079
42,16,4,100000,42,0.00042,78,0.00078
42,16,5,100000,38,0.00038,71,0.00071
42,17,0,100000,23,0.00023,71,0.00071
42,17,1,100000,30,0.0003,84,0.00084
42,17,2,100000,40,0.0004,76,0.00076
42,17,3,100000,51,0.00051,85,0.00085
42,17,4,100000,27,0.00027,74,0.00074
42,17,5,100000,32,0.00032,78,0.00078
42,18,0,100000,28,0.00028,71,0.00071
42,18,1,100000,31,0.00031,66,0.00066
42,18,2,100000,39,0.00039,87,0.00087
42,18,3,100000,22,0.00022,68,0.00068
42,18,4,100000,43,0.00043,74,0.00074
42,18,5,100000,32,0.00032,80,0.0008
42,19,0,100000,38,0.00038,70,0.0007
42,19,1,100000,46,0.00046,80,0.0008
42,19,2,100000,31,0.00031,52,0.00052
42,19,3,100000,18,0.00018,69,0.00069
42,19,4,100000,31,0.00031,90,0.0009
42,19,5,100000,29,0.00029,69,0.00069
42,20,0,100000,56,0.00056,85,0.00085
42,20,1,100000,15,0.00015,57,0.00057
42,20,2,100000,17,0.00017,67,0.00067
42,20,3,100000,19,0.00019,69,0.00069
42,20,4,100000,20,0.0002,77,0.00077
42,20,5,100000,27,0.00027,76,0.00076
42,21,0,100000,40,0.0004,71,0.00071
42,21,1,100000,29,0.00029,74,0.00074
42,21,2,100000,33,0.00033,84,0.00084
42,21,3,100000,47,0.00047,75,0.00075
42,21,4,100000,25,0.00025,67,0.00067
42,21,5,100000,21,0.00021,69,0.00069
42,22,0,100000,23,0.00023,88,0.00088
42,22,1,100000,19,0.00019,62,0.00062
42,22,2,100000,19,0.00019,61,0.00061
42,22,3,100000,39,0.00039,69,0.00069
42,22,4,100000,47,0.00047,77,0.00077
42,22,5,100000,39,0.00039,86,0.00086
42,23,0,100000,30,0.0003,82,0.00082
42,23,1,100000,27,0.00027,83,0.00083
42,23,2,100000,34,0.00034,71,0.00071
42,23,3,100000,28,0.00028,79,0.00079
42,23,4,100000,15,0.00015,84,0.00084
42,23,5,100000,55,0.00055,66,0.00066
42,24,0,100000,63,0.00063,73,0.00073
42,24,1,100000,9,9e-05,61,0.00061
42,24,2,100000,25,0.00025,64,0.00064
42,24,3,100000,42,0.00042,82,0.00082
42,24,4,100000,23,0.00023,57,0.00057
42,24,5,100000,42,0.00042,76,0.00076
42,25,0,100000,32,0.00032,68,0.00068
42,25,1,100000,38,0.00038,77,0.00077
42,25,2,100000,34,0.00034,62,0.00062
42,25,3,100000,22,0.00022,83,0.00083
42,25,4,100000,15,0.00015,71,0.00071
42,25,5,100000,23,0.00023,58,0.00058
42,26,0,100000,27,0.00027,76,0.00076
42,26,1,100000,26,0.00026,68,0.00068
42,26,2,100000,31,0.00031,79,0.00079
42,26,3,100000,31,0.00031,68,0.00068
42,26,4,100000,29,0.00029,62,0.00062
42,26,5,100000,29,0.00029,87,0.00087
42,27,0,100000,27,0.00027,61,0.00061
42,27,1,100000,29,0.00029,80,0.0008
42,27,2,100000,42,0.00042,77,0.00077
42,27,3,100000,48,0.00048,83,0.00083
42,27,4,100000,22,0.00022,88,0.00088
42,27,5,100000,31,0.00031,78,0.00078
42,28,0,100000,25,0.00025,53,0.00053
42,28,1,100000,15,0.00015,73,0.00073
42,28,2,100000,31,0.00031,77,0.00077
42,28,3,100000,34,0.00034,66,0.00066
42,28,4,100000,53,0.00053,72,0.00072
42,28,5,100000,40,0.0004,73,0.00073
42,29,0,100000,20,0.0002,68,0.00068
42,29,1,100000,14,0.00014,68,0.00068
42,29,2,100000,36,0.00036,75,0.00075
42,29,3,100000,22,0.00022,96,0.00096
42,29,4,100000,28,0.00028,65,0.00065
42,29,5,100000,37,0.00037,69,0.00069
42,30,0,100000,14,0.00014,58,0.00058
42,30,1,100000,32,0.00032,62,0.00062
42,30,2,100000,19,0.00019,72,0.00072
42,30,3,100000,24,0.00024,69,0.00069
42,30,4,100000,31,0.00031,42,0.00042
42,30,5,100000,28,0.00028,70,0.0007
42,31,0,100000,54,0.00054,102,0.00102
42,31,1,100000,66,0.00066,85,0.00085
42,31,2,100000,47,0.00047,78,0.00078
42,31,3,100000,37,0.00037,88,0.00088
42,31,4,100000,21,0.00021,82,0.00082
42,31,5,100000,37,0.00037,70,0.0007
42,32,0,100000,29,0.00029,78,0.00078
42,32,1,100000,41,0.00041,63,0.00063
42,32,2,100000,38,0.00038,76,0.00076
42,32,3,100000,27,0.00027,78,0.00078
42,32,4,100000,32,0.00032,63,0.00063
42,32,5,100000,21,0.00021,77,0.00077
42,33,0,100000,39,0.00039,51,0.00051
42,33,1,100000,26,0.00026,77,0.00077
42,33,2,100000,42,0.00042,65,0.00065
42,33,3,100000,27,0.00027,69,0.00069
42,33,4,100000,21,0.00021,86,0.00086
42,33,5,100000,23,0.00023,78,0.00078
42,34,0,100000,56,0.00056,85,0.00085
42,34,1,100000,25,0.00025,64,0.00064
42,34,2,100000,30,0.0003,81,0.00081
42,34,3,100000,41,0.00041,82,0.00082
42,34,4,100000,31,0.00031,82,0.00082
42,34,5,100000,37,0.00037,67,0.00067
42,35,0,100000,18,0.00018,73,0.00073
42,35,1,100000,19,0.00019,62,0.00062
42,35,2,100000,23,0.00023,53,0.00053
42,35,3,100000,41,0.00041,87,0.00087
42,35,4,100000,18,0.00018,67,0.00067
42,35,5,100000,37,0.00037,69,0.00069
42,36,0,100000,46,0.00046,74,0.00074
42,36,1,100000,29,0.00029,72,0.00072
42,36,2,100000,31,0.00031,78,0.00078
42,36,3,100000,9,9e-05,60,0.0006
42,36,4,100000,18,0.00018,73,0.00073
42,36,5,100000,22,0.00022,67,0.00067
42,37,0,100000,54,0.00054,79,0.00079
42,37,1,100000,28,0.00028,78,0.00078
42,37,2,100000,25,0.00025,65,0.00065
42,37,3,100000,42,0.00042,64,0.00064
42,37,4,100000,20,0.0002,73,0.00073
42,37,5,100000,31,0.00031,63,0.00063
42,38,0,100000,14,0.00014,66,0.00066
42,38,1,100000,33,0.00033,70,0.0007
42,38,2,100000,31,0.00031,60,0.0006
42,38,3,100000,16,0.00016,73,0.00073
42,38,4,100000,26,0.00026,74,0.00074
42,38,5,100000,30,0.0003,71,0.00071
42,39,0,100000,31,0.00031,75,0.00075
42,39,1,100000,9,9e-05,58,0.00058
42,39,2,100000,31,0.00031,73,0.00073
42,39,3,100000,34,0.00034,75,0.00075
42,39,4,100000,22,0.00022,70,0.0007
42,39,5,100000,27,0.00027,69,0.00069
42,40,0,100000,36,0.00036,80,0.0008
42,40,1,100000,46,0.00046,75,0.00075
42,40,2,100000,43,0.00043,77,0.00077
42,40,3,100000,44,0.00044,85,0.00085
42,40,4,100000,33,0.00033,77,0.00077
42,40,5,100000,39,0.00039,66,0.00066
42,41,0,100000,42,0.00042,81,0.00081
42,41,1,100000,31,0.00031,72,0.00072
42,41,2,100000,28,0.00028,83,0.00083
42,41,3,100000,22,0.00022,73,0.00073
42,41,4,100000,23,0.00023,82,0.00082
42,41,5,100000,43,0.00043,96,0.00096
42,42,0,100000,28,0.00028,71,0.00071
42,42,1,100000,61,0.00061,81,0.00081
42,42,2,100000,44,0.00044,75,0.00075
42,42,3,100000,37,0.00037,86,0.00086
42,42,4,100000,53,0.00053,87,0.00087
42,42,5,100000,20,0.0002,69,0.00069
42,43,0,100000,19,0.00019,63,0.00063
42,43,1,100000,31,0.00031,66,0.00066
42,43,2,100000,29,0.00029,82,0.00082
42,43,3,100000,32,0.00032,78,0.00078
42,43,4,100000,29,0.00029,76,0.00076
42,43,5,100000,17,0.00017,66,0.00066
42,44,0,100000,31,0.00031,63,0.00063
42,44,1,100000,32,0.00032,84,0.00084
42,44,2,100000,40,0.0004,71,0.00071
42,44,3,100000,42,0.00042,59,0.00059
42,44,4,100000,35,0.00035,73,0.00073
42,44,5,100000,37,0.00037,73,0.00073
42,45,0,100000,19,0.00019,99,0.00099
42,45,1,100000,38,0.00038,89,0.00089
42,45,2,100000,27,0.00027,67,0.00067
42,45,3,100000,31,0.00031,69,0.00069
42,45,4,100000,41,0.00041,73,0.00073
42,45,5,100000,49,0.00049,88,0.00088
42,46,0,100000,19,0.00019,57,0.00057
42,46,1,100000,18,0.00018,65,0.00065
42,46,2,100000,24,0.00024,63,0.00063
42,46,3,100000,31,0.00031,79,0.00079
42,46,4,100000,18,0.00018,66,0.00066
42,46,5,100000,17,0.00017,64,0.00064
42,47,0,100000,24,0.00024,77,0.00077
42,47,1,100000,24,0.00024,68,0.00068
42,47,2,100000,31,0.00031,73,0.00073
42,47,3,100000,26,0.00026,76,0.00076
42,47,4,100000,22,0.00022,59,0.00059
42,47,5,100000,42,0.00042,70,0.0007
42,48,0,100000,40,0.0004,68,0.00068
42,48,1,100000,17,0.00017,59,0.00059
42,48,2,100000,37,0.00037,77,0.00077
42,48,3,100000,32,0.00032,77,0.00077
42,48,4,100000,24,0.00024,67,0.00067
42,48,5,100000,36,0.00036,71,0.00071
42,49,0,100000,50,0.0005,84,0.00084
42,49,1,100000,23,0.00023,67,0.00067
42,49,2,100000,23,0.00023,72,0.00072
42,49,3,100000,13,0.00013,71,0.00071
42,49,4,100000,16,0.00016,69,0.00069
42,49,5,100000,30,0.0003,80,0.0008
42,50,0,100000,23,0.00023,59,0.00059
42,50,1,100000,25,0.00025,66,0.00066
42,50,2,100000,11,0.00011,74,0.00074
42,50,3,100000,39,0.00039,63,0.00063
42,50,4,100000,30,0.0003,68,0.00068
42,50,5,100000,27,0.00027,88,0.00088
43,-50,0,100000,42,0.00042,85,0.00085
43,-50,1,100000,27,0.00027,72,0.00072
43,-50,2,100000,18,0.00018,68,0.00068
43,-50,3,100000,40,0.0004,81,0.00081
43,-50,4,100000,22,0.00022,64,0.00064
43,-50,5,100000,25,0.00025,63,0.00063
43,-49,0,100000,22,0.00022,72,0.00072
43,-49,1,100000,19,0.00019,71,0.00071
43,-49,2,100000,26,0.00026,58,0.00058
43,-49,3,100000,27,0.00027,56,0.00056
43,-49,4,100000,51,0.00051,83,0.00083
43,-49,5,100000,26,0.00026,63,0.00063
43,-48,0,100000,32,0.00032,81,0.00081
43,-48,1,100000,23,0.00023,83,0.00083
43,-48,2,100000,24,0.00024,65,0.00065
43,-48,3,100000,23,0.00023,60,0.0006
43,-48,4,100000,27,0.00027,73,0.00073
43,-48,5,100000,45,0.00045,79,0.00079
43,-47,0,100000,36,0.00036,75,0.00075
43,-47,1,100000,33,0.00033,77,0.00077
43,-47,2,100000,40,0.0004,64,0.00064
43,-47,3,100000,49,0.00049,74,0.00074
43,-47,4,100000,37,0.00037,75,0.00075
43,-47,5,100000,36,0.00036,74,0.00074
43,-46,0,100000,37,0.00037,85,0.00085
43,-46,1,100000,19,0.00019,66,0.00066
43,-46,2,100000,32,0.00032,76,0.00076
43,-46,3,100000,19,0.00019,77,0.00077
43,-46,4,100000,28,0.00028,69,0.00069
43,-46,5,100000,16,0.00016,62,0.00062
43,-45,0,100000,16,0.00016,52,0.00052
43,-45,1,100000,38,0.00038,62,0.00062
43,-45,2,100000,30,0.0003,77,0.00077
43,-45,3,100000,26,0.00026,74,0.00074
43,-45,4,100000,39,0.00039,63,0.00063
43,-45,5,100000,30,0.0003,65,0.00065
43,-44,0,100000,22,0.00022,70,0.0007
43,-44,1,100000,21,0.00021,63,0.00063
43,-44,2,100000,20,0.0002,69,0.00069
43,-44,3,100000,34,0.00034,61,0.00061
43,-44,4,100000,21,0.00021,53,0.00053
43,-44,5,100000,29,0.00029,79,0.00079
43,-43,0,100000,26,0.00026,63,0.00063
43,-43,1,100000,30,0.0003,73,0.00073
43,-43,2,100000,38,0.00038,72,0.00072
43,-43,3,100000,33,0.00033,73,0.00073
43,-43,4,100000,49,0.00049,71,0.00071
43,-43,5,100000,34,0.00034,77,0.00077
43,-42,0,100000,22,0.00022,55,0.00055
43,-42,1,100000,45,0.00045,76,0.00076
43,-42,2,100000,30,0.0003,62,0.00062
43,-42,3,100000,41,0.00041,66,0.00066
43,-42,4,100000,27,0.00027,74,0.00074
43,-42,5,100000,20,0.0002,76,0.00076
43,-41,0,100000,43,0.00043,72,0.00072
43,-41,1,100000,27,0.00027,84,0.00084
43,-41,2,100000,32,0.00032,73,0.00073
43,-41,3,100000,26,0.00026,72,0.00072
43,-41,4,100000,31,0.00031,82,0.00082
43,-41,5,100000,23,0.00023,85,0.00085
43,-40,0,100000,20,0.0002,64,0.00064
43,-40,1,100000,23,0.00023,64,0.00064
43,-40,2,100000,30,0.0003,68,0.00068
43,-40,3,100000,28,0.00028,71,0.00071
43,-40,4,100000,40,0.0004,79,0.00079
43,-40,5,100000,17,0.00017,72,0.00072
43,-39,0,100000,30,0.0003,76,0.00076
43,-39,1,100000,29,0.00029,77,0.00077
43,-39,2,100000,42,0.00042,82,0.00082
43,-39,3,100000,34,0.00034,89,0.00089
43,-39,4,100000,30,0.0003,71,0.00071
43,-39,5,100000,38,0.00038,76,0.00076
43,-38,0,100000,25,0.00025,69,0.00069
43,-38,1,100000,32,0.00032,70,0.0007
43,-38,2,100000,38,0.00038,83,0.00083
43,-38,3,100000,19,0.00019,73,0.00073
43,-38,4,100000,27,0.00027,70,0.0007
43,-38,5,100000,34,0.00034,71,0.00071
43,-37,0,100000,22,0.00022,74,0.00074
43,-37,1,100000,28,0.00028,64,0.00064
43,-37,2,100000,46,0.00046,81,0.00081
43,-37,3,100000,22,0.00022,73,0.00073
43,-37,4,100000,25,0.00025,67,0.00067
43,-37,5,100000,27,0.00027,79,0.00079
43,-36,0,100000,49,0.00049,83,0.00083
43,-36,1,100000,51,0.00051,86,0.00086
43,-36,2,100000,23,0.00023,60,0.0006
43,-36,3,100000,17,0.00017,52,0.00052
43,-36,4,100000,23,0.00023,70,0.0007
43,-36,5,100000,17,0.00017,58,0.00058
43,-35,0,100000,44,0.00044,66,0.00066
43,-35,1,100000,25,0.00025,74,0.00074
43,-35,2,100000,25,0.00025,71,0.00071
43,-35,3,100000,37,0.00037,76,0.00076
43,-35,4,100000,17,0.00017,72,0.00072
43,-35,5,100000,38,0.00038,71,0.00071
43,-34,0,100000,31,0.00031,95,0.00095
43,-34,1,100000,15,0.00015,65,0.00065
43,-34,2,100000,15,0.00015,73,0.00073
43,-34,3,100000,27,0.00027,70,0.0007
43,-34,4,100000,34,0.00034,63,0.00063
43,-34,5,100000,42,0.00042,76,0.00076
43,-33,0,100000,18,0.00018,64,0.00064
43,-33,1,100000,27,0.00027,68,0.00068
43,-33,2,100000,24,0.00024,75,0.00075
43,-33,3,100000,38,0.00038,77,0.00077
43,-33,4,100000,34,0.00034,88,0.00088
43,-33,5,100000,26,0.00026,73,0.00073
43,-32,0,100000,42,0.00042,66,0.00066
43,-32,1,100000,31,0.00031,79,0.00079
43,-32,2,100000,37,0.00037,81,0.00081
43,-32,3,100000,24,0.00024,66,0.00066
43,-32,4,100000,25,0.00025,83,0.00083
43,-32,5,100000,25,0.00025,55,0.00055
43,-31,0,100000,19,0.00019,75,0.00075
43,-31,1,100000,30,0.0003,81,0.00081
43,-31,2,100000,26,0.00026,64,0.00064
43,-31,3,100000,31,0.00031,68,0.00068
43,-31,4,100000,25,0.00025,67,0.00067
43,-31,5,100000,40,0.0004,65,0.00065
43,-30,0,100000,36,0.00036,69,0.00069
43,-30,1,100000,32,0.00032,72,0.00072
43,-30,2,100000,33,0.00033,71,0.00071
43,-30,3,100000,46,0.00046,91,0.00091
43,-30,4,100000,15,0.00015,63,0.00063
43,-30,5,100000,18,0.00018,77,0.00077
43,-29,0,100000,32,0.00032,74,0.00074
43,-29,1,100000,39,0.00039,78,0.00078
43,-29,2,100000,33,0.00033,88,0.00088
43,-29,3,100000,33,0.00033,80,0.0008
43,-29,4,100000,38,0.00038,75,0.00075
43,-29,5,100000,40,0.0004,73,0.00073
43,-28,0,100000,29,0.00029,69,0.00069
43,-28,1,100000,32,0.00032,60,0.0006
43,-28,2,100000,24,0.00024,75,0.00075
43,-28,3,100000,39,0.00039,80,0.0008
43,-28,4,100000,31,0.00031,71,0.00071
43,-28,5,100000,27,0.00027,82,0.00082
43,-27,0,100000,32,0.00032,72,0.00072
43,-27,1,100000,20,0.0002,50,0.0005
43,-27,2,100000,28,0.00028,54,0.00054
43,-27,3,100000,19,0.00019,70,0.0007
43,-27,4,100000,35,0.00035,71,0.00071
43,-27,5,100000,33,0.00033,85,0.00085
43,-26,0,100000,39,0.00039,71,0.00071
43,-26,1,100000,13,0.00013,59,0.00059
43,-26,2,100000,51,0.00051,72,0.00072
43,-26,3,100000,23,0.00023,77,0.00077
43,-26,4,100000,34,0.00034,84,0.00084
43,-26,5,100000,33,0.00033,73,0.00073
43,-25,0,100000,22,0.00022,73,0.00073
43,-25,1,100000,25,0.00025,73,0.00073
43,-25,2,100000,43,0.00043,87,0.00087
43,-25,3,100000,48,0.00048,83,0.00083
43,-25,4,100000,30,0.0003,79,0.00079
43,-25,5,100000,21,0.00021,82,0.00082
43,-24,0,100000,23,0.00023,62,0.00062
43,-24,1,100000,47,0.00047,82,0.00082
43,-24,2,100000,40,0.0004,78,0.00078
43,-24,3,100000,26,0.00026,66,0.00066
43,-24,4,100000,24,0.00024,70,0.0007
43,-24,5,100000,25,0.00025,73,0.00073
43,-23,0,100000,32,0.00032,62,0.00062
43,-23,1,100000,27,0.00027,73,0.00073
43,-23,2,100000,20,0.0002,81,0.00081
43,-23,3,100000,40,0.0004,104,0.00104
43,-23,4,100000,26,0.00026,79,0.00079
43,-23,5,100000,45,0.00045,74,0.00074
43,-22,0,100000,28,0.00028,73,0.00073
43,-22,1,100000,65,0.00065,79,0.00079
43,-22,2,100000,39,0.00039,74,0.00074
43,-22,3,100000,33,0.00033,70,0.0007
43,-22,4,100000,22,0.00022,59,0.00059
43,-22,5,100000,14,0.00014,60,0.0006
43,-21,0,100000,39,0.00039,86,0.00086
43,-21,1,100000,30,0.0003,68,0.00068
43,-21,2,100000,18,0.00018,77,0.00077
43,-21,3,100000,36,0.00036,86,0.00086
43,-21,4,100000,55,0.00055,67,0.00067
43,-21,5,100000,36,0.00036,75,0.00075
43,-20,0,100000,43,0.00043,72,0.00072
43,-20,1,100000,34,0.00034,76,0.00076
43,-20,2,100000,20,0.0002,57,0.00057
43,-20,3,100000,24,0.00024,60,0.0006
43,-20,4,100000,25,0.00025,65,0.00065
43,-20,5,100000,40,0.0004,80,0.0008
43,-19,0,100000,41,0.00041,92,0.00092
43,-19,1,100000,22,0.00022,66,0.00066
43,-19,2,100000,24,0.00024,65,0.00065
43,-19,3,100000,33,0.00033,75,0.00075
43,-19,4,100000,17,0.00017,66,0.00066
43,-19,5,100000,27,0.00027,73,0.00073
43,-18,0,100000,35,0.00035,58,0.00058
43,-18,1,100000,22,0.00022,68,0.00068
43,-18,2,100000,18,0.00018,82,0.00082
43,-18,3,100000,29,0.00029,83,0.00083
43,-18,4,100000,52,0.00052,90,0.0009
43,-18,5,100000,18,0.00018,76,0.00076
43,-17,0,100000,45,0.00045,68,0.00068
43,-17,1,100000,35,0.00035,87,0.00087
43,-17,2,100000,47,0.00047,78,0.00078
43,-17,3,100000,28,0.00028,84,0.00084
43,-17,4,100000,21,0.00021,58,0.00058
43,-17,5,100000,25,0.00025,51,0.00051
43,-16,0,100000,43,0.00043,84,0.00084
43,-16,1,100000,28,0.00028,79,0.00079
43,-16,2,100000,37,0.00037,64,0.00064
43,-16,3,100000,29,0.00029,60,0.0006
43,-16,4,100000,27,0.00027,77,0.00077
43,-16,5,100000,28,0.00028,68,0.00068
43,-15,0,100000,30,0.0003,77,0.00077
43,-15,1,100000,25,0.00025,57,0.00057
43,-15,2,100000,27,0.00027,79,0.00079
43,-15,3,100000,25,0.00025,64,0.00064
43,-15,4,100000,20,0.0002,55,0.00055
43,-15,5,100000,38,0.00038,68,0.00068
43,-14,0,100000,23,0.00023,79,0.00079
43,-14,1,100000,21,0.00021,69,0.00069
43,-14,2,100000,21,0.00021,67,0.00067
43,-14,3,100000,45,0.00045,73,0.00073
43,-14,4,100000,57,0.00057,84,0.00084
43,-14,5,100000,32,0.00032,67,0.00067
43,-13,0,100000,23,0.00023,65,0.00065
43,-13,1,100000,34,0.00034,82,0.00082
43,-13,2,100000,31,0.00031,82,0.00082
43,-13,3,100000,17,0.00017,82,0.00082
43,-13,4,100000,22,0.00022,62,0.00062
43,-13,5,100000,34,0.00034,80,0.0008
43,-12,0,100000,37,0.00037,77,0.00077
43,-12,1,100000,21,0.00021,60,0.0006
43,-12,2,100000,28,0.00028,64,0.00064
43,-12,3,100000,13,0.00013,58,0.00058
43,-12,4,100000,25,0.00025,91,0.00091
43,-12,5,100000,35,0.00035,63,0.00063
43,-11,0,100000,20,0.0002,55,0.00055
43,-11,1,100000,24,0.00024,72,0.00072
43,-11,2,100000,31,0.00031,71,0.00071
43,-11,3,100000,20,0.0002,75,0.00075
43,-11,4,100000,26,0.00026,65,0.00065
43,-11,5,100000,35,0.00035,81,0.00081
43,-10,0,100000,37,0.00037,71,0.00071
43,-10,1,100000,26,0.00026,71,0.00071
43,-10,2,100000,33,0.00033,70,0.0007
43,-10,3,100000,33,0.00033,78,0.00078
43,-10,4,100000,46,0.00046,81,0.00081
43,-10,5,100000,29,0.00029,66,0.00066
43,-9,0,100000,35,0.00035,81,0.00081
43,-9,1,100000,28,0.00028,64,0.00064
43,-9,2,100000,22,0.00022,69,0.00069
43,-9,3,100000,44,0.00044,76,0.00076
43,-9,4,100000,34,0.00034,71,0.00071
43,-9,5,100000,26,0.00026,65,0.00065
43,-8,0,100000,31,0.00031,74,0.00074
43,-8,1,100000,54,0.00054,80,0.0008
43,-8,2,100000,29,0.00029,64,0.00064
43,-8,3,100000,38,0.00038,64,0.00064
43,-8,4,100000,32,0.00032,79,0.00079
43,-8,5,100000,36,0.00036,65,0.00065
43,-7,0,100000,29,0.00029,75,0.00075
43,-7,1,100000,29,0.00029,74,0.00074
43,-7,2,100000,33,0.00033,61,0.00061
43,-7,3,100000,38,0.00038,64,0.00064
43,-7,4,100000,27,0.00027,74,0.00074
43,-7,5,100000,43,0.00043,80,0.0008
43,-6,0,100000,24,0.00024,82,0.00082
43,-6,1,100000,25,0.00025,80,0.0008
43,-6,2,100000,34,0.00034,68,0.00068
43,-6,3,100000,45,0.00045,63,0.00063
43,-6,4,100000,39,0.00039,81,0.00081
43,-6,5,100000,29,0.00029,71,0.00071
43,-5,0,100000,23,0.00023,73,0.00073
43,-5,1,100000,37,0.00037,79,0.00079
43,-5,2,100000,26,0.00026,70,0.0007
43,-5,3,100000,26,0.00026,67,0.00067
43,-5,4,100000,40,0.0004,64,0.00064
43,-5,5,100000,48,0.00048,83,0.00083
43,-4,0,100000,29,0.00029,66,0.00066
43,-4,1,100000,32,0.00032,61,0.00061
43,-4,2,100000,17,0.00017,59,0.00059
43,-4,3,100000,19,0.00019,76,0.00076
43,-4,4,100000,39,0.00039,85,0.00085
43,-4,5,100000,18,0.00018,72,0.00072
43,-3,0,100000,25,0.00025,85,0.00085
43,-3,1,100000,48,0.00048,78,0.00078
43,-3,2,100000,22,0.00022,73,0.00073
43,-3,3,100000,28,0.00028,66,0.00066
43,-3,4,100000,29,0.00029,59,0.00059
43,-3,5,100000,36,0.00036,74,0.00074
43,-2,0,100000,37,0.00037,78,0.00078
43,-2,1,100000,22,0.00022,60,0.0006
43,-2,2,100000,21,0.00021,57,0.00057
43,-2,3,100000,34,0.00034,85,0.00085
43,-2,4,100000,27,0.00027,75,0.00075
43,-2,5,100000,25,0.00025,69,0.00069
43,-1,0,100000,28,0.00028,69,0.00069
43,-1,1,100000,60,0.0006,81,0.00081
43,-1,2,100000,37,0.00037,81,0.00081
43,-1,3,100000,23,0.00023,69,0.00069
43,-1,4,100000,26,0.00026,80,0.0008
43,-1,5,100000,35,0.00035,89,0.00089
43,0,0,100000,17,0.00017,70,0.0007
43,0,1,100000,13,0.00013,67,0.00067
43,0,2,100000,28,0.00028,77,0.00077
43,0,3,100000,26,0.00026,68,0.00068
43,0,4,100000,34,0.00034,73,0.00073
43,0,5,100000,24,0.00024,74,0.00074
43,1,0,100000,38,0.00038,80,0.0008
43,1,1,100000,35,0.00035,81,0.00081
43,1,2,100000,23,0.00023,76,0.00076
43,1,3,100000,20,0.0002,64,0.00064
43,1,4,100000,29,0.00029,71,0.00071
43,1,5,100000,60,0.0006,72,0.00072
43,2,0,100000,24,0.00024,71,0.00071
43,2,1,100000,27,0.00027,79,0.00079
43,2,2,100000,57,0.00057,78,0.00078
43,2,3,100000,27,0.00027,69,0.00069
43,2,4,100000,26,0.00026,66,0.00066
43,2,5,100000,17,0.00017,63,0.00063
43,3,0,100000,31,0.00031,68,0.00068
43,3,1,100000,44,0.00044,79,0.00079
43,3,2,100000,53,0.00053,74,0.00074
43,3,3,100000,39,0.00039,80,0.0008
43,3,4,100000,37,0.00037,61,0.00061
43,3,5,100000,25,0.00025,64,0.00064
43,4,0,100000,30,0.0003,65,0.00065
43,4,1,100000,45,0.00045,81,0.00081
43,4,2,100000,26,0.00026,80,0.0008
43,4,3,100000,21,0.00021,61,0.00061
43,4,4,100000,16,0.00016,57,0.00057
43,4,5,100000,32,0.00032,88,0.00088
43,5,0,100000,31,0.00031,74,0.00074
43,5,1,100000,50,0.0005,82,0.00082
43,5,2,100000,35,0.00035,63,0.00063
43,5,3,100000,45,0.00045,78,0.00078
43,5,4,100000,27,0.00027,68,0.00068
43,5,5,100000,30,0.0003,77,0.00077
43,6,0,100000,28,0.00028,71,0.00071
43,6,1,100000,36,0.00036,57,0.00057
43,6,2,100000,22,0.00022,63,0.00063
43,6,3,100000,29,0.00029,84,0.00084
43,6,4,100000,38,0.00038,74,0.00074
43,6,5,100000,25,0.00025,72,0.00072
43,7,0,100000,38,0.00038,77,0.00077
43,7,1,100000,30,0.0003,65,0.00065
43,7,2,100000,28,0.00028,68,0.00068
43,7,3,100000,22,0.00022,65,0.00065
43,7,4,100000,24,0.00024,62,0.00062
43,7,5,100000,41,0.00041,81,0.00081
43,8,0,100000,27,0.00027,59,0.00059
43,8,1,100000,27,0.00027,67,0.00067
43,8,2,100000,18,0.00018,56,0.00056
43,8,3,100000,18,0.00018,65,0.00065
43,8,4,100000,31,0.00031,76,0.00076
43,8,5,100000,28,0.00028,74,0.00074
43,9,0,100000,35,0.00035,76,0.00076
43,9,1,100000,34,0.00034,79,0.00079
43,9,2,100000,34,0.00034,63,0.00063
43,9,3,100000,37,0.00037,75,0.00075
43,9,4,100000,43,0.00043,76,0.00076
43,9,5,100000,24,0.00024,78,0.00078
43,10,0,100000,30,0.0003,75,0.00075
43,10,1,100000,27,0.00027,78,0.00078
43,10,2,100000,26,0.00026,66,0.00066
43,10,3,100000,24,0.00024,80,0.0008
43,10,4,100000,36,0.00036,85,0.00085
43,10,5,100000,54,0.00054,75,0.00075
43,11,0,100000,40,0.0004,77,0.00077
43,11,1,100000,23,0.00023,54,0.00054
43,11,2,100000,36,0.00036,68,0.00068
43,11,3,100000,42,0.00042,74,0.00074
43,11,4,100000,31,0.00031,68,0.00068
43,11,5,100000,31,0.00031,77,0.00077
43,12,0,100000,33,0.00033,71,0.00071
43,12,1,100000,20,0.0002,75,0.00075
43,12,2,100000,38,0.00038,82,0.00082
43,12,3,100000,28,0.00028,78,0.00078
43,12,4,100000,23,0.00023,64,0.00064
43,12,5,100000,42,0.00042,67,0.00067
43,13,0,100000,39,0.00039,81,0.00081
43,13,1,100000,27,0.00027,66,0.00066
43,13,2,100000,41,0.00041,75,0.00075
43,13,3,100000,10,0.0001,73,0.00073
43,13,4,100000,33,0.00033,73,0.00073
43,13,5,100000,33,0.00033,79,0.00079
43,14,0,100000,24,0.00024,68,0.00068
43,14,1,100000,32,0.00032,81,0.00081
43,14,2,100000,27,0.00027,67,0.00067
43,14,3,100000,24,0.00024,63,0.00063
43,14,4,100000,17,0.00017,57,0.00057
43,14,5,100000,25,0.00025,78,0.00078
43,15,0,100000,27,0.00027,79,0.00079
43,15,1,100000,27,0.00027,72,0.00072
43,15,2,100000,21,0.00021,75,0.00075
43,15,3,100000,20,0.0002,74,0.00074
43,15,4,100000,36,0.00036,67,0.00067
43,15,5,100000,35,0.00035,75,0.00075
43,16,0,100000,26,0.00026,67,0.00067
43,16,1,100000,30,0.0003,73,0.00073
43,16,2,100000,40,0.0004,74,0.00074
43,16,3,100000,19,0.00019,67,0.00067
43,16,4,100000,25,0.00025,76,0.00076
43,16,5,100000,34,0.00034,68,0.00068
43,17,0,100000,19,0.00019,72,0.00072
43,17,1,100000,35,0.00035,73,0.00073
43,17,2,100000,30,0.0003,83,0.00083
43,17,3,100000,37,0.00037,67,0.00067
43,17,4,100000,33,0.00033,68,0.00068
43,17,5,100000,21,0.00021,67,0.00067
43,18,0,100000,41,0.00041,71,0.00071
43,18,1,100000,41,0.00041,77,0.00077
43,18,2,100000,26,0.00026,79,0.00079
43,18,3,100000,23,0.00023,75,0.00075
43,18,4,100000,36,0.00036,86,0.00086
43,18,5,100000,16,0.00016,62,0.00062
43,19,0,100000,22,0.00022,52,0.00052
43,19,1,100000,32,0.00032,76,0.00076
43,19,2,100000,18,0.00018,69,0.00069
43,19,3,100000,26,0.00026,73,0.00073
43,19,4,100000,23,0.00023,76,0.00076
43,19,5,100000,29,0.00029,87,0.00087
43,20,0,100000,24,0.00024,73,0.00073
43,20,1,100000,25,0.00025,65,0.00065
43,20,2,100000,22,0.00022,69,0.00069
43,20,3,100000,21,0.00021,75,0.00075
43,20,4,100000,26,0.00026,66,0.00066
43,20,5,100000,17,0.00017,57,0.00057
43,21,0,100000,32,0.00032,66,0.00066
43,21,1,100000,31,0.00031,74,0.00074
43,21,2,100000,33,0.00033,76,0.00076
43,21,3,100000,46,0.00046,83,0.00083
43,21,4,100000,32,0.00032,85,0.00085
43,21,5,100000,29,0.00029,80,0.0008
43,22,0,100000,25,0.00025,77,0.00077
43,22,1,100000,24,0.00024,66,0.00066
43,22,2,100000,30,0.0003,77,0.00077
43,22,3,100000,28,0.00028,81,0.00081
43,22,4,100000,23,0.00023,73,0.00073
43,22,5,100000,32,0.00032,70,0.0007
43,23,0,100000,15,0.00015,61,0.00061
43,23,1,100000,31,0.00031,83,0.00083
43,23,2,100000,34,0.00034,61,0.00061
43,23,3,100000,30,0.0003,78,0.00078
43,23,4,100000,37,0.00037,82,0.00082
43,23,5,100000,37,0.00037,76,0.00076
43,24,0,100000,27,0.00027,80,0.0008
43,24,1,100000,35,0.00035,85,0.00085
43,24,2,100000,17,0.00017,64,0.00064
43,24,3,100000,26,0.00026,50,0.0005
43,24,4,100000,32,0.00032,71,0.00071
43,24,5,100000,45,0.00045,96,0.00096
43,25,0,100000,26,0.00026,74,0.00074
43,25,1,100000,32,0.00032,76,0.00076
43,25,2,100000,13,0.00013,71,0.00071
43,25,3,100000,31,0.00031,72,0.00072
43,25,4,100000,38,0.00038,63,0.00063
43,25,5,100000,33,0.00033,79,0.00079
43,26,0,100000,28,0.00028,62,0.00062
43,26,1,100000,18,0.00018,73,0.00073
43,26,2,100000,26,0.00026,74,0.00074
43,26,3,100000,27,0.00027,63,0.00063
43,26,4,100000,36,0.00036,91,0.00091
43,26,5,100000,32,0.00032,55,0.00055
43,27,0,100000,15,0.00015,60,0.0006
43,27,1,100000,30,0.0003,85,0.00085
43,27,2,100000,40,0.0004,77,0.00077
43,27,3,100000,32,0.00032,74,0.00074
43,27,4,100000,31,0.00031,72,0.00072
43,27,5,100000,39,0.00039,80,0.0008
43,28,0,100000,19,0.00019,72,0.00072
43,28,1,100000,22,0.00022,66,0.00066
43,28,2,100000,24,0.00024,76,0.00076
43,28,3,100000,30,0.0003,76,0.00076
43,28,4,100000,34,0.00034,78,0.00078
43,28,5,100000,31,0.00031,75,0.00075
43,29,0,100000,23,0.00023,69,0.00069
43,29,1,100000,14,0.00014,65,0.00065
43,29,2,100000,32,0.00032,73,0.00073
43,29,3,100000,16,0.00016,64,0.00064
43,29,4,100000,38,0.00038,92,0.00092
43,29,5,100000,30,0.0003,69,0.00069
43,30,0,100000,41,0.00041,70,0.0007
43,30,1,100000,22,0.00022,70,0.0007
43,30,2,100000,17,0.00017,75,0.00075
43,30,3,100000,38,0.00038,80,0.0008
43,30,4,100000,19,0.00019,68,0.00068
43,30,5,100000,33,0.00033,84,0.00084
43,31,0,100000,76,0.00076,85,0.00085
43,31,1,100000,34,0.00034,76,0.00076
43,31,2,100000,31,0.00031,64,0.00064
43,31,3,100000,49,0.00049,83,0.00083
43,31,4,100000,35,0.00035,74,0.00074
43,31,5,100000,45,0.00045,82,0.00082
43,32,0,100000,35,0.00035,75,0.00075
43,32,1,100000,45,0.00045,80,0.0008
43,32,2,100000,15,0.00015,69,0.00069
43,32,3,100000,33,0.00033,69,0.00069
43,32,4,100000,20,0.0002,62,0.00062
43,32,5,100000,32,0.00032,74,0.00074
43,33,0,100000,20,0.0002,63,0.00063
43,33,1,100000,31,0.00031,74,0.00074
43,33,2,100000,40,0.0004,83,0.00083
43,33,3,100000,24,0.00024,73,0.00073
43,33,4,100000,34,0.00034,80,0.0008
43,33,5,100000,26,0.00026,78,0.00078
43,34,0,100000,20,0.0002,67,0.00067
43,34,1,100000,45,0.00045,79,0.00079
43,34,2,100000,51,0.00051,87,0.00087
43,34,3,100000,27,0.00027,76,0.00076
43,34,4,100000,32,0.00032,62,0.00062
43,34,5,100000,28,0.00028,53,0.00053
43,35,0,100000,28,0.00028,63,0.00063
43,35,1,100000,33,0.00033,67,0.00067
43,35,2,100000,28,0.00028,78,0.00078
43,35,3,100000,25,0.00025,75,0.00075
43,35,4,100000,22,0.00022,82,0.00082
43,35,5,100000,29,0.00029,78,0.00078
43,36,0,100000,14,0.00014,71,0.00071
43,36,1,100000,23,0.00023,76,0.00076
43,36,2,100000,26,0.00026,59,0.00059
43,36,3,100000,28,0.00028,75,0.00075
43,36,4,100000,24,0.00024,69,0.00069
43,36,5,100000,27,0.00027,77,0.00077
43,37,0,100000,36,0.00036,65,0.00065
43,37,1,100000,30,0.0003,75,0.00075
43,37,2,100000,28,0.00028,73,0.00073
43,37,3,100000,18,0.00018,73,0.00073
43,37,4,100000,38,0.00038,75,0.00075
43,37,5,100000,37,0.00037,84,0.00084
43,38,0,100000,24,0.00024,65,0.00065
43,38,1,100000,45,0.00045,77,0.00077
43,38,2,100000,21,0.00021,64,0.00064
43,38,3,100000,27,0.00027,71,0.00071
43,38,4,100000,53,0.00053,84,0.00084
43,38,5,100000,28,0.00028,72,0.00072
43,39,0,100000,19,0.00019,54,0.00054
43,39,1,100000,19,0.00019,52,0.00052
43,39,2,100000,28,0.00028,73,0.00073
43,39,3,100000,47,0.00047,79,0.00079
43,39,4,100000,35,0.00035,80,0.0008
43,39,5,100000,28,0.00028,74,0.00074
43,40,0,100000,45,0.00045,67,0.00067
43,40,1,100000,28,0.00028,71,0.00071
43,40,2,100000,19,0.00019,69,0.00069
43,40,3,100000,33,0.00033,76,0.00076
43,40,4,100000,17,0.00017,69,0.00069
43,40,5,100000,26,0.00026,73,0.00073
43,41,0,100000,24,0.00024,75,0.00075
43,41,1,100000,30,0.0003,72,0.00072
43,41,2,100000,24,0.00024,73,0.00073
43,41,3,100000,53,0.00053,75,0.00075
43,41,4,100000,13,0.00013,71,0.00071
43,41,5,100000,32,0.00032,81,0.00081
43,42,0,100000,36,0.00036,71,0.00071
43,42,1,100000,20,0.0002,70,0.0007
43,42,2,100000,36,0.00036,72,0.00072
43,42,3,100000,38,0.00038,77,0.00077
43,42,4,100000,41,0.00041,86,0.00086
43,42,5,100000,52,0.00052,75,0.00075
43,43,0,100000,30,0.0003,66,0.00066
43,43,1,100000,37,0.00037,73,0.00073
43,43,2,100000,32,0.00032,64,0.00064
43,43,3,100000,37,0.00037,65,0.00065
43,43,4,100000,21,0.00021,68,0.00068
43,43,5,100000,24,0.00024,90,0.0009
43,44,0,100000,28,0.00028,65,0.00065
43,44,1,100000,29,0.00029,83,0.00083
43,44,2,100000,26,0.00026,67,0.00067
43,44,3,100000,29,0.00029,79,0.00079
43,44,4,100000,34,0.00034,76,0.00076
43,44,5,100000,23,0.00023,62,0.00062
43,45,0,100000,27,0.00027,82,0.00082
43,45,1,100000,29,0.00029,68,0.00068
43,45,2,100000,33,0.00033,74,0.00074
43,45,3,100000,41,0.00041,84,0.00084
43,45,4,100000,23,0.00023,64,0.00064
43,45,5,100000,31,0.00031,76,0.00076
43,46,0,100000,24,0.00024,75,0.00075
43,46,1,100000,23,0.00023,81,0.00081
43,46,2,100000,31,0.00031,89,0.00089
43,46,3,100000,25,0.00025,87,0.00087
43,46,4,100000,24,0.00024,83,0.00083
43,46,5,100000,31,0.00031,71,0.00071
43,47,0,100000,22,0.00022,62,0.00062
43,47,1,100000,43,0.00043,77,0.00077
43,47,2,100000,40,0.0004,81,0.00081
43,47,3,100000,18,0.00018,56,0.00056
43,47,4,100000,43,0.00043,75,0.00075
43,47,5,100000,26,0.00026,79,0.00079
43,48,0,100000,32,0.00032,71,0.00071
43,48,1,100000,43,0.00043,77,0.00077
43,48,2,100000,50,0.0005,82,0.00082
43,48,3,100000,42,0.00042,80,0.0008
43,48,4,100000,57,0.00057,86,0.00086
43,48,5,100000,21,0.00021,74,0.00074
43,49,0,100000,33,0.00033,72,0.00072
43,49,1,100000,29,0.00029,89,0.00089
43,49,2,100000,23,0.00023,65,0.00065
43,49,3,100000,40,0.0004,73,0.00073
43,49,4,100000,42,0.00042,81,0.00081
43,49,5,100000,49,0.00049,82,0.00082
43,50,0,100000,28,0.00028,86,0.00086
43,50,1,100000,17,0.00017,75,0.00075
43,50,2,100000,40,0.0004,73,0.00073
43,50,3,100000,45,0.00045,77,0.00077
43,50,4,100000,45,0.00045,91,0.00091
43,50,5,100000,36,0.00036,73,0.00073
44,-50,0,100000,26,0.00026,77,0.00077
44,-50,1,100000,29,0.00029,69,0.00069
44,-50,2,100000,41,0.00041,83,0.00083
44,-50,3,100000,24,0.00024,53,0.00053
44,-50,4,100000,34,0.00034,65,0.00065
44,-50,5,100000,41,0.00041,94,0.00094
44,-49,0,100000,18,0.00018,52,0.00052
44,-49,1,100000,20,0.0002,58,0.00058
44,-49,2,100000,30,0.0003,71,0.00071
44,-49,3,100000,27,0.00027,60,0.0006
44,-49,4,100000,28,0.00028,65,0.00065
44,-49,5,100000,32,0.00032,75,0.00075
44,-48,0,100000,47,0.00047,78,0.00078
44,-48,1,100000,35,0.00035,73,0.00073
44,-48,2,100000,52,0.00052,90,0.0009
44,-48,3,100000,21,0.00021,66,0.00066
44,-48,4,100000,29,0.00029,75,0.00075
44,-48,5,100000,20,0.0002,65,0.00065
44,-47,0,100000,26,0.00026,80,0.0008
44,-47,1,100000,23,0.00023,73,0.00073
44,-47,2,100000,40,0.0004,73,0.00073
44,-47,3,100000,54,0.00054,79,0.00079
44,-47,4,100000,28,0.00028,68,0.00068
44,-47,5,100000,29,0.00029,61,0.00061
44,-46,0,100000,26,0.00026,81,0.00081
44,-46,1,100000,22,0.00022,59,0.00059
44,-46,2,100000,24,0.00024,66,0.00066
44,-46,3,100000,18,0.00018,77,0.00077
44,-46,4,100000,36,0.00036,65,0.00065
44,-46,5,100000,30,0.0003,85,0.00085
44,-45,0,100000,31,0.00031,85,0.00085
44,-45,1,100000,53,0.00053,77,0.00077
44,-45,2,100000,22,0.00022,71,0.00071
44,-45,3,100000,22,0.00022,65,0.00065
44,-45,4,100000,20,0.0002,69,0.00069
44,-45,5,100000,35,0.00035,70,0.0007
44,-44,0,100000,32,0.00032,73,0.00073
44,-44,1,100000,30,0.0003,69,0.00069
44,-44,2,100000,32,0.00032,71,0.00071
44,-44,3,100000,36,0.00036,75,0.00075
44,-44,4,100000,28,0.00028,68,0.00068
44,-44,5,100000,25,0.00025,60,0.0006
44,-43,0,100000,22,0.00022,54,0.00054
44,-43,1,100000,42,0.00042,71,0.00071
44,-43,2,100000,32,0.00032,85,0.00085
44,-43,3,100000,45,0.00045,70,0.0007
44,-43,4,100000,24,0.00024,74,0.00074
44,-43,5,100000,24,0.00024,71,0.00071
44,-42,0,100000,35,0.00035,72,0.00072
44,-42,1,100000,22,0.00022,63,0.00063
44,-42,2,100000,24,0.00024,62,0.00062
44,-42,3,100000,32,0.00032,75,0.00075
44,-42,4,100000,35,0.00035,66,0.00066
44,-42,5,100000,37,0.00037,61,0.00061
44,-41,0,100000,32,0.00032,65,0.00065
44,-41,1,100000,19,0.00019,53,0.00053
44,-41,2,100000,19,0.00019,53,0.00053
44,-41,3,100000,33,0.00033,54,0.00054
44,-41,4,100000,29,0.00029,56,0.00056
44,-41,5,100000,22,0.00022,74,0.00074
44,-40,0,100000,21,0.00021,80,0.0008
44,-40,1,100000,33,0.00033,80,0.0008
44,-40,2,100000,30,0.0003,74,0.00074
44,-40,3,100000,35,0.00035,77,0.00077
44,-40,4,100000,53,0.00053,81,0.00081
44,-40,5,100000,19,0.00019,64,0.00064
44,-39,0,100000,26,0.00026,65,0.00065
44,-39,1,100000,28,0.00028,68,0.00068
44,-39,2,100000,21,0.00021,52,0.00052
44,-39,3,100000,25,0.00025,70,0.0007
44,-39,4,100000,23,0.00023,66,0.00066
44,-39,5,100000,31,0.00031,66,0.00066
44,-38,0,100000,23,0.00023,71,0.00071
44,-38,1,100000,43,0.00043,73,0.00073
44,-38,2,100000,41,0.00041,67,0.00067
44,-38,3,100000,22,0.00022,77,0.00077
44,-38,4,100000,32,0.00032,57,0.00057
44,-38,5,100000,39,0.00039,74,0.00074
44,-37,0,100000,30,0.0003,75,0.00075
44,-37,1,100000,20,0.0002,58,0.00058
44,-37,2,100000,27,0.00027,82,0.00082
44,-37,3,100000,13,0.00013,67,0.00067
44,-37,4,100000,17,0.00017,70,0.0007
44,-37,5,100000,22,0.00022,67,0.00067
44,-36,0,100000,36,0.00036,57,0.00057
44,-36,1,100000,43,0.00043,74,0.00074
44,-36,2,100000,37,0.00037,74,0.00074
44,-36,3,100000,31,0.00031,76,0.00076
44,-36,4,100000,31,0.00031,72,0.00072
44,-36,5,100000,33,0.00033,70,0.0007
44,-35,0,100000,28,0.00028,81,0.00081
44,-35,1,100000,26,0.00026,64,0.00064
44,-35,2,100000,35,0.00035,82,0.00082
44,-35,3,100000,66,0.00066,93,0.00093
44,-35,4,100000,28,0.00028,73,0.00073
44,-35,5,100000,28,0.00028,79,0.00079
44,-34,0,100000,12,0.00012,72,0.00072
44,-34,1,100000,33,0.00033,91,0.00091
44,-34,2,100000,48,0.00048,77,0.00077
44,-34,3,100000,18,0.00018,54,0.00054
44,-34,4,100000,24,0.00024,81,0.00081
44,-34,5,100000,26,0.00026,73,0.00073
44,-33,0,100000,19,0.00019,55,0.00055
44,-33,1,100000,17,0.00017,73,0.00073
44,-33,2,100000,28,0.00028,65,0.00065
44,-33,3,100000,25,0.00025,60,0.0006
44,-33,4,100000,22,0.00022,69,0.00069
44,-33,5,100000,31,0.00031,69,0.00069
44,-32,0,100000,43,0.00043,72,0.00072
44,-32,1,100000,15,0.00015,63,0.00063
44,-32,2,100000,34,0.00034,75,0.00075
44,-32,3,100000,20,0.0002,64,0.00064
44,-32,4,100000,15,0.00015,74,0.00074
44,-32,5,100000,29,0.00029,66,0.00066
44,-31,0,100000,41,0.00041,82,0.00082
44,-31,1,100000,40,0.0004,77,0.00077
44,-31,2,100000,20,0.0002,72,0.00072
44,-31,3,100000,30,0.0003,71,0.00071
44,-31,4,100000,25,0.00025,79,0.00079
44,-31,5,100000,25,0.00025,62,0.00062
44,-30,0,100000,20,0.0002,65,0.00065
44,-30,1,100000,29,0.00029,82,0.00082
44,-30,2,100000,25,0.00025,58,0.00058
44,-30,3,100000,30,0.0003,88,0.00088
44,-30,4,100000,22,0.00022,58,0.00058
44,-30,5,100000,40,0.0004,70,0.0007
44,-29,0,100000,24,0.00024,65,0.00065
44,-29,1,100000,22,0.00022,59,0.00059
44,-29,2,100000,51,0.00051,83,0.00083
44,-29,3,100000,27,0.00027,66,0.00066
44,-29,4,100000,30,0.0003,67,0.00067
44,-29,5,100000,24,0.00024,80,0.0008
44,-28,0,100000,52,0.00052,89,0.00089
44,-28,1,100000,53,0.00053,75,0.00075
44,-28,2,100000,22,0.00022,68,0.00068
44,-28,3,100000,38,0.00038,76,0.00076
44,-28,4,100000,21,0.00021,63,0.00063
44,-28,5,100000,24,0.00024,62,0.00062
44,-27,0,100000,29,0.00029,86,0.00086
44,-27,1,100000,38,0.00038,90,0.0009
44,-27,2,100000,32,0.00032,70,0.0007
44,-27,3,100000,65,0.00065,85,0.00085
44,-27,4,100000,33,0.00033,71,0.00071
44,-27,5,100000,17,0.00017,69,0.00069
44,-26,0,100000,39,0.00039,70,0.0007
44,-26,1,100000,32,0.00032,88,0.00088
44,-26,2,100000,29,0.00029,78,0.00078
44,-26,3,100000,37,0.00037,73,0.00073
44,-26,4,100000,46,0.00046,78,0.00078
44,-26,5,100000,41,0.00041,79,0.00079
44,-25,0,100000,51,0.00051,91,0.00091
44,-25,1,100000,18,0.00018,62,0.00062
44,-25,2,100000,17,0.00017,60,0.0006
44,-25,3,100000,28,0.00028,85,0.00085
44,-25,4,100000,19,0.00019,69,0.00069
44,-25,5,100000,25,0.00025,65,0.00065
44,-24,0,100000,22,0.00022,66,0.00066
44,-24,1,100000,39,0.00039,54,0.00054
44,-24,2,100000,21,0.00021,75,0.00075
44,-24,3,100000,31,0.00031,77,0.00077
44,-24,4,100000,25,0.00025,83,0.00083
44,-24,5,100000,21,0.00021,67,0.00067
44,-23,0,100000,33,0.00033,72,0.00072
44,-23,1,100000,18,0.00018,79,0.00079
44,-23,2,100000,33,0.00033,76,0.00076
44,-23,3,100000,22,0.00022,74,0.00074
44,-23,4,100000,40,0.0004,74,0.00074
44,-23,5,100000,34,0.00034,77,0.00077
44,-22,0,100000,24,0.00024,78,0.00078
44,-22,1,100000,28,0.00028,67,0.00067
44,-22,2,100000,26,0.00026,64,0.00064
44,-22,3,100000,26,0.00026,63,0.00063
44,-22,4,100000,42,0.00042,66,0.00066
44,-22,5,100000,27,0.00027,91,0.00091
44,-21,0,100000,43,0.00043,87,0.00087
44,-21,1,100000,33,0.00033,76,0.00076
44,-21,2,100000,42,0.00042,77,0.00077
44,-21,3,100000,23,0.00023,81,0.00081
44,-21,4,100000,41,0.00041,80,0.0008
44,-21,5,100000,36,0.00036,59,0.00059
44,-20,0,100000,46,0.00046,78,0.00078
44,-20,1,100000,26,0.00026,80,0.0008
44,-20,2,100000,27,0.00027,76,0.00076
44,-20,3,100000,32,0.00032,67,0.00067
44,-20,4,100000,17,0.00017,59,0.00059
44,-20,5,100000,39,0.00039,76,0.00076
44,-19,0,100000,27,0.00027,67,0.00067
44,-19,1,100000,20,0.0002,68,0.00068
44,-19,2,100000,24,0.00024,61,0.00061
44,-19,3,100000,21,0.00021,68,0.00068
44,-19,4,100000,24,0.00024,56,0.00056
44,-19,5,100000,47,0.00047,94,0.00094
44,-18,0,100000,18,0.00018,61,0.00061
44,-18,1,100000,25,0.00025,77,0.00077
44,-18,2,100000,27,0.00027,75,0.00075
44,-18,3,100000,32,0.00032,68,0.00068
44,-18,4,100000,29,0.00029,76,0.00076
44,-18,5,100000,35,0.00035,85,0.00085
44,-17,0,100000,43,0.00043,72,0.00072
44,-17,1,100000,36,0.00036,81,0.00081
44,-17,2,100000,14,0.00014,63,0.00063
44,-17,3,100000,23,0.00023,70,0.0007
44,-17,4,100000,49,0.00049,76,0.00076
44,-17,5,100000,37,0.00037,84,0.00084
44,-16,0,100000,20,0.0002,65,0.00065
44,-16,1,100000,19,0.00019,56,0.00056
44,-16,2,100000,20,0.0002,63,0.00063
44,-16,3,100000,39,0.00039,83,0.00083
44,-16,4,100000,23,0.00023,65,0.00065
44,-16,5,100000,30,0.0003,79,0.00079
44,-15,0,100000,31,0.00031,80,0.0008
44,-15,1,100000,29,0.00029,84,0.00084
44,-15,2,100000,35,0.00035,84,0.00084
44,-15,3,100000,24,0.00024,69,0.00069
44,-15,4,100000,26,0.00026,75,0.00075
44,-15,5,100000,19,0.00019,73,0.00073
44,-14,0,100000,25,0.00025,70,0.0007
44,-14,1,100000,36,0.00036,73,0.00073
44,-14,2,100000,44,0.00044,83,0.00083
44,-14,3,100000,37,0.00037,69,0.00069
44,-14,4,100000,40,0.0004,56,0.00056
44,-14,5,100000,22,0.00022,72,0.00072
44,-13,0,100000,29,0.00029,70,0.0007
44,-13,1,100000,22,0.00022,76,0.00076
44,-13,2,100000,14,0.00014,61,0.00061
44,-13,3,100000,38,0.00038,79,0.00079
44,-13,4,100000,27,0.00027,71,0.00071
44,-13,5,100000,29,0.00029,90,0.0009
44,-12,0,100000,16,0.00016,65,0.00065
44,-12,1,100000,25,0.00025,63,0.00063
44,-12,2,100000,29,0.00029,90,0.0009
44,-12,3,100000,32,0.00032,64,0.00064
44,-12,4,100000,27,0.00027,72,0.00072
44,-12,5,100000,36,0.00036,63,0.00063
44,-11,0,100000,21,0.00021,63,0.00063
44,-11,1,100000,18,0.00018,65,0.00065
44,-11,2,100000,37,0.00037,72,0.00072
44,-11,3,100000,40,0.0004,74,0.00074
44,-11,4,100000,24,0.00024,67,0.00067
44,-11,5,100000,31,0.00031,76,0.00076
44,-10,0,100000,31,0.00031,63,0.00063
44,-10,1,100000,36,0.00036,69,0.00069
44,-10,2,100000,33,0.00033,73,0.00073
44,-10,3,100000,21,0.00021,79,0.00079
44,-10,4,100000,34,0.00034,66,0.00066
44,-10,5,100000,37,0.00037,73,0.00073
44,-9,0,100000,15,0.00015,68,0.00068
44,-9,1,100000,20,0.0002,82,0.00082
44,-9,2,100000,15,0.00015,62,0.00062
44,-9,3,100000,30,0.0003,74,0.00074
44,-9,4,100000,24,0.00024,86,0.00086
44,-9,5,100000,36,0.00036,77,0.00077
44,-8,0,100000,24,0.00024,62,0.00062
44,-8,1,100000,26,0.00026,70,0.0007
44,-8,2,100000,38,0.00038,102,0.00102
44,-8,3,100000,26,0.00026,68,0.00068
44,-8,4,100000,37,0.00037,76,0.00076
44,-8,5,100000,29,0.00029,71,0.00071
44,-7,0,100000,24,0.00024,62,0.00062
44,-7,1,100000,22,0.00022,69,0.00069
44,-7,2,100000,45,0.00045,71,0.00071
44,-7,3,100000,27,0.00027,66,0.00066
44,-7,4,100000,41,0.00041,78,0.00078
44,-7,5,100000,37,0.00037,87,0.00087
44,-6,0,100000,14,0.00014,55,0.00055
44,-6,1,100000,44,0.00044,76,0.00076
44,-6,2,100000,14,0.00014,68,0.00068
44,-6,3,100000,33,0.00033,79,0.00079
44,-6,4,100000,34,0.00034,71,0.00071
44,-6,5,100000,34,0.00034,67,0.00067
44,-5,0,100000,19,0.00019,84,0.00084
44,-5,1,100000,35,0.00035,77,0.00077
44,-5,2,100000,37,0.00037,77,0.00077
44,-5,3,100000,36,0.00036,69,0.00069
44,-5,4,100000,44,0.00044,89,0.00089
44,-5,5,100000,26,0.00026,62,0.00062
44,-4,0,100000,40,0.0004,69,0.00069
44,-4,1,100000,47,0.00047,87,0.00087
44,-4,2,100000,20,0.0002,46,0.00046
44,-4,3,100000,24,0.00024,60,0.0006
44,-4,4,100000,31,0.00031,67,0.00067
44,-4,5,100000,35,0.00035,77,0.00077
44,-3,0,100000,31,0.00031,75,0.00075
44,-3,1,100000,20,0.0002,77,0.00077
44,-3,2,100000,22,0.00022,85,0.00085
44,-3,3,100000,18,0.00018,54,0.00054
44,-3,4,100000,31,0.00031,83,0.00083
44,-3,5,100000,26,0.00026,58,0.00058
44,-2,0,100000,21,0.00021,56,0.00056
44,-2,1,100000,46,0.00046,64,0.00064
44,-2,2,100000,32,0.00032,72,0.00072
44,-2,3,100000,27,0.00027,69,0.00069
44,-2,4,100000,54,0.00054,83,0.00083
44,-2,5,100000,43,0.00043,72,0.00072
44,-1,0,100000,23,0.00023,72,0.00072
44,-1,1,100000,18,0.00018,74,0.00074
44,-1,2,100000,27,0.00027,83,0.00083
44,-1,3,100000,15,0.00015,54,0.00054
44,-1,4,100000,24,0.00024,69,0.00069
44,-1,5,100000,39,0.00039,82,0.00082
44,0,0,100000,37,0.00037,89,0.00089
44,0,1,100000,28,0.00028,74,0.00074
44,0,2,100000,32,0.00032,65,0.00065
44,0,3,100000,26,0.00026,74,0.00074
44,0,4,100000,49,0.00049,71,0.00071
44,0,5,100000,27,0.00027,80,0.0008
44,1,0,100000,22,0.00022,66,0.00066
44,1,1,100000,18,0.00018,55,0.00055
44,1,2,100000,24,0.00024,77,0.00077
44,1,3,100000,47,0.00047,72,0.00072
44,1,4,100000,29,0.00029,66,0.00066
44,1,5,100000,29,0.00029,70,0.0007
44,2,0,100000,29,0.00029,74,0.00074
44,2,1,100000,29,0.00029,65,0.00065
44,2,2,100000,32,0.00032,71,0.00071
44,2,3,100000,35,0.00035,76,0.00076
44,2,4,100000,22,0.00022,60,0.0006
44,2,5,100000,29,0.00029,77,0.00077
44,3,0,100000,35,0.00035,67,0.00067
44,3,1,100000,24,0.00024,70,0.0007
44,3,2,100000,25,0.00025,57,0.00057
44,3,3,100000,38,0.00038,74,0.00074
44,3,4,100000,41,0.00041,80,0.0008
44,3,5,100000,29,0.00029,79,0.00079
44,4,0,100000,47,0.00047,78,0.00078
44,4,1,100000,45,0.00045,70,0.0007
44,4,2,100000,40,0.0004,83,0.00083
44,4,3,100000,21,0.00021,64,0.00064
44,4,4,100000,34,0.00034,75,0.00075
44,4,5,100000,25,0.00025,81,0.00081
44,5,0,100000,21,0.00021,64,0.00064
44,5,1,100000,22,0.00022,74,0.00074
44,5,2,100000,41,0.00041,71,0.00071
44,5,3,100000,25,0.00025,66,0.00066
44,5,4,100000,33,0.00033,63,0.00063
44,5,5,100000,32,0.00032,71,0.00071
44,6,0,100000,35,0.00035,65,0.00065
44,6,1,100000,28,0.00028,67,0.00067
44,6,2,100000,27,0.00027,73,0.00073
44,6,3,100000,30,0.0003,83,0.00083
44,6,4,100000,35,0.00035,69,0.00069
44,6,5,100000,30,0.0003,75,0.00075
44,7,0,100000,16,0.00016,69,0.00069
44,7,1,100000,31,0.00031,80,0.0008
44,7,2,100000,19,0.00019,64,0.00064
44,7,3,100000,26,0.00026,68,0.00068
44,7,4,100000,23,0.00023,77,0.00077
44,7,5,100000,16,0.00016,79,0.00079
44,8,0,100000,45,0.00045,79,0.00079
44,8,1,100000,15,0.00015,69,0.00069
44,8,2,100000,28,0.00028,68,0.00068
44,8,3,100000,19,0.00019,77,0.00077
44,8,4,100000,32,0.00032,75,0.00075
44,8,5,100000,25,0.00025,73,0.00073
44,9,0,100000,25,0.00025,91,0.00091
44,9,1,100000,51,0.00051,77,0.00077
44,9,2,100000,38,0.00038,77,0.00077
44,9,3,100000,37,0.00037,83,0.00083
44,9,4,100000,29,0.00029,57,0.00057
44,9,5,100000,36,0.00036,69,0.00069
44,10,0,100000,21,0.00021,65,0.00065
44,10,1,100000,10,0.0001,72,0.00072
44,10,2,100000,27,0.00027,59,0.00059
44,10,3,100000,37,0.00037,66,0.00066
44,10,4,100000,15,0.00015,60,0.0006
44,10,5,100000,33,0.00033,83,0.00083
44,11,0,100000,19,0.00019,71,0.00071
44,11,1,100000,49,0.00049,76,0.00076
44,11,2,100000,17,0.00017,71,0.00071
44,11,3,100000,33,0.00033,55,0.00055
44,11,4,100000,35,0.00035,72,0.00072
44,11,5,100000,36,0.00036,79,0.00079
44,12,0,100000,46,0.00046,72,0.00072
44,12,1,100000,23,0.00023,75,0.00075
44,12,2,100000,18,0.00018,79,0.00079
44,12,3,100000,43,0.00043,78,0.00078
44,12,4,100000,28,0.00028,75,0.00075
44,12,5,100000,51,0.00051,62,0.00062
44,13,0,100000,55,0.00055,76,0.00076
44,13,1,100000,33,0.00033,60,0.0006
44,13,2,100000,27,0.00027,72,0.00072
44,13,3,100000,32,0.00032,82,0.00082
44,13,4,100000,37,0.00037,83,0.00083
44,13,5,100000,45,0.00045,80,0.0008
44,14,0,100000,26,0.00026,68,0.00068
44,14,1,100000,49,0.00049,89,0.00089
44,14,2,100000,24,0.00024,64,0.00064
44,14,3,100000,35,0.00035,74,0.00074
44,14,4,100000,29,0.00029,70,0.0007
44,14,5,100000,37,0.00037,73,0.00073
44,15,0,100000,34,0.00034,63,0.00063
44,15,1,100000,33,0.00033,85,0.00085
44,15,2,100000,21,0.00021,46,0.00046
44,15,3,100000,34,0.00034,80,0.0008
44,15,4,100000,11,0.00011,64,0.00064
44,15,5,100000,17,0.00017,68,0.00068
44,16,0,100000,35,0.00035,70,0.0007
44,16,1,100000,30,0.0003,63,0.00063
44,16,2,100000,28,0.00028,65,0.00065
44,16,3,100000,40,0.0004,74,0.00074
44,16,4,100000,27,0.00027,69,0.00069
44,16,5,100000,18,0.00018,75,0.00075
44,17,0,100000,31,0.00031,78,0.00078
44,17,1,100000,32,0.00032,82,0.00082
44,17,2,100000,21,0.00021,71,0.00071
44,17,3,100000,24,0.00024,73,0.00073
44,17,4,100000,43,0.00043,88,0.00088
44,17,5,100000,29,0.00029,65,0.00065
44,18,0,100000,14,0.00014,57,0.00057
44,18,1,100000,34,0.00034,82,0.00082
44,18,2,100000,36,0.00036,70,0.0007
44,18,3,100000,30,0.0003,73,0.00073
44,18,4,100000,21,0.00021,75,0.00075
44,18,5,100000,40,0.0004,93,0.00093
44,19,0,100000,21,0.00021,65,0.00065
44,19,1,100000,24,0.00024,74,0.00074
44,19,2,100000,12,0.00012,67,0.00067
44,19,3,100000,25,0.00025,74,0.00074
44,19,4,100000,31,0.00031,75,0.00075
44,19,5,100000,57,0.00057,88,0.00088
44,20,0,100000,16,0.00016,81,0.00081
44,20,1,100000,39,0.00039,76,0.00076
44,20,2,100000,38,0.00038,65,0.00065
44,20,3,100000,34,0.00034,73,0.00073
44,20,4,100000,24,0.00024,66,0.00066
44,20,5,100000,18,0.00018,69,0.00069
44,21,0,100000,15,0.00015,64,0.00064
44,21,1,100000,41,0.00041,74,0.00074
44,21,2,100000,26,0.00026,74,0.00074
44,21,3,100000,33,0.00033,79,0.00079
44,21,4,100000,16,0.00016,68,0.00068
44,21,5,100000,30,0.0003,74,0.00074
44,22,0,100000,27,0.00027,84,0.00084
44,22,1,100000,30,0.0003,90,0.0009
44,22,2,100000,36,0.00036,77,0.00077
44,22,3,100000,32,0.00032,84,0.00084
44,22,4,100000,31,0.00031,65,0.00065
44,22,5,100000,35,0.00035,79,0.00079
44,23,0,100000,25,0.00025,89,0.00089
44,23,1,100000,17,0.00017,56,0.00056
44,23,2,100000,29,0.00029,84,0.00084
44,23,3,100000,18,0.00018,58,0.00058
44,23,4,100000,21,0.00021,65,0.00065
44,23,5,100000,28,0.00028,78,0.00078
44,24,0,100000,20,0.0002,56,0.00056
44,24,1,100000,34,0.00034,63,0.00063
44,24,2,100000,11,0.00011,59,0.00059
44,24,3,100000,33,0.00033,76,0.00076
44,24,4,100000,32,0.00032,74,0.00074
44,24,5,100000,16,0.00016,65,0.00065
44,25,0,100000,34,0.00034,73,0.00073
44,25,1,100000,33,0.00033,65,0.00065
44,25,2,100000,9,9e-05,55,0.00055
44,25,3,100000,35,0.00035,70,0.0007
44,25,4,100000,24,0.00024,65,0.00065
44,25,5,100000,41,0.00041,75,0.00075
44,26,0,100000,17,0.00017,63,0.00063
44,26,1,100000,46,0.00046,76,0.00076
44,26,2,100000,24,0.00024,81,0.00081
44,26,3,100000,18,0.00018,68,0.00068
44,26,4,100000,37,0.00037,74,0.00074
44,26,5,100000,22,0.00022,70,0.0007
44,27,0,100000,28,0.00028,77,0.00077
44,27,1,100000,23,0.00023,60,0.0006
44,27,2,100000,36,0.00036,61,0.00061
44,27,3,100000,21,0.00021,62,0.00062
44,27,4,100000,24,0.00024,69,0.00069
44,27,5,100000,40,0.0004,66,0.00066
44,28,0,100000,50,0.0005,70,0.0007
44,28,1,100000,29,0.00029,86,0.00086
44,28,2,100000,22,0.00022,77,0.00077
44,28,3,100000,39,0.00039,75,0.00075
44,28,4,100000,24,0.00024,78,0.00078
44,28,5,100000,25,0.00025,55,0.00055
44,29,0,100000,25,0.00025,75,0.00075
44,29,1,100000,43,0.00043,87,0.00087
44,29,2,100000,29,0.00029,62,0.00062
44,29,3,100000,34,0.00034,86,0.00086
44,29,4,100000,19,0.00019,79,0.00079
44,29,5,100000,25,0.00025,79,0.00079
44,30,0,100000,39,0.00039,71,0.00071
44,30,1,100000,27,0.00027,82,0.00082
44,30,2,100000,22,0.00022,67,0.00067
44,30,3,100000,34,0.00034,75,0.00075
44,30,4,100000,27,0.00027,87,0.00087
44,30,5,100000,22,0.00022,73,0.00073
44,31,0,100000,35,0.00035,61,0.00061
44,31,1,100000,20,0.0002,71,0.00071
44,31,2,100000,33,0.00033,77,0.00077
44,31,3,100000,54,0.00054,67,0.00067
44,31,4,100000,34,0.00034,75,0.00075
44,31,5,100000,21,0.00021,81,0.00081
44,32,0,100000,26,0.00026,68,0.00068
44,32,1,100000,37,0.00037,75,0.00075
44,32,2,100000,27,0.00027,62,0.00062
44,32,3,100000,27,0.00027,84,0.00084
44,32,4,100000,31,0.00031,64,0.00064
44,32,5,100000,21,0.00021,76,0.00076
44,33,0,100000,27,0.00027,80,0.0008
44,33,1,100000,19,0.00019,76,0.00076
44,33,2,100000,32,0.00032,70,0.0007
44,33,3,100000,32,0.00032,64,0.00064
44,33,4,100000,22,0.00022,69,0.00069
44,33,5,100000,23,0.00023,70,0.0007
44,34,0,100000,23,0.00023,58,0.00058
44,34,1,100000,29,0.00029,61,0.00061
44,34,2,100000,19,0.00019,68,0.00068
44,34,3,100000,23,0.00023,76,0.00076
44,34,4,100000,22,0.00022,69,0.00069
44,34,5,100000,20,0.0002,54,0.00054
44,35,0,100000,22,0.00022,65,0.00065
44,35,1,100000,24,0.00024,72,0.00072
44,35,2,100000,39,0.00039,76,0.00076
44,35,3,100000,27,0.00027,77,0.00077
44,35,4,100000,24,0.00024,67,0.00067
44,35,5,100000,38,0.00038,69,0.00069
44,36,0,100000,25,0.00025,81,0.00081
44,36,1,100000,25,0.00025,78,0.00078
44,36,2,100000,38,0.00038,80,0.0008
44,36,3,100000,20,0.0002,66,0.00066
44,36,4,100000,40,0.0004,85,0.00085
44,36,5,100000,28,0.00028,72,0.00072
44,37,0,100000,32,0.00032,73,0.00073
44,37,1,100000,22,0.00022,76,0.00076
44,37,2,100000,17,0.00017,80,0.0008
44,37,3,100000,18,0.00018,55,0.00055
44,37,4,100000,31,0.00031,78,0.00078
44,37,5,100000,35,0.00035,73,0.00073
44,38,0,100000,25,0.00025,68,0.00068
44,38,1,100000,28,0.00028,64,0.00064
44,38,2,100000,33,0.00033,60,0.0006
44,38,3,100000,38,0.00038,83,0.00083
44,38,4,100000,43,0.00043,85,0.00085
44,38,5,100000,33,0.00033,73,0.00073
44,39,0,100000,29,0.00029,74,0.00074
44,39,1,100000,18,0.00018,64,0.00064
44,39,2,100000,26,0.00026,62,0.00062
44,39,3,100000,24,0.00024,73,0.00073
44,39,4,100000,21,0.00021,75,0.00075
44,39,5,100000,22,0.00022,65,0.00065
44,40,0,100000,30,0.0003,64,0.00064
44,40,1,100000,25,0.00025,68,0.00068
44,40,2,100000,40,0.0004,63,0.00063
44,40,3,100000,29,0.00029,79,0.00079
44,40,4,100000,13,0.00013,58,0.00058
44,40,5,100000,21,0.00021,82,0.00082
44,41,0,100000,32,0.00032,63,0.00063
44,41,1,100000,23,0.00023,57,0.00057
44,41,2,100000,38,0.00038,57,0.00057
44,41,3,100000,46,0.00046,71,0.00071
44,41,4,100000,27,0.00027,63,0.00063
44,41,5,100000,22,0.00022,72,0.00072
44,42,0,100000,23,0.00023,77,0.00077
44,42,1,100000,38,0.00038,69,0.00069
44,42,2,100000,24,0.00024,70,0.0007
44,42,3,100000,20,0.0002,69,0.00069
44,42,4,100000,35,0.00035,91,0.00091
44,42,5,100000,22,0.00022,60,0.0006
44,43,0,100000,39,0.00039,68,0.00068
44,43,1,100000,30,0.0003,71,0.00071
44,43,2,100000,20,0.0002,64,0.00064
44,43,3,100000,16,0.00016,48,0.00048
44,43,4,100000,20,0.0002,81,0.00081
44,43,5,100000,36,0.00036,79,0.00079
44,44,0,100000,20,0.0002,62,0.00062
44,44,1,100000,26,0.00026,77,0.00077
44,44,2,100000,21,0.00021,77,0.00077
44,44,3,100000,26,0.00026,71,0.00071
44,44,4,100000,38,0.00038,79,0.00079
44,44,5,100000,33,0.00033,71,0.00071
44,45,0,100000,16,0.00016,73,0.00073
44,45,1,100000,32,0.00032,76,0.00076
44,45,2,100000,34,0.00034,78,0.00078
44,45,3,100000,26,0.00026,62,0.00062
44,45,4,100000,43,0.00043,75,0.00075
44,45,5,100000,18,0.00018,65,0.00065
44,46,0,100000,22,0.00022,60,0.0006
44,46,1,100000,32,0.00032,71,0.00071
44,46,2,100000,26,0.00026,84,0.00084
44,46,3,100000,46,0.00046,79,0.00079
44,46,4,100000,37,0.00037,70,0.0007
44,46,5,100000,21,0.00021,64,0.00064
44,47,0,100000,33,0.00033,79,0.00079
44,47,1,100000,25,0.00025,66,0.00066
44,47,2,100000,32,0.00032,69,0.00069
44,47,3,100000,35,0.00035,78,0.00078
44,47,4,100000,25,0.00025,64,0.00064
44,47,5,100000,35,0.00035,75,0.00075
44,48,0,100000,32,0.00032,71,0.00071
44,48,1,100000,50,0.0005,73,0.00073
44,48,2,100000,29,0.00029,69,0.00069
44,48,3,100000,29,0.00029,66,0.00066
44,48,4,100000,20,0.0002,50,0.0005
44,48,5,100000,46,0.00046,81,0.00081
44,49,0,100000,27,0.00027,61,0.00061
44,49,1,100000,29,0.00029,65,0.00065
44,49,2,100000,40,0.0004,71,0.00071
44,49,3,100000,25,0.00025,72,0.00072
44,49,4,100000,28,0.00028,77,0.00077
44,49,5,100000,20,0.0002,71,0.00071
44,50,0,100000,20,0.0002,67,0.00067
44,50,1,100000,24,0.00024,71,0.00071
44,50,2,100000,25,0.00025,65,0.00065
44,50,3,100000,53,0.00053,77,0.00077
44,50,4,100000,39,0.00039,77,0.00077
44,50,5,100000,20,0.0002,67,0.00067
45,-50,0,100000,40,0.0004,77,0.00077
45,-50,1,100000,24,0.00024,70,0.0007
45,-50,2,100000,24,0.00024,67,0.00067
45,-50,3,100000,29,0.00029,75,0.00075
45,-50,4,100000,31,0.00031,78,0.00078
45,-50,5,100000,24,0.00024,74,0.00074
45,-49,0,100000,31,0.00031,88,0.00088
45,-49,1,100000,40,0.0004,79,0.00079
45,-49,2,100000,32,0.00032,83,0.00083
45,-49,3,100000,49,0.00049,85,0.00085
45,-49,4,100000,18,0.00018,78,0.00078
45,-49,5,100000,17,0.00017,65,0.00065
45,-48,0,100000,26,0.00026,68,0.00068
45,-48,1,100000,41,0.00041,64,0.00064
45,-48,2,100000,29,0.00029,77,0.00077
45,-48,3,100000,28,0.00028,66,0.00066
45,-48,4,100000,32,0.00032,82,0.00082
45,-48,5,100000,31,0.00031,80,0.0008
45,-47,0,100000,45,0.00045,76,0.00076
45,-47,1,100000,5,5e-05,68,0.00068
45,-47,2,100000,35,0.00035,81,0.00081
45,-47,3,100000,19,0.00019,67,0.00067
45,-47,4,100000,24,0.00024,61,0.00061
45,-47,5,100000,28,0.00028,62,0.00062
45,-46,0,100000,29,0.00029,78,0.00078
45,-46,1,100000,41,0.00041,72,0.00072
45,-46,2,100000,31,0.00031,84,0.00084
45,-46,3,100000,34,0.00034,73,0.00073
45,-46,4,100000,32,0.00032,79,0.00079
45,-46,5,100000,22,0.00022,70,0.0007
45,-45,0,100000,16,0.00016,73,0.00073
45,-45,1,100000,26,0.00026,73,0.00073
45,-45,2,100000,42,0.00042,70,0.0007
45,-45,3,100000,31,0.00031,63,0.00063
45,-45,4,100000,25,0.00025,63,0.00063
45,-45,5,100000,14,0.00014,66,0.00066
45,-44,0,100000,36,0.00036,68,0.00068
45,-44,1,100000,29,0.00029,80,0.0008
45,-44,2,100000,45,0.00045,77,0.00077
45,-44,3,100000,27,0.00027,66,0.00066
45,-44,4,100000,46,0.00046,85,0.00085
45,-44,5,100000,19,0.00019,68,0.00068
45,-43,0,100000,21,0.00021,74,0.00074
45,-43,1,100000,21,0.00021,75,0.00075
45,-43,2,100000,24,0.00024,72,0.00072
45,-43,3,100000,46,0.00046,78,0.00078
45,-43,4,100000,29,0.00029,66,0.00066
45,-43,5,100000,17,0.00017,73,0.00073
45,-42,0,100000,28,0.00028,63,0.00063
45,-42,1,100000,30,0.0003,69,0.00069
45,-42,2,100000,21,0.00021,74,0.00074
45,-42,3,100000,32,0.00032,59,0.00059
45,-42,4,100000,17,0.00017,54,0.00054
45,-42,5,100000,14,0.00014,52,0.00052
45,-41,0,100000,37,0.00037,85,0.00085
45,-41,1,100000,34,0.00034,85,0.00085
45,-41,2,100000,27,0.00027,73,0.00073
45,-41,3,100000,31,0.00031,78,0.00078
45,-41,4,100000,43,0.00043,86,0.00086
45,-41,5,100000,15,0.00015,59,0.00059
45,-40,0,100000,19,0.00019,69,0.00069
45,-40,1,100000,28,0.00028,74,0.00074
45,-40,2,100000,34,0.00034,71,0.00071
45,-40,3,100000,30,0.0003,68,0.00068
45,-40,4,100000,32,0.00032,68,0.00068
45,-40,5,100000,16,0.00016,61,0.00061
45,-39,0,100000,35,0.00035,63,0.00063
45,-39,1,100000,22,0.00022,72,0.00072
45,-39,2,100000,32,0.00032,79,0.00079
45,-39,3,100000,35,0.00035,80,0.0008
45,-39,4,100000,34,0.00034,76,0.00076
45,-39,5,100000,34,0.00034,60,0.0006
45,-38,0,100000,27,0.00027,77,0.00077
45,-38,1,100000,28,0.00028,86,0.00086
45,-38,2,100000,18,0.00018,67,0.00067
45,-38,3,100000,49,0.00049,82,0.00082
45,-38,4,100000,21,0.00021,59,0.00059
45,-38,5,100000,21,0.00021,69,0.00069
45,-37,0,100000,53,0.00053,81,0.00081
45,-37,1,100000,21,0.00021,71,0.00071
45,-37,2,100000,22,0.00022,74,0.00074
45,-37,3,100000,21,0.00021,75,0.00075
45,-37,4,100000,9,9e-05,56,0.00056
45,-37,5,100000,24,0.00024,81,0.00081
45,-36,0,100000,45,0.00045,89,0.00089
45,-36,1,100000,33,0.00033,71,0.00071
45,-36,2,100000,41,0.00041,67,0.00067
45,-36,3,100000,33,0.00033,68,0.00068
45,-36,4,100000,40,0.0004,73,0.00073
45,-36,5,100000,22,0.00022,76,0.00076
45,-35,0,100000,31,0.00031,80,0.0008
45,-35,1,100000,44,0.00044,68,0.00068
45,-35,2,100000,20,0.0002,62,0.00062
45,-35,3,100000,26,0.00026,78,0.00078
45,-35,4,100000,32,0.00032,78,0.00078
45,-35,5,100000,28,0.00028,66,0.00066
45,-34,0,100000,33,0.00033,84,0.00084
45,-34,1,100000,36,0.00036,78,0.00078
45,-34,2,100000,26,0.00026,77,0.00077
45,-34,3,100000,28,0.00028,72,0.00072
45,-34,4,100000,35,0.00035,71,0.00071
45,-34,5,100000,37,0.00037,76,0.00076
45,-33,0,100000,35,0.00035,82,0.00082
45,-33,1,100000,37,0.00037,77,0.00077
45,-33,2,100000,26,0.00026,95,0.00095
45,-33,3,100000,29,0.00029,80,0.0008
45,-33,4,100000,31,0.00031,83,0.00083
45,-33,5,100000,36,0.00036,82,0.00082
45,-32,0,100000,26,0.00026,70,0.0007
45,-32,1,100000,36,0.00036,80,0.0008
45,-32,2,100000,33,0.00033,78,0.00078
45,-32,3,100000,22,0.00022,79,0.00079
45,-32,4,100000,47,0.00047,66,0.00066
45,-32,5,100000,33,0.00033,66,0.00066
45,-31,0,100000,27,0.00027,82,0.00082
45,-31,1,100000,34,0.00034,70,0.0007
45,-31,2,100000,28,0.00028,79,0.00079
45,-31,3,100000,27,0.00027,59,0.00059
45,-31,4,100000,18,0.00018,83,0.00083
45,-31,5,100000,32,0.00032,81,0.00081
45,-30,0,100000,8,8e-05,84,0.00084
45,-30,1,100000,12,0.00012,72,0.00072
45,-30,2,100000,37,0.00037,71,0.00071
45,-30,3,100000,35,0.00035,78,0.00078
45,-30,4,100000,42,0.00042,69,0.00069
45,-30,5,100000,20,0.0002,69,0.00069
45,-29,0,100000,28,0.00028,78,0.00078
45,-29,1,100000,36,0.00036,87,0.00087
45,-29,2,100000,39,0.00039,56,0.00056
45,-29,3,100000,44,0.00044,78,0.00078
45,-29,4,100000,23,0.00023,71,0.00071
45,-29,5,100000,19,0.00019,49,0.00049
45,-28,0,100000,22,0.00022,62,0.00062
45,-28,1,100000,35,0.00035,61,0.00061
45,-28,2,100000,31,0.00031,89,0.00089
45,-28,3,100000,19,0.00019,64,0.00064
45,-28,4,100000,20,0.0002,81,0.00081
45,-28,5,100000,26,0.00026,76,0.00076
45,-27,0,100000,30,0.0003,68,0.00068
45,-27,1,100000,22,0.00022,64,0.00064
45,-27,2,100000,14,0.00014,52,0.00052
45,-27,3,100000,37,0.00037,87,0.00087
45,-27,4,100000,49,0.00049,66,0.00066
45,-27,5,100000,28,0.00028,84,0.00084
45,-26,0,100000,52,0.00052,85,0.00085
45,-26,1,100000,23,0.00023,65,0.00065
45,-26,2,100000,19,0.00019,75,0.00075
45,-26,3,100000,24,0.00024,85,0.00085
45,-26,4,100000,43,0.00043,90,0.0009
45,-26,5,100000,47,0.00047,74,0.00074
45,-25,0,100000,20,0.0002,70,0.0007
45,-25,1,100000,24,0.00024,71,0.00071
45,-25,2,100000,49,0.00049,79,0.00079
45,-25,3,100000,36,0.00036,91,0.00091
45,-25,4,100000,39,0.00039,85,0.00085
45,-25,5,100000,27,0.00027,62,0.00062
45,-24,0,100000,43,0.00043,70,0.0007
45,-24,1,100000,25,0.00025,67,0.00067
45,-24,2,100000,35,0.00035,69,0.00069
45,-24,3,100000,25,0.00025,69,0.00069
45,-24,4,100000,23,0.00023,77,0.00077
45,-24,5,100000,18,0.00018,63,0.00063
45,-23,0,100000,28,0.00028,70,0.0007
45,-23,1,100000,22,0.00022,68,0.00068
45,-23,2,100000,27,0.00027,58,0.00058
45,-23,3,100000,21,0.00021,79,0.00079
45,-23,4,100000,18,0.00018,82,0.00082
45,-23,5,100000,36,0.00036,76,0.00076
45,-22,0,100000,35,0.00035,81,0.00081
45,-22,1,100000,32,0.00032,74,0.00074
45,-22,2,100000,34,0.00034,56,0.00056
45,-22,3,100000,29,0.00029,77,0.00077
45,-22,4,100000,41,0.00041,78,0.00078
45,-22,5,100000,42,0.00042,67,0.00067
45,-21,0,100000,20,0.0002,67,0.00067
45,-21,1,100000,21,0.00021,68,0.00068
45,-21,2,100000,25,0.00025,73,0.00073
45,-21,3,100000,33,0.00033,71,0.00071
45,-21,4,100000,26,0.00026,69,0.00069
45,-21,5,100000,26,0.00026,71,0.00071
45,-20,0,100000,28,0.00028,74,0.00074
45,-20,1,100000,22,0.00022,86,0.00086
45,-20,2,100000,42,0.00042,76,0.00076
45,-20,3,100000,32,0.00032,83,0.00083
45,-20,4,100000,35,0.00035,78,0.00078
45,-20,5,100000,23,0.00023,79,0.00079
45,-19,0,100000,24,0.00024,77,0.00077
45,-19,1,100000,31,0.00031,78,0.00078
45,-19,2,100000,34,0.00034,79,0.00079
45,-19,3,100000,33,0.00033,75,0.00075
45,-19,4,100000,23,0.00023,66,0.00066
45,-19,5,100000,37,0.00037,73,0.00073
45,-18,0,100000,30,0.0003,74,0.00074
45,-18,1,100000,27,0.00027,71,0.00071
45,-18,2,100000,22,0.00022,55,0.00055
45,-18,3,100000,31,0.00031,90,0.0009
45,-18,4,100000,48,0.00048,75,0.00075
45,-18,5,100000,20,0.0002,68,0.00068
45,-17,0,100000,29,0.00029,70,0.0007
45,-17,1,100000,24,0.00024,67,0.00067
45,-17,2,100000,21,0.00021,63,0.00063
45,-17,3,100000,27,0.00027,68,0.00068
45,-17,4,100000,36,0.00036,75,0.00075
45,-17,5,100000,27,0.00027,79,0.00079
45,-16,0,100000,23,0.00023,80,0.0008
45,-16,1,100000,39,0.00039,66,0.00066
45,-16,2,100000,41,0.00041,78,0.00078
45,-16,3,100000,36,0.00036,59,0.00059
45,-16,4,100000,38,0.00038,74,0.00074
45,-16,5,100000,28,0.00028,77,0.00077
45,-15,0,100000,48,0.00048,80,0.0008
45,-15,1,100000,36,0.00036,88,0.00088
45,-15,2,100000,31,0.00031,85,0.00085
45,-15,3,100000,41,0.00041,77,0.00077
45,-15,4,100000,26,0.00026,59,0.00059
45,-15,5,100000,20,0.0002,76,0.00076
45,-14,0,100000,22,0.00022,77,0.00077
45,-14,1,100000,23,0.00023,75,0.00075
45,-14,2,100000,25,0.00025,61,0.00061
45,-14,3,100000,20,0.0002,57,0.00057
45,-14,4,100000,36,0.00036,70,0.0007
45,-14,5,100000,27,0.00027,65,0.00065
45,-13,0,100000,21,0.00021,60,0.0006
45,-13,1,100000,17,0.00017,57,0.00057
45,-13,2,100000,30,0.0003,66,0.00066
45,-13,3,100000,37,0.00037,74,0.00074
45,-13,4,100000,46,0.00046,79,0.00079
45,-13,5,100000,47,0.00047,77,0.00077
45,-12,0,100000,37,0.00037,74,0.00074
45,-12,1,100000,45,0.00045,84,0.00084
45,-12,2,100000,26,0.00026,70,0.0007
45,-12,3,100000,26,0.00026,83,0.00083
45,-12,4,100000,38,0.00038,63,0.00063
45,-12,5,100000,36,0.00036,79,0.00079
45,-11,0,100000,37,0.00037,70,0.0007
45,-11,1,100000,18,0.00018,70,0.0007
45,-11,2,100000,18,0.00018,73,0.00073
45,-11,3,100000,24,0.00024,78,0.00078
45,-11,4,100000,34,0.00034,71,0.00071
45,-11,5,100000,29,0.00029,75,0.00075
45,-10,0,100000,20,0.0002,93,0.00093
45,-10,1,100000,34,0.00034,77,0.00077
45,-10,2,100000,15,0.00015,73,0.00073
45,-10,3,100000,31,0.00031,87,0.00087
45,-10,4,100000,40,0.0004,91,0.00091
45,-10,5,100000,38,0.00038,82,0.00082
45,-9,0,100000,40,0.0004,66,0.00066
45,-9,1,100000,19,0.00019,56,0.00056
45,-9,2,100000,18,0.00018,72,0.00072
45,-9,3,100000,30,0.0003,71,0.00071
45,-9,4,100000,28,0.00028,61,0.00061
45,-9,5,100000,51,0.00051,76,0.00076
45,-8,0,100000,17,0.00017,57,0.00057
45,-8,1,100000,22,0.00022,63,0.00063
45,-8,2,100000,27,0.00027,63,0.00063
45,-8,3,100000,35,0.00035,67,0.00067
45,-8,4,100000,22,0.00022,72,0.00072
45,-8,5,100000,28,0.00028,74,0.00074
45,-7,0,100000,21,0.00021,65,0.00065
45,-7,1,100000,39,0.00039,76,0.00076
45,-7,2,100000,21,0.00021,74,0.00074
45,-7,3,100000,20,0.0002,68,0.00068
45,-7,4,100000,40,0.0004,66,0.00066
45,-7,5,100000,20,0.0002,70,0.0007
45,-6,0,100000,25,0.00025,79,0.00079
45,-6,1,100000,38,0.00038,78,0.00078
45,-6,2,100000,47,0.00047,75,0.00075
45,-6,3,100000,24,0.00024,66,0.00066
45,-6,4,100000,34,0.00034,79,0.00079
45,-6,5,100000,22,0.00022,60,0.0006
45,-5,0,100000,24,0.00024,69,0.00069
45,-5,1,100000,20,0.0002,65,0.00065
45,-5,2,100000,46,0.00046,63,0.00063
45,-5,3,100000,45,0.00045,79,0.00079
45,-5,4,100000,37,0.00037,79,0.00079
45,-5,5,100000,19,0.00019,54,0.00054
45,-4,0,100000,50,0.0005,78,0.00078
45,-4,1,100000,28,0.00028,74,0.00074
45,-4,2,100000,25,0.00025,68,0.00068
45,-4,3,100000,16,0.00016,69,0.00069
45,-4,4,100000,12,0.00012,68,0.00068
45,-4,5,100000,20,0.0002,66,0.00066
45,-3,0,100000,31,0.00031,69,0.00069
45,-3,1,100000,29,0.00029,79,0.00079
45,-3,2,100000,27,0.00027,63,0.00063
45,-3,3,100000,26,0.00026,69,0.00069
45,-3,4,100000,37,0.00037,72,0.00072
45,-3,5,100000,13,0.00013,71,0.00071
45,-2,0,100000,22,0.00022,75,0.00075
45,-2,1,100000,25,0.00025,68,0.00068
45,-2,2,100000,13,0.00013,63,0.00063
45,-2,3,100000,19,0.00019,72,0.00072
45,-2,4,100000,28,0.00028,81,0.00081
45,-2,5,100000,40,0.0004,79,0.00079
45,-1,0,100000,38,0.00038,69,0.00069
45,-1,1,100000,17,0.00017,63,0.00063
45,-1,2,100000,30,0.0003,73,0.00073
45,-1,3,100000,21,0.00021,70,0.0007
45,-1,4,100000,40,0.0004,70,0.0007
45,-1,5,100000,31,0.00031,74,0.00074
45,0,0,100000,49,0.00049,92,0.00092
45,0,1,100000,34,0.00034,72,0.00072
45,0,2,100000,48,0.00048,65,0.00065
45,0,3,100000,27,0.00027,76,0.00076
45,0,4,100000,40,0.0004,73,0.00073
45,0,5,100000,20,0.0002,62,0.00062
45,1,0,100000,29,0.00029,72,0.00072
45,1,1,100000,25,0.00025,64,0.00064
45,1,2,100000,20,0.0002,62,0.00062
45,1,3,100000,32,0.00032,75,0.00075
45,1,4,100000,20,0.0002,71,0.00071
45,1,5,100000,35,0.00035,61,0.00061
45,2,0,100000,22,0.00022,76,0.00076
45,2,1,100000,34,0.00034,72,0.00072
45,2,2,100000,24,0.00024,70,0.0007
45,2,3,100000,13,0.00013,84,0.00084
45,2,4,100000,40,0.0004,73,0.00073
45,2,5,100000,40,0.0004,85,0.00085
45,3,0,100000,17,0.00017,79,0.00079
45,3,1,100000,33,0.00033,84,0.00084
45,3,2,100000,30,0.0003,66,0.00066
45,3,3,100000,15,0.00015,77,0.00077
45,3,4,100000,26,0.00026,80,0.0008
45,3,5,100000,25,0.00025,79,0.00079
45,4,0,100000,23,0.00023,77,0.00077
45,4,1,100000,17,0.00017,70,0.0007
45,4,2,100000,29,0.00029,59,0.00059
45,4,3,100000,24,0.00024,60,0.0006
45,4,4,100000,31,0.00031,66,0.00066
45,4,5,100000,24,0.00024,76,0.00076
45,5,0,100000,22,0.00022,65,0.00065
45,5,1,100000,18,0.00018,58,0.00058
45,5,2,100000,11,0.00011,52,0.00052
45,5,3,100000,27,0.00027,63,0.00063
45,5,4,100000,21,0.00021,64,0.00064
45,5,5,100000,25,0.00025,74,0.00074
45,6,0,100000,20,0.0002,59,0.00059
45,6,1,100000,31,0.00031,70,0.0007
45,6,2,100000,27,0.00027,66,0.00066
45,6,3,100000,24,0.00024,72,0.00072
45,6,4,100000,10,0.0001,75,0.00075
45,6,5,100000,17,0.00017,72,0.00072
45,7,0,100000,42,0.00042,76,0.00076
45,7,1,100000,23,0.00023,80,0.0008
45,7,2,100000,26,0.00026,67,0.00067
45,7,3,100000,44,0.00044,57,0.00057
45,7,4,100000,16,0.00016,65,0.00065
45,7,5,100000,35,0.00035,85,0.00085
45,8,0,100000,50,0.0005,76,0.00076
45,8,1,100000,18,0.00018,72,0.00072
45,8,2,100000,29,0.00029,73,0.00073
45,8,3,100000,57,0.00057,84,0.00084
45,8,4,100000,37,0.00037,73,0.00073
45,8,5,100000,29,0.00029,76,0.00076
45,9,0,100000,51,0.00051,79,0.00079
45,9,1,100000,24,0.00024,73,0.00073
45,9,2,100000,24,0.00024,68,0.00068
45,9,3,100000,46,0.00046,63,0.00063
45,9,4,100000,30,0.0003,93,0.00093
45,9,5,100000,23,0.00023,71,0.00071
45,10,0,100000,40,0.0004,62,0.00062
45,10,1,100000,18,0.00018,66,0.00066
45,10,2,100000,43,0.00043,82,0.00082
45,10,3,100000,33,0.00033,84,0.00084
45,10,4,100000,33,0.00033,62,0.00062
45,10,5,100000,42,0.00042,85,0.00085
45,11,0,100000,30,0.0003,66,0.00066
45,11,1,100000,25,0.00025,64,0.00064
45,11,2,100000,22,0.00022,65,0.00065
45,11,3,100000,16,0.00016,63,0.00063
45,11,4,100000,26,0.00026,70,0.0007
45,11,5,100000,36,0.00036,68,0.00068
45,12,0,100000,28,0.00028,71,0.00071
45,12,1,100000,20,0.0002,64,0.00064
45,12,2,100000,24,0.00024,70,0.0007
45,12,3,100000,36,0.00036,63,0.00063
45,12,4,100000,13,0.00013,50,0.0005
45,12,5,100000,47,0.00047,71,0.00071
45,13,0,100000,28,0.00028,53,0.00053
45,13,1,100000,36,0.00036,53,0.00053
45,13,2,100000,10,0.0001,72,0.00072
45,13,3,100000,24,0.00024,69,0.00069
45,13,4,100000,20,0.0002,70,0.0007
45,13,5,100000,32,0.00032,69,0.00069
45,14,0,100000,19,0.00019,81,0.00081
45,14,1,100000,36,0.00036,67,0.00067
45,14,2,100000,32,0.00032,81,0.00081
45,14,3,100000,26,0.00026,61,0.00061
45,14,4,100000,25,0.00025,77,0.00077
45,14,5,100000,17,0.00017,80,0.0008
45,15,0,100000,37,0.00037,78,0.00078
45,15,1,100000,28,0.00028,61,0.00061
45,15,2,100000,24,0.00024,59,0.00059
45,15,3,100000,28,0.00028,69,0.00069
45,15,4,100000,40,0.0004,79,0.00079
45,15,5,100000,28,0.00028,78,0.00078
45,16,0,100000,40,0.0004,77,0.00077
45,16,1,100000,8,8e-05,46,0.00046
45,16,2,100000,27,0.00027,79,0.00079
45,16,3,100000,26,0.00026,62,0.00062
45,16,4,100000,56,0.00056,102,0.00102
45,16,5,100000,44,0.00044,86,0.00086
45,17,0,100000,45,0.00045,64,0.00064
45,17,1,100000,60,0.0006,81,0.00081
45,17,2,100000,23,0.00023,66,0.00066
45,17,3,100000,29,0.00029,60,0.0006
45,17,4,100000,40,0.0004,78,0.00078
45,17,5,100000,31,0.00031,71,0.00071
45,18,0,100000,24,0.00024,70,0.0007
45,18,1,100000,23,0.00023,68,0.00068
45,18,2,100000,20,0.0002,68,0.00068
45,18,3,100000,27,0.00027,78,0.00078
45,18,4,100000,23,0.00023,91,0.00091
45,18,5,100000,47,0.00047,70,0.0007
45,19,0,100000,22,0.00022,58,0.00058
45,19,1,100000,36,0.00036,75,0.00075
45,19,2,100000,22,0.00022,65,0.00065
45,19,3,100000,32,0.00032,86,0.00086
45,19,4,100000,23,0.00023,74,0.00074
45,19,5,100000,15,0.00015,61,0.00061
45,20,0,100000,31,0.00031,83,0.00083
45,20,1,100000,16,0.00016,65,0.00065
45,20,2,100000,31,0.00031,74,0.00074
45,20,3,100000,22,0.00022,86,0.00086
45,20,4,100000,33,0.00033,85,0.00085
45,20,5,100000,32,0.00032,79,0.00079
45,21,0,100000,19,0.00019,72,0.00072
45,21,1,100000,26,0.00026,74,0.00074
45,21,2,100000,24,0.00024,78,0.00078
45,21,3,100000,43,0.00043,77,0.00077
45,21,4,100000,38,0.00038,77,0.00077
45,21,5,100000,28,0.00028,71,0.00071
45,22,0,100000,23,0.00023,79,0.00079
45,22,1,100000,48,0.00048,79,0.00079
45,22,2,100000,25,0.00025,64,0.00064
45,22,3,100000,40,0.0004,89,0.00089
45,22,4,100000,23,0.00023,77,0.00077
45,22,5,100000,53,0.00053,82,0.00082
45,23,0,100000,24,0.00024,68,0.00068
45,23,1,100000,30,0.0003,70,0.0007
45,23,2,100000,38,0.00038,71,0.00071
45,23,3,100000,18,0.00018,88,0.00088
45,23,4,100000,32,0.00032,82,0.00082
45,23,5,100000,20,0.0002,71,0.00071
45,24,0,100000,20,0.0002,68,0.00068
45,24,1,100000,38,0.00038,68,0.00068
45,24,2,100000,28,0.00028,62,0.00062
45,24,3,100000,24,0.00024,67,0.00067
45,24,4,100000,56,0.00056,71,0.00071
45,24,5,100000,39,0.00039,61,0.00061
45,25,0,100000,29,0.00029,76,0.00076
45,25,1,100000,33,0.00033,67,0.00067
45,25,2,100000,25,0.00025,71,0.00071
45,25,3,100000,34,0.00034,69,0.00069
45,25,4,100000,17,0.00017,66,0.00066
45,25,5,100000,29,0.00029,80,0.0008
45,26,0,100000,22,0.00022,58,0.00058
45,26,1,100000,18,0.00018,60,0.0006
45,26,2,100000,33,0.00033,74,0.00074
45,26,3,100000,9,9e-05,56,0.00056
45,26,4,100000,22,0.00022,58,0.00058
45,26,5,100000,24,0.00024,79,0.00079
45,27,0,100000,23,0.00023,66,0.00066
45,27,1,100000,24,0.00024,72,0.00072
45,27,2,100000,32,0.00032,76,0.00076
45,27,3,100000,24,0.00024,74,0.00074
45,27,4,100000,42,0.00042,79,0.00079
45,27,5,100000,36,0.00036,80,0.0008
45,28,0,100000,24,0.00024,58,0.00058
45,28,1,100000,35,0.00035,74,0.00074
45,28,2,100000,18,0.00018,82,0.00082
45,28,3,100000,40,0.0004,80,0.0008
45,28,4,100000,31,0.00031,67,0.00067
45,28,5,100000,34,0.00034,79,0.00079
45,29,0,100000,29,0.00029,72,0.00072
45,29,1,100000,29,0.00029,82,0.00082
45,29,2,100000,23,0.00023,78,0.00078
45,29,3,100000,24,0.00024,64,0.00064
45,29,4,100000,24,0.00024,74,0.00074
45,29,5,100000,22,0.00022,69,0.00069
45,30,0,100000,20,0.0002,68,0.00068
45,30,1,100000,35,0.00035,66,0.00066
45,30,2,100000,28,0.00028,70,0.0007
45,30,3,100000,40,0.0004,79,0.00079
45,30,4,100000,43,0.00043,66,0.00066
45,30,5,100000,29,0.00029,74,0.00074
45,31,0,100000,18,0.00018,62,0.00062
45,31,1,100000,32,0.00032,79,0.00079
45,31,2,100000,33,0.00033,71,0.00071
45,31,3,100000,22,0.00022,62,0.00062
45,31,4,100000,32,0.00032,61,0.00061
45,31,5,100000,22,0.00022,62,0.00062
45,32,0,100000,37,0.00037,81,0.00081
45,32,1,100000,36,0.00036,88,0.00088
45,32,2,100000,28,0.00028,70,0.0007
45,32,3,100000,42,0.00042,73,0.00073
45,32,4,100000,30,0.0003,70,0.0007
45,32,5,100000,18,0.00018,79,0.00079
45,33,0,100000,31,0.00031,78,0.00078
45,33,1,100000,36,0.00036,80,0.0008
45,33,2,100000,17,0.00017,64,0.00064
45,33,3,100000,32,0.00032,64,0.00064
45,33,4,100000,17,0.00017,68,0.00068
45,33,5,100000,22,0.00022,62,0.00062
45,34,0,100000,41,0.00041,70,0.0007
45,34,1,100000,27,0.00027,77,0.00077
45,34,2,100000,35,0.00035,87,0.00087
45,34,3,100000,22,0.00022,57,0.00057
45,34,4,100000,30,0.0003,67,0.00067
45,34,5,100000,21,0.00021,74,0.00074
45,35,0,100000,29,0.00029,80,0.0008
45,35,1,100000,58,0.00058,79,0.00079
45,35,2,100000,13,0.00013,55,0.00055
45,35,3,100000,52,0.00052,79,0.00079
45,35,4,100000,13,0.00013,64,0.00064
45,35,5,100000,31,0.00031,76,0.00076
45,36,0,100000,38,0.00038,86,0.00086
45,36,1,100000,14,0.00014,69,0.00069
45,36,2,100000,19,0.00019,73,0.00073
45,36,3,100000,45,0.00045,74,0.00074
45,36,4,100000,23,0.00023,71,0.00071
45,36,5,100000,22,0.00022,57,0.00057
45,37,0,100000,51,0.00051,84,0.00084
45,37,1,100000,25,0.00025,73,0.00073
45,37,2,100000,36,0.00036,76,0.00076
45,37,3,100000,38,0.00038,84,0.00084
45,37,4,100000,31,0.00031,78,0.00078
45,37,5,100000,39,0.00039,78,0.00078
45,38,0,100000,26,0.00026,57,0.00057
45,38,1,100000,30,0.0003,76,0.00076
45,38,2,100000,34,0.00034,72,0.00072
45,38,3,100000,26,0.00026,63,0.00063
45,38,4,100000,24,0.00024,76,0.00076
45,38,5,100000,37,0.00037,83,0.00083
45,39,0,100000,43,0.00043,82,0.00082
45,39,1,100000,30,0.0003,61,0.00061
45,39,2,100000,21,0.00021,69,0.00069
45,39,3,100000,31,0.00031,77,0.00077
45,39,4,100000,37,0.00037,84,0.00084
45,39,5,100000,34,0.00034,59,0.00059
45,40,0,100000,27,0.00027,63,0.00063
45,40,1,100000,29,0.00029,63,0.00063
45,40,2,100000,52,0.00052,96,0.00096
45,40,3,100000,25,0.00025,76,0.00076
45,40,4,100000,15,0.00015,48,0.00048
45,40,5,100000,33,0.00033,79,0.00079
45,41,0,100000,31,0.00031,90,0.0009
45,41,1,100000,34,0.00034,71,0.00071
45,41,2,100000,28,0.00028,78,0.00078
45,41,3,100000,40,0.0004,86,0.00086
45,41,4,100000,42,0.00042,73,0.00073
45,41,5,100000,44,0.00044,74,0.00074
45,42,0,100000,39,0.00039,81,0.00081
45,42,1,100000,37,0.00037,80,0.0008
45,42,2,100000,17,0.00017,61,0.00061
45,42,3,100000,40,0.0004,78,0.00078
45,42,4,100000,19,0.00019,63,0.00063
45,42,5,100000,32,0.00032,66,0.00066
45,43,0,100000,41,0.00041,70,0.0007
45,43,1,100000,26,0.00026,71,0.00071
45,43,2,100000,17,0.00017,62,0.00062
45,43,3,100000,32,0.00032,72,0.00072
45,43,4,100000,31,0.00031,78,0.00078
45,43,5,100000,39,0.00039,88,0.00088
45,44,0,100000,35,0.00035,68,0.00068
45,44,1,100000,37,0.00037,96,0.00096
45,44,2,100000,31,0.00031,81,0.00081
45,44,3,100000,16,0.00016,80,0.0008
45,44,4,100000,30,0.0003,73,0.00073
45,44,5,100000,20,0.0002,63,0.00063
45,45,0,100000,22,0.00022,68,0.00068
45,45,1,100000,28,0.00028,62,0.00062
45,45,2,100000,29,0.00029,89,0.00089
45,45,3,100000,37,0.00037,65,0.00065
45,45,4,100000,39,0.00039,84,0.00084
45,45,5,100000,39,0.00039,79,0.00079
45,46,0,100000,31,0.00031,76,0.00076
45,46,1,100000,44,0.00044,84,0.00084
45,46,2,100000,20,0.0002,69,0.00069
45,46,3,100000,49,0.00049,70,0.0007
45,46,4,100000,26,0.00026,76,0.00076
45,46,5,100000,34,0.00034,80,0.0008
45,47,0,100000,31,0.00031,70,0.0007
45,47,1,100000,10,0.0001,65,0.00065
45,47,2,100000,17,0.00017,67,0.00067
45,47,3,100000,38,0.00038,75,0.00075
45,47,4,100000,28,0.00028,70,0.0007
45,47,5,100000,24,0.00024,62,0.00062
45,48,0,100000,38,0.00038,65,0.00065
45,48,1,100000,13,0.00013,65,0.00065
45,48,2,100000,26,0.00026,66,0.00066
45,48,3,100000,29,0.00029,63,0.00063
45,48,4,100000,33,0.00033,75,0.00075
45,48,5,100000,25,0.00025,80,0.0008
45,49,0,100000,37,0.00037,81,0.00081
45,49,1,100000,38,0.00038,63,0.00063
45,49,2,100000,28,0.00028,82,0.00082
45,49,3,100000,24,0.00024,69,0.00069
45,49,4,100000,29,0.00029,92,0.00092
45,49,5,100000,19,0.00019,65,0.00065
45,50,0,100000,31,0.00031,65,0.00065
45,50,1,100000,23,0.00023,67,0.00067
45,50,2,100000,28,0.00028,62,0.00062
45,50,3,100000,45,0.00045,78,0.00078
45,50,4,100000,36,0.00036,73,0.00073
45,50,5,100000,32,0.00032,66,0.00066
46,-50,0,100000,16,0.00016,49,0.00049
46,-50,1,100000,17,0.00017,63,0.00063
46,-50,2,100000,25,0.00025,78,0.00078
46,-50,3,100000,37,0.00037,78,0.00078
46,-50,4,100000,22,0.00022,80,0.0008
46,-50,5,100000,30,0.0003,61,0.00061
46,-49,0,100000,36,0.00036,90,0.0009
46,-49,1,100000,29,0.00029,66,0.00066
46,-49,2,100000,17,0.00017,64,0.00064
46,-49,3,100000,16,0.00016,60,0.0006
46,-49,4,100000,24,0.00024,68,0.00068
46,-49,5,100000,42,0.00042,73,0.00073
46,-48,0,100000,19,0.00019,66,0.00066
46,-48,1,100000,31,0.00031,80,0.0008
46,-48,2,100000,32,0.00032,77,0.00077
46,-48,3,100000,33,0.00033,68,0.00068
46,-48,4,100000,34,0.00034,78,0.00078
46,-48,5,100000,22,0.00022,68,0.00068
46,-47,0,100000,18,0.00018,77,0.00077
46,-47,1,100000,35,0.00035,78,0.00078
46,-47,2,100000,42,0.00042,72,0.00072
46,-47,3,100000,40,0.0004,74,0.00074
46,-47,4,100000,22,0.00022,82,0.00082
46,-47,5,100000,31,0.00031,79,0.00079
46,-46,0,100000,24,0.00024,65,0.00065
46,-46,1,100000,23,0.00023,64,0.00064
46,-46,2,100000,26,0.00026,70,0.0007
46,-46,3,100000,37,0.00037,80,0.0008
46,-46,4,100000,10,0.0001,60,0.0006
46,-46,5,100000,16,0.00016,69,0.00069
46,-45,0,100000,27,0.00027,66,0.00066
46,-45,1,100000,25,0.00025,68,0.00068
46,-45,2,100000,19,0.00019,59,0.00059
46,-45,3,100000,24,0.00024,79,0.00079
46,-45,4,100000,31,0.00031,69,0.00069
46,-45,5,100000,33,0.00033,75,0.00075
46,-44,0,100000,29,0.00029,83,0.00083
46,-44,1,100000,18,0.00018,68,0.00068
46,-44,2,100000,25,0.00025,80,0.0008
46,-44,3,100000,27,0.00027,84,0.00084
46,-44,4,100000,20,0.0002,75,0.00075
46,-44,5,100000,55,0.00055,83,0.00083
46,-43,0,100000,32,0.00032,74,0.00074
46,-43,1,100000,25,0.00025,58,0.00058
46,-43,2,100000,24,0.00024,67,0.00067
46,-43,3,100000,34,0.00034,67,0.00067
46,-43,4,100000,32,0.00032,76,0.00076
46,-43,5,100000,45,0.00045,80,0.0008
46,-42,0,100000,28,0.00028,62,0.00062
46,-42,1,100000,19,0.00019,55,0.00055
46,-42,2,100000,35,0.00035,69,0.00069
46,-42,3,100000,32,0.00032,71,0.00071
46,-42,4,100000,21,0.00021,77,0.00077
46,-42,5,100000,19,0.00019,75,0.00075
46,-41,0,100000,35,0.00035,68,0.00068
46,-41,1,100000,25,0.00025,65,0.00065
46,-41,2,100000,33,0.00033,75,0.00075
46,-41,3,100000,42,0.00042,88,0.00088
46,-41,4,100000,34,0.00034,82,0.00082
46,-41,5,100000,27,0.00027,78,0.00078
46,-40,0,100000,23,0.00023,53,0.00053
46,-40,1,100000,39,0.00039,81,0.00081
46,-40,2,100000,47,0.00047,70,0.0007
46,-40,3,100000,34,0.00034,75,0.00075
46,-40,4,100000,27,0.00027,73,0.00073
46,-40,5,100000,33,0.00033,68,0.00068
46,-39,0,100000,18,0.00018,80,0.0008
46,-39,1,100000,42,0.00042,79,0.00079
46,-39,2,100000,18,0.00018,57,0.00057
46,-39,3,100000,57,0.00057,72,0.00072
46,-39,4,100000,22,0.00022,71,0.00071
46,-39,5,100000,44,0.00044,77,0.00077
46,-38,0,100000,20,0.0002,65,0.00065
46,-38,1,100000,46,0.00046,83,0.00083
46,-38,2,100000,13,0.00013,76,0.00076
46,-38,3,100000,41,0.00041,78,0.00078
46,-38,4,100000,29,0.00029,75,0.00075
46,-38,5,100000,21,0.00021,72,0.00072
46,-37,0,100000,17,0.00017,60,0.0006
46,-37,1,100000,35,0.00035,75,0.00075
46,-37,2,100000,15,0.00015,56,0.00056
46,-37,3,100000,20,0.0002,71,0.00071
46,-37,4,100000,47,0.00047,94,0.00094
46,-37,5,100000,46,0.00046,82,0.00082
46,-36,0,100000,30,0.0003,74,0.00074
46,-36,1,100000,25,0.00025,77,0.00077
46,-36,2,100000,31,0.00031,73,0.00073
46,-36,3,100000,31,0.00031,80,0.0008
46,-36,4,100000,37,0.00037,77,0.00077
46,-36,5,100000,40,0.0004,67,0.00067
46,-35,0,100000,34,0.00034,80,0.0008
46,-35,1,100000,37,0.00037,74,0.00074
46,-35,2,100000,19,0.00019,74,0.00074
46,-35,3,100000,28,0.00028,71,0.00071
46,-35,4,100000,27,0.00027,68,0.00068
46,-35,5,100000,13,0.00013,52,0.00052
46,-34,0,100000,29,0.00029,76,0.00076
46,-34,1,100000,31,0.00031,77,0.00077
46,-34,2,100000,26,0.00026,73,0.00073
46,-34,3,100000,27,0.00027,67,0.00067
46,-34,4,100000,18,0.00018,80,0.0008
46,-34,5,100000,56,0.00056,91,0.00091
46,-33,0,100000,46,0.00046,85,0.00085
46,-33,1,100000,30,0.0003,75,0.00075
46,-33,2,100000,34,0.00034,72,0.00072
46,-33,3,100000,30,0.0003,70,0.0007
46,-33,4,100000,44,0.00044,77,0.00077
46,-33,5,100000,28,0.00028,73,0.00073
46,-32,0,100000,27,0.00027,94,0.00094
46,-32,1,100000,25,0.00025,88,0.00088
46,-32,2,100000,30,0.0003,69,0.00069
46,-32,3,100000,35,0.00035,79,0.00079
46,-32,4,100000,49,0.00049,69,0.00069
46,-32,5,100000,53,0.00053,86,0.00086
46,-31,0,100000,30,0.0003,60,0.0006
46,-31,1,100000,30,0.0003,82,0.00082
46,-31,2,100000,46,0.00046,77,0.00077
46,-31,3,100000,20,0.0002,78,0.00078
46,-31,4,100000,31,0.00031,75,0.00075
46,-31,5,100000,31,0.00031,74,0.00074
46,-30,0,100000,32,0.00032,83,0.00083
46,-30,1,100000,25,0.00025,61,0.00061
46,-30,2,100000,29,0.00029,76,0.00076
46,-30,3,100000,34,0.00034,78,0.00078
46,-30,4,100000,38,0.00038,87,0.00087
46,-30,5,100000,32,0.00032,75,0.00075
46,-29,0,100000,38,0.00038,61,0.00061
46,-29,1,100000,30,0.0003,73,0.00073
46,-29,2,100000,42,0.00042,80,0.0008
46,-29,3,100000,24,0.00024,72,0.00072
46,-29,4,100000,18,0.00018,67,0.00067
46,-29,5,100000,12,0.00012,54,0.00054
46,-28,0,100000,9,9e-05,67,0.00067
46,-28,1,100000,29,0.00029,61,0.00061
46,-28,2,100000,41,0.00041,88,0.00088
46,-28,3,100000,46,0.00046,82,0.00082
46,-28,4,100000,19,0.00019,64,0.00064
46,-28,5,100000,21,0.00021,71,0.00071
46,-27,0,100000,28,0.00028,70,0.0007
46,-27,1,100000,18,0.00018,63,0.00063
46,-27,2,100000,29,0.00029,68,0.00068
46,-27,3,100000,32,0.00032,80,0.0008
46,-27,4,100000,22,0.00022,65,0.00065
46,-27,5,100000,24,0.00024,58,0.00058
46,-26,0,100000,38,0.00038,68,0.00068
46,-26,1,100000,22,0.00022,55,0.00055
46,-26,2,100000,32,0.00032,71,0.00071
46,-26,3,100000,29,0.00029,77,0.00077
46,-26,4,100000,13,0.00013,48,0.00048
46,-26,5,100000,23,0.00023,70,0.0007
46,-25,0,100000,32,0.00032,82,0.00082
46,-25,1,100000,34,0.00034,78,0.00078
46,-25,2,100000,40,0.0004,75,0.00075
46,-25,3,100000,26,0.00026,56,0.00056
46,-25,4,100000,30,0.0003,71,0.00071
46,-25,5,100000,26,0.00026,67,0.00067
46,-24,0,100000,17,0.00017,68,0.00068
46,-24,1,100000,15,0.00015,64,0.00064
46,-24,2,100000,18,0.00018,47,0.00047
46,-24,3,100000,22,0.00022,63,0.00063
46,-24,4,100000,34,0.00034,74,0.00074
46,-24,5,100000,26,0.00026,78,0.00078
46,-23,0,100000,33,0.00033,91,0.00091
46,-23,1,100000,15,0.00015,73,0.00073
46,-23,2,100000,22,0.00022,67,0.00067
46,-23,3,100000,12,0.00012,55,0.00055
46,-23,4,100000,47,0.00047,83,0.00083
46,-23,5,100000,37,0.00037,70,0.0007
46,-22,0,100000,31,0.00031,60,0.0006
46,-22,1,100000,21,0.00021,77,0.00077
46,-22,2,100000,49,0.00049,75,0.00075
46,-22,3,100000,31,0.00031,72,0.00072
46,-22,4,100000,23,0.00023,68,0.00068
46,-22,5,100000,22,0.00022,78,0.00078
46,-21,0,100000,35,0.00035,72,0.00072
46,-21,1,100000,35,0.00035,74,0.00074
46,-21,2,100000,45,0.00045,78,0.00078
46,-21,3,100000,30,0.0003,78,0.00078
46,-21,4,100000,20,0.0002,80,0.0008
46,-21,5,100000,38,0.00038,78,0.00078
46,-20,0,100000,35,0.00035,80,0.0008
46,-20,1,100000,38,0.00038,76,0.00076
46,-20,2,100000,45,0.00045,67,0.00067
46,-20,3,100000,18,0.00018,69,0.00069
46,-20,4,100000,37,0.00037,72,0.00072
46,-20,5,100000,37,0.00037,78,0.00078
46,-19,0,100000,29,0.00029,76,0.00076
46,-19,1,100000,26,0.00026,64,0.00064
46,-19,2,100000,35,0.00035,64,0.00064
46,-19,3,100000,17,0.00017,68,0.00068
46,-19,4,100000,34,0.00034,74,0.00074
46,-19,5,100000,47,0.00047,65,0.00065
46,-18,0,100000,23,0.00023,72,0.00072
46,-18,1,100000,30,0.0003,86,0.00086
46,-18,2,100000,21,0.00021,64,0.00064
46,-18,3,100000,29,0.00029,47,0.00047
46,-18,4,100000,37,0.00037,81,0.00081
46,-18,5,100000,20,0.0002,69,0.00069
46,-17,0,100000,34,0.00034,66,0.00066
46,-17,1,100000,25,0.00025,55,0.00055
46,-17,2,100000,26,0.00026,60,0.0006
46,-17,3,100000,29,0.00029,76,0.00076
46,-17,4,100000,36,0.00036,77,0.00077
46,-17,5,100000,25,0.00025,69,0.00069
46,-16,0,100000,47,0.00047,81,0.00081
46,-16,1,100000,48,0.00048,77,0.00077
46,-16,2,100000,29,0.00029,79,0.00079
46,-16,3,100000,36,0.00036,76,0.00076
46,-16,4,100000,19,0.00019,61,0.00061
46,-16,5,100000,25,0.00025,65,0.00065
46,-15,0,100000,47,0.00047,77,0.00077
46,-15,1,100000,17,0.00017,60,0.0006
46,-15,2,100000,19,0.00019,71,0.00071
46,-15,3,100000,21,0.00021,59,0.00059
46,-15,4,100000,18,0.00018,77,0.00077
46,-15,5,100000,26,0.00026,87,0.00087
46,-14,0,100000,36,0.00036,69,0.00069
46,-14,1,100000,21,0.00021,58,0.00058
46,-14,2,100000,24,0.00024,79,0.00079
46,-14,3,100000,23,0.00023,82,0.00082
46,-14,4,100000,33,0.00033,73,0.00073
46,-14,5,100000,19,0.00019,66,0.00066
46,-13,0,100000,48,0.00048,74,0.00074
46,-13,1,100000,35,0.00035,62,0.00062
46,-13,2,100000,33,0.00033,74,0.00074
46,-13,3,100000,23,0.00023,59,0.00059
46,-13,4,100000,43,0.00043,75,0.00075
46,-13,5,100000,35,0.00035,82,0.00082
46,-12,0,100000,40,0.0004,80,0.0008
46,-12,1,100000,29,0.00029,85,0.00085
46,-12,2,100000,19,0.00019,70,0.0007
46,-12,3,100000,46,0.00046,70,0.0007
46,-12,4,100000,25,0.00025,69,0.00069
46,-12,5,100000,49,0.00049,84,0.00084
46,-11,0,100000,26,0.00026,78,0.00078
46,-11,1,100000,22,0.00022,70,0.0007
46,-11,2,100000,21,0.00021,71,0.00071
46,-11,3,100000,53,0.00053,74,0.00074
46,-11,4,100000,39,0.00039,76,0.00076
46,-11,5,100000,41,0.00041,68,0.00068
46,-10,0,100000,28,0.00028,74,0.00074
46,-10,1,100000,34,0.00034,81,0.00081
46,-10,2,100000,55,0.00055,76,0.00076
46,-10,3,100000,26,0.00026,73,0.00073
46,-10,4,100000,41,0.00041,75,0.00075
46,-10,5,100000,23,0.00023,81,0.00081
46,-9,0,100000,36,0.00036,85,0.00085
46,-9,1,100000,27,0.00027,63,0.00063
46,-9,2,100000,18,0.00018,49,0.00049
46,-9,3,100000,18,0.00018,59,0.00059
46,-9,4,100000,20,0.0002,58,0.00058
46,-9,5,100000,28,0.00028,76,0.00076
46,-8,0,100000,28,0.00028,66,0.00066
46,-8,1,100000,47,0.00047,73,0.00073
46,-8,2,100000,16,0.00016,76,0.00076
46,-8,3,100000,40,0.0004,77,0.00077
46,-8,4,100000,23,0.00023,77,0.00077
46,-8,5,100000,31,0.00031,78,0.00078
46,-7,0,100000,30,0.0003,82,0.00082
46,-7,1,100000,32,0.00032,74,0.00074
46,-7,2,100000,35,0.00035,82,0.00082
46,-7,3,100000,33,0.00033,70,0.0007
46,-7,4,100000,43,0.00043,78,0.00078
46,-7,5,100000,48,0.00048,74,0.00074
46,-6,0,100000,29,0.00029,69,0.00069
46,-6,1,100000,51,0.00051,65,0.00065
46,-6,2,100000,38,0.00038,73,0.00073
46,-6,3,100000,19,0.00019,76,0.00076
46,-6,4,100000,19,0.00019,60,0.0006
46,-6,5,100000,23,0.00023,74,0.00074
46,-5,0,100000,29,0.00029,72,0.00072
46,-5,1,100000,29,0.00029,72,0.00072
46,-5,2,100000,31,0.00031,78,0.00078
46,-5,3,100000,35,0.00035,74,0.00074
46,-5,4,100000,35,0.00035,77,0.00077
46,-5,5,100000,35,0.00035,73,0.00073
46,-4,0,100000,26,0.00026,73,0.00073
46,-4,1,100000,26,0.00026,72,0.00072
46,-4,2,100000,46,0.00046,61,0.00061
46,-4,3,100000,43,0.00043,87,0.00087
46,-4,4,100000,45,0.00045,65,0.00065
46,-4,5,100000,28,0.00028,71,0.00071
46,-3,0,100000,37,0.00037,88,0.00088
46,-3,1,100000,16,0.00016,66,0.00066
46,-3,2,100000,26,0.00026,68,0.00068
46,-3,3,100000,24,0.00024,83,0.00083
46,-3,4,100000,19,0.00019,70,0.0007
46,-3,5,100000,23,0.00023,72,0.00072
46,-2,0,100000,17,0.00017,67,0.00067
46,-2,1,100000,32,0.00032,69,0.00069
46,-2,2,100000,28,0.00028,91,0.00091
46,-2,3,100000,16,0.00016,70,0.0007
46,-2,4,100000,36,0.00036,67,0.00067
46,-2,5,100000,18,0.00018,68,0.00068
46,-1,0,100000,37,0.00037,75,0.00075
46,-1,1,100000,12,0.00012,75,0.00075
46,-1,2,100000,21,0.00021,69,0.00069
46,-1,3,100000,20,0.0002,69,0.00069
46,-1,4,100000,32,0.00032,76,0.00076
46,-1,5,100000,22,0.00022,69,0.00069
46,0,0,100000,30,0.0003,77,0.00077
46,0,1,100000,21,0.00021,79,0.00079
46,0,2,100000,21,0.00021,62,0.00062
46,0,3,100000,18,0.00018,72,0.00072
46,0,4,100000,26,0.00026,67,0.00067
46,0,5,100000,31,0.00031,61,0.00061
46,1,0,100000,27,0.00027,73,0.00073
46,1,1,100000,23,0.00023,88,0.00088
46,1,2,100000,30,0.0003,63,0.00063
46,1,3,100000,26,0.00026,80,0.0008
46,1,4,100000,28,0.00028,75,0.00075
46,1,5,100000,46,0.00046,71,0.00071
46,2,0,100000,33,0.00033,73,0.00073
46,2,1,100000,56,0.00056,65,0.00065
46,2,2,100000,25,0.00025,85,0.00085
46,2,3,100000,17,0.00017,64,0.00064
46,2,4,100000,22,0.00022,51,0.00051
46,2,5,100000,34,0.00034,62,0.00062
46,3,0,100000,37,0.00037,89,0.00089
46,3,1,100000,37,0.00037,78,0.00078
46,3,2,100000,36,0.00036,81,0.00081
46,3,3,100000,37,0.00037,78,0.00078
46,3,4,100000,45,0.00045,74,0.00074
46,3,5,100000,37,0.00037,77,0.00077
46,4,0,100000,32,0.00032,82,0.00082
46,4,1,100000,36,0.00036,71,0.00071
46,4,2,100000,30,0.0003,78,0.00078
46,4,3,100000,56,0.00056,79,0.00079
46,4,4,100000,46,0.00046,89,0.00089
46,4,5,100000,42,0.00042,87,0.00087
46,5,0,100000,30,0.0003,64,0.00064
46,5,1,100000,20,0.0002,56,0.00056
46,5,2,100000,22,0.00022,71,0.00071
46,5,3,100000,25,0.00025,66,0.00066
46,5,4,100000,25,0.00025,70,0.0007
46,5,5,100000,37,0.00037,64,0.00064
46,6,0,100000,28,0.00028,73,0.00073
46,6,1,100000,33,0.00033,94,0.00094
46,6,2,100000,27,0.00027,76,0.00076
46,6,3,100000,34,0.00034,84,0.00084
46,6,4,100000,46,0.00046,83,0.00083
46,6,5,100000,26,0.00026,64,0.00064
46,7,0,100000,30,0.0003,66,0.00066
46,7,1,100000,25,0.00025,75,0.00075
46,7,2,100000,18,0.00018,60,0.0006
46,7,3,100000,33,0.00033,72,0.00072
46,7,4,100000,27,0.00027,65,0.00065
46,7,5,100000,21,0.00021,61,0.00061
46,8,0,100000,42,0.00042,88,0.00088
46,8,1,100000,34,0.00034,63,0.00063
46,8,2,100000,27,0.00027,72,0.00072
46,8,3,100000,39,0.00039,65,0.00065
46,8,4,100000,27,0.00027,71,0.00071
46,8,5,100000,50,0.0005,79,0.00079
46,9,0,100000,30,0.0003,71,0.00071
46,9,1,100000,40,0.0004,68,0.00068
46,9,2,100000,31,0.00031,57,0.00057
46,9,3,100000,54,0.00054,72,0.00072
46,9,4,100000,19,0.00019,62,0.00062
46,9,5,100000,14,0.00014,69,0.00069
46,10,0,100000,35,0.00035,87,0.00087
46,10,1,100000,50,0.0005,86,0.00086
46,10,2,100000,48,0.00048,76,0.00076
46,10,3,100000,31,0.00031,69,0.00069
46,10,4,100000,21,0.00021,65,0.00065
46,10,5,100000,48,0.00048,83,0.00083
46,11,0,100000,22,0.00022,64,0.00064
46,11,1,100000,25,0.00025,72,0.00072
46,11,2,100000,27,0.00027,48,0.00048
46,11,3,100000,36,0.00036,78,0.00078
46,11,4,100000,36,0.00036,63,0.00063
46,11,5,100000,22,0.00022,77,0.00077
46,12,0,100000,39,0.00039,80,0.0008
46,12,1,100000,30,0.0003,82,0.00082
46,12,2,100000,26,0.00026,76,0.00076
46,12,3,100000,32,0.00032,73,0.00073
46,12,4,100000,32,0.00032,67,0.00067
46,12,5,100000,38,0.00038,77,0.00077
46,13,0,100000,40,0.0004,78,0.00078
46,13,1,100000,20,0.0002,80,0.0008
46,13,2,100000,38,0.00038,74,0.00074
46,13,3,100000,22,0.00022,69,0.00069
46,13,4,100000,48,0.00048,69,0.00069
46,13,5,100000,24,0.00024,79,0.00079
46,14,0,100000,39,0.00039,61,0.00061
46,14,1,100000,37,0.00037,69,0.00069
46,14,2,100000,35,0.00035,69,0.00069
46,14,3,100000,35,0.00035,76,0.00076
46,14,4,100000,31,0.00031,72,0.00072
46,14,5,100000,24,0.00024,65,0.00065
46,15,0,100000,28,0.00028,68,0.00068
46,15,1,100000,37,0.00037,77,0.00077
46,15,2,100000,29,0.00029,79,0.00079
46,15,3,100000,24,0.00024,73,0.00073
46,15,4,100000,23,0.00023,70,0.0007
46,15,5,100000,11,0.00011,54,0.00054
46,16,0,100000,26,0.00026,59,0.00059
46,16,1,100000,23,0.00023,71,0.00071
46,16,2,100000,26,0.00026,68,0.00068
46,16,3,100000,39,0.00039,67,0.00067
46,16,4,100000,32,0.00032,66,0.00066
46,16,5,100000,12,0.00012,71,0.00071
46,17,0,100000,17,0.00017,58,0.00058
46,17,1,100000,15,0.00015,64,0.00064
46,17,2,100000,33,0.00033,71,0.00071
46,17,3,100000,24,0.00024,76,0.00076
46,17,4,100000,22,0.00022,68,0.00068
46,17,5,100000,18,0.00018,70,0.0007
46,18,0,100000,31,0.00031,59,0.00059
46,18,1,100000,22,0.00022,60,0.0006
46,18,2,100000,26,0.00026,78,0.00078
46,18,3,100000,19,0.00019,65,0.00065
46,18,4,100000,36,0.00036,70,0.0007
46,18,5,100000,24,0.00024,90,0.0009
46,19,0,100000,31,0.00031,67,0.00067
46,19,1,100000,44,0.00044,72,0.00072
46,19,2,100000,36,0.00036,67,0.00067
46,19,3,100000,23,0.00023,68,0.00068
46,19,4,100000,24,0.00024,72,0.00072
46,19,5,100000,29,0.00029,57,0.00057
46,20,0,100000,48,0.00048,91,0.00091
46,20,1,100000,32,0.00032,82,0.00082
46,20,2,100000,17,0.00017,60,0.0006
46,20,3,100000,35,0.00035,66,0.00066
46,20,4,100000,22,0.00022,74,0.00074
46,20,5,100000,58,0.00058,77,0.00077
46,21,0,100000,35,0.00035,75,0.00075
46,21,1,100000,21,0.00021,50,0.0005
46,21,2,100000,41,0.00041,73,0.00073
46,21,3,100000,19,0.00019,65,0.00065
46,21,4,100000,34,0.00034,60,0.0006
46,21,5,100000,20,0.0002,62,0.00062
46,22,0,100000,39,0.00039,74,0.00074
46,22,1,100000,43,0.00043,71,0.00071
46,22,2,100000,24,0.00024,74,0.00074
46,22,3,100000,40,0.0004,70,0.0007
46,22,4,100000,27,0.00027,78,0.00078
46,22,5,100000,44,0.00044,81,0.00081
46,23,0,100000,32,0.00032,67,0.00067
46,23,1,100000,47,0.00047,81,0.00081
46,23,2,100000,25,0.00025,70,0.0007
46,23,3,100000,38,0.00038,64,0.00064
46,23,4,100000,42,0.00042,81,0.00081
46,23,5,100000,30,0.0003,67,0.00067
46,24,0,100000,17,0.00017,75,0.00075
46,24,1,100000,28,0.00028,78,0.00078
46,24,2,100000,18,0.00018,68,0.00068
46,24,3,100000,31,0.00031,88,0.00088
46,24,4,100000,51,0.00051,70,0.0007
46,24,5,100000,32,0.00032,76,0.00076
46,25,0,100000,25,0.00025,53,0.00053
46,25,1,100000,25,0.00025,70,0.0007
46,25,2,100000,19,0.00019,64,0.00064
46,25,3,100000,34,0.00034,86,0.00086
46,25,4,100000,37,0.00037,78,0.00078
46,25,5,100000,38,0.00038,63,0.00063
46,26,0,100000,21,0.00021,85,0.00085
46,26,1,100000,22,0.00022,60,0.0006
46,26,2,100000,22,0.00022,70,0.0007
46,26,3,100000,26,0.00026,68,0.00068
46,26,4,100000,17,0.00017,64,0.00064
46,26,5,100000,30,0.0003,71,0.00071
46,27,0,100000,23,0.00023,61,0.00061
46,27,1,100000,27,0.00027,67,0.00067
46,27,2,100000,38,0.00038,88,0.00088
46,27,3,100000,23,0.00023,79,0.00079
46,27,4,100000,57,0.00057,95,0.00095
46,27,5,100000,54,0.00054,93,0.00093
46,28,0,100000,36,0.00036,65,0.00065
46,28,1,100000,10,0.0001,59,0.00059
46,28,2,100000,38,0.00038,76,0.00076
46,28,3,100000,25,0.00025,66,0.00066
46,28,4,100000,23,0.00023,68,0.00068
46,28,5,100000,35,0.00035,80,0.0008
46,29,0,100000,39,0.00039,64,0.00064
46,29,1,100000,41,0.00041,67,0.00067
46,29,2,100000,40,0.0004,73,0.00073
46,29,3,100000,26,0.00026,64,0.00064
46,29,4,100000,30,0.0003,72,0.00072
46,29,5,100000,29,0.00029,70,0.0007
46,30,0,100000,31,0.00031,62,0.00062
46,30,1,100000,33,0.00033,70,0.0007
46,30,2,100000,40,0.0004,88,0.00088
46,30,3,100000,21,0.00021,79,0.00079
46,30,4,100000,25,0.00025,70,0.0007
46,30,5,100000,34,0.00034,72,0.00072
46,31,0,100000,23,0.00023,71,0.00071
46,31,1,100000,46,0.00046,92,0.00092
46,31,2,100000,45,0.00045,84,0.00084
46,31,3,100000,20,0.0002,79,0.00079
46,31,4,100000,12,0.00012,61,0.00061
46,31,5,100000,20,0.0002,79,0.00079
46,32,0,100000,14,0.00014,64,0.00064
46,32,1,100000,36,0.00036,86,0.00086
46,32,2,100000,22,0.00022,74,0.00074
46,32,3,100000,23,0.00023,75,0.00075
46,32,4,100000,34,0.00034,69,0.00069
46,32,5,100000,30,0.0003,65,0.00065
46,33,0,100000,26,0.00026,69,0.00069
46,33,1,100000,26,0.00026,63,0.00063
46,33,2,100000,34,0.00034,58,0.00058
46,33,3,100000,22,0.00022,58,0.00058
46,33,4,100000,23,0.00023,63,0.00063
46,33,5,100000,22,0.00022,74,0.00074
46,34,0,100000,31,0.00031,67,0.00067
46,34,1,100000,24,0.00024,66,0.00066
46,34,2,100000,21,0.00021,69,0.00069
46,34,3,100000,28,0.00028,71,0.00071
46,34,4,100000,37,0.00037,83,0.00083
46,34,5,100000,12,0.00012,62,0.00062
46,35,0,100000,33,0.00033,77,0.00077
46,35,1,100000,31,0.00031,93,0.00093
46,35,2,100000,22,0.00022,81,0.00081
46,35,3,100000,30,0.0003,70,0.0007
46,35,4,100000,43,0.00043,84,0.00084
46,35,5,100000,7,7e-05,57,0.00057
46,36,0,100000,52,0.00052,86,0.00086
46,36,1,100000,21,0.00021,69,0.00069
46,36,2,100000,15,0.00015,74,0.00074
46,36,3,100000,20,0.0002,57,0.00057
46,36,4,100000,38,0.00038,75,0.00075
46,36,5,100000,16,0.00016,66,0.00066
46,37,0,100000,32,0.00032,65,0.00065
46,37,1,100000,34,0.00034,76,0.00076
46,37,2,100000,45,0.00045,81,0.00081
46,37,3,100000,21,0.00021,59,0.00059
46,37,4,100000,23,0.00023,82,0.00082
46,37,5,100000,26,0.00026,71,0.00071
46,38,0,100000,37,0.00037,72,0.00072
46,38,1,100000,42,0.00042,87,0.00087
46,38,2,100000,27,0.00027,85,0.00085
46,38,3,100000,52,0.00052,83,0.00083
46,38,4,100000,42,0.00042,78,0.00078
46,38,5,100000,31,0.00031,76,0.00076
46,39,0,100000,23,0.00023,83,0.00083
46,39,1,100000,48,0.00048,63,0.00063
46,39,2,100000,42,0.00042,76,0.00076
46,39,3,100000,30,0.0003,73,0.00073
46,39,4,100000,15,0.00015,77,0.00077
46,39,5,100000,38,0.00038,73,0.00073
46,40,0,100000,30,0.0003,75,0.00075
46,40,1,100000,24,0.00024,80,0.0008
46,40,2,100000,16,0.00016,69,0.00069
46,40,3,100000,25,0.00025,75,0.00075
46,40,4,100000,13,0.00013,81,0.00081
46,40,5,100000,20,0.0002,53,0.00053
46,41,0,100000,34,0.00034,80,0.0008
46,41,1,100000,20,0.0002,68,0.00068
46,41,2,100000,38,0.00038,74,0.00074
46,41,3,100000,31,0.00031,71,0.00071
46,41,4,100000,33,0.00033,69,0.00069
46,41,5,100000,23,0.00023,61,0.00061
46,42,0,100000,39,0.00039,79,0.00079
46,42,1,100000,39,0.00039,69,0.00069
46,42,2,100000,33,0.00033,82,0.00082
46,42,3,100000,26,0.00026,64,0.00064
46,42,4,100000,42,0.00042,87,0.00087
46,42,5,100000,20,0.0002,74,0.00074
46,43,0,100000,45,0.00045,82,0.00082
46,43,1,100000,38,0.00038,85,0.00085
46,43,2,100000,24,0.00024,77,0.00077
46,43,3,100000,20,0.0002,67,0.00067
46,43,4,100000,51,0.00051,72,0.00072
46,43,5,100000,19,0.00019,63,0.00063
46,44,0,100000,25,0.00025,67,0.00067
46,44,1,100000,40,0.0004,71,0.00071
46,44,2,100000,21,0.00021,77,0.00077
46,44,3,100000,33,0.00033,86,0.00086
46,44,4,100000,20,0.0002,72,0.00072
46,44,5,100000,39,0.00039,86,0.00086
46,45,0,100000,18,0.00018,55,0.00055
46,45,1,100000,24,0.00024,81,0.00081
46,45,2,100000,31,0.00031,77,0.00077
46,45,3,100000,35,0.00035,75,0.00075
46,45,4,100000,25,0.00025,62,0.00062
46,45,5,100000,36,0.00036,69,0.00069
46,46,0,100000,31,0.00031,71,0.00071
46,46,1,100000,35,0.00035,82,0.00082
46,46,2,100000,24,0.00024,84,0.00084
46,46,3,100000,40,0.0004,81,0.00081
46,46,4,100000,30,0.0003,85,0.00085
46,46,5,100000,20,0.0002,72,0.00072
46,47,0,100000,38,0.00038,65,0.00065
46,47,1,100000,29,0.00029,79,0.00079
46,47,2,100000,28,0.00028,97,0.00097
46,47,3,100000,30,0.0003,50,0.0005
46,47,4,100000,19,0.00019,75,0.00075
46,47,5,100000,29,0.00029,61,0.00061
46,48,0,100000,45,0.00045,75,0.00075
46,48,1,100000,42,0.00042,79,0.00079
46,48,2,100000,19,0.00019,69,0.00069
46,48,3,100000,35,0.00035,79,0.00079
46,48,4,100000,25,0.00025,52,0.00052
46,48,5,100000,42,0.00042,73,0.00073
46,49,0,100000,28,0.00028,85,0.00085
46,49,1,100000,66,0.00066,92,0.00092
46,49,2,100000,39,0.00039,95,0.00095
46,49,3,100000,45,0.00045,75,0.00075
46,49,4,100000,36,0.00036,84,0.00084
46,49,5,100000,35,0.00035,72,0.00072
46,50,0,100000,24,0.00024,63,0.00063
46,50,1,100000,21,0.00021,64,0.00064
46,50,2,100000,25,0.00025,72,0.00072
46,50,3,100000,28,0.00028,80,0.0008
46,50,4,100000,28,0.00028,71,0.00071
46,50,5,100000,13,0.00013,66,0.00066
47,-50,0,100000,26,0.00026,65,0.00065
47,-50,1,100000,21,0.00021,70,0.0007
47,-50,2,100000,37,0.00037,81,0.00081
47,-50,3,100000,21,0.00021,80,0.0008
47,-50,4,100000,24,0.00024,66,0.00066
47,-50,5,100000,32,0.00032,80,0.0008
47,-49,0,100000,24,0.00024,56,0.00056
47,-49,1,100000,26,0.00026,73,0.00073
47,-49,2,100000,33,0.00033,60,0.0006
47,-49,3,100000,44,0.00044,70,0.0007
47,-49,4,100000,31,0.00031,76,0.00076
47,-49,5,100000,58,0.00058,77,0.00077
47,-48,0,100000,13,0.00013,66,0.00066
47,-48,1,100000,22,0.00022,65,0.00065
47,-48,2,100000,32,0.00032,65,0.00065
47,-48,3,100000,29,0.00029,79,0.00079
47,-48,4,100000,21,0.00021,60,0.0006
47,-48,5,100000,47,0.00047,79,0.00079
47,-47,0,100000,45,0.00045,59,0.00059
47,-47,1,100000,24,0.00024,70,0.0007
47,-47,2,100000,54,0.00054,81,0.00081
47,-47,3,100000,24,0.00024,84,0.00084
47,-47,4,100000,13,0.00013,62,0.00062
47,-47,5,100000,14,0.00014,60,0.0006
47,-46,0,100000,34,0.00034,79,0.00079
47,-46,1,100000,24,0.00024,86,0.00086
47,-46,2,100000,32,0.00032,76,0.00076
47,-46,3,100000,23,0.00023,63,0.00063
47,-46,4,100000,45,0.00045,79,0.00079
47,-46,5,100000,32,0.00032,86,0.00086
47,-45,0,100000,43,0.00043,76,0.00076
47,-45,1,100000,15,0.00015,54,0.00054
47,-45,2,100000,32,0.00032,73,0.00073
47,-45,3,100000,36,0.00036,76,0.00076
47,-45,4,100000,18,0.00018,84,0.00084
47,-45,5,100000,26,0.00026,67,0.00067
47,-44,0,100000,35,0.00035,74,0.00074
47,-44,1,100000,33,0.00033,73,0.00073
47,-44,2,100000,37,0.00037,79,0.00079
47,-44,3,100000,32,0.00032,65,0.00065
47,-44,4,100000,29,0.00029,67,0.00067
47,-44,5,100000,24,0.00024,61,0.00061
47,-43,0,100000,42,0.00042,72,0.00072
47,-43,1,100000,31,0.00031,76,0.00076
47,-43,2,100000,21,0.00021,74,0.00074
47,-43,3,100000,49,0.00049,79,0.00079
47,-43,4,100000,38,0.00038,85,0.00085
47,-43,5,100000,37,0.00037,66,0.00066
47,-42,0,100000,39,0.00039,80,0.0008
47,-42,1,100000,29,0.00029,60,0.0006
47,-42,2,100000,22,0.00022,73,0.00073
47,-42,3,100000,40,0.0004,72,0.00072
47,-42,4,100000,27,0.00027,58,0.00058
47,-42,5,100000,23,0.00023,61,0.00061
47,-41,0,100000,31,0.00031,78,0.00078
47,-41,1,100000,29,0.00029,78,0.00078
47,-41,2,100000,22,0.00022,60,0.0006
47,-41,3,100000,27,0.00027,79,0.00079
47,-41,4,100000,37,0.00037,80,0.0008
47,-41,5,100000,26,0.00026,64,0.00064
47,-40,0,100000,11,0.00011,61,0.00061
47,-40,1,100000,61,0.00061,66,0.00066
47,-40,2,100000,34,0.00034,88,0.00088
47,-40,3,100000,20,0.0002,74,0.00074
47,-40,4,100000,52,0.00052,68,0.00068
47,-40,5,100000,33,0.00033,73,0.00073
47,-39,0,100000,36,0.00036,68,0.00068
47,-39,1,100000,48,0.00048,67,0.00067
47,-39,2,100000,37,0.00037,79,0.00079
47,-39,3,100000,33,0.00033,84,0.00084
47,-39,4,100000,36,0.00036,88,0.00088
47,-39,5,100000,36,0.00036,69,0.00069
47,-38,0,100000,36,0.00036,80,0.0008
47,-38,1,100000,26,0.00026,71,0.00071
47,-38,2,100000,27,0.00027,75,0.00075
47,-38,3,100000,28,0.00028,63,0.00063
47,-38,4,100000,55,0.00055,79,0.00079
47,-38,5,100000,18,0.00018,57,0.00057
47,-37,0,100000,9,9e-05,53,0.00053
47,-37,1,100000,36,0.00036,72,0.00072
47,-37,2,100000,19,0.00019,69,0.00069
47,-37,3,100000,14,0.00014,68,0.00068
47,-37,4,100000,40,0.0004,91,0.00091
47,-37,5,100000,44,0.00044,86,0.00086
47,-36,0,100000,32,0.00032,92,0.00092
47,-36,1,100000,20,0.0002,70,0.0007
47,-36,2,100000,36,0.00036,68,0.00068
47,-36,3,100000,22,0.00022,65,0.00065
47,-36,4,100000,53,0.00053,70,0.0007
47,-36,5,100000,34,0.00034,69,0.00069
47,-35,0,100000,30,0.0003,95,0.00095
47,-35,1,100000,32,0.00032,72,0.00072
47,-35,2,100000,30,0.0003,73,0.00073
47,-35,3,100000,50,0.0005,63,0.00063
47,-35,4,100000,36,0.00036,86,0.00086
47,-35,5,100000,25,0.00025,61,0.00061
47,-34,0,100000,26,0.00026,70,0.0007
47,-34,1,100000,20,0.0002,75,0.00075
47,-34,2,100000,36,0.00036,74,0.00074
47,-34,3,100000,32,0.00032,74,0.00074
47,-34,4,100000,46,0.00046,88,0.00088
47,-34,5,100000,19,0.00019,75,0.00075
47,-33,0,100000,23,0.00023,62,0.00062
47,-33,1,100000,26,0.00026,65,0.00065
47,-33,2,100000,21,0.00021,66,0.00066
47,-33,3,100000,21,0.00021,70,0.0007
47,-33,4,100000,19,0.00019,74,0.00074
47,-33,5,100000,35,0.00035,57,0.00057
47,-32,0,100000,37,0.00037,67,0.00067
47,-32,1,100000,48,0.00048,75,0.00075
47,-32,2,100000,27,0.00027,50,0.0005
47,-32,3,100000,30,0.0003,77,0.00077
47,-32,4,100000,20,0.0002,68,0.00068
47,-32,5,100000,17,0.00017,71,0.00071
47,-31,0,100000,31,0.00031,70,0.0007
47,-31,1,100000,28,0.00028,67,0.00067
47,-31,2,100000,25,0.00025,69,0.00069
47,-31,3,100000,26,0.00026,66,0.00066
47,-31,4,100000,46,0.00046,77,0.00077
47,-31,5,100000,37,0.00037,59,0.00059
47,-30,0,100000,26,0.00026,67,0.00067
47,-30,1,100000,39,0.00039,72,0.00072
47,-30,2,100000,28,0.00028,70,0.0007
47,-30,3,100000,32,0.00032,76,0.00076
47,-30,4,100000,44,0.00044,68,0.00068
47,-30,5,100000,18,0.00018,73,0.00073
47,-29,0,100000,18,0.00018,69,0.00069
47,-29,1,100000,37,0.00037,67,0.00067
47,-29,2,100000,28,0.00028,74,0.00074
47,-29,3,100000,22,0.00022,69,0.00069
47,-29,4,100000,29,0.00029,77,0.00077
47,-29,5,100000,35,0.00035,67,0.00067
47,-28,0,100000,38,0.00038,84,0.00084
47,-28,1,100000,35,0.00035,75,0.00075
47,-28,2,100000,57,0.00057,84,0.00084
47,-28,3,100000,28,0.00028,65,0.00065
47,-28,4,100000,35,0.00035,85,0.00085
47,-28,5,100000,25,0.00025,68,0.00068
47,-27,0,100000,16,0.00016,75,0.00075
47,-27,1,100000,37,0.00037,62,0.00062
47,-27,2,100000,23,0.00023,70,0.0007
47,-27,3,100000,28,0.00028,62,0.00062
47,-27,4,100000,12,0.00012,72,0.00072
47,-27,5,100000,33,0.00033,70,0.0007
47,-26,0,100000,30,0.0003,66,0.00066
47,-26,1,100000,38,0.00038,81,0.00081
47,-26,2,100000,30,0.0003,73,0.00073
47,-26,3,100000,31,0.00031,79,0.00079
47,-26,4,100000,27,0.00027,81,0.00081
47,-26,5,100000,45,0.00045,97,0.00097
47,-25,0,100000,37,0.00037,88,0.00088
47,-25,1,100000,30,0.0003,65,0.00065
47,-25,2,100000,10,0.0001,67,0.00067
47,-25,3,100000,29,0.00029,82,0.00082
47,-25,4,100000,33,0.00033,85,0.00085
47,-25,5,100000,38,0.00038,76,0.00076
47,-24,0,100000,31,0.00031,82,0.00082
47,-24,1,100000,22,0.00022,73,0.00073
47,-24,2,100000,21,0.00021,65,0.00065
47,-24,3,100000,56,0.00056,74,0.00074
47,-24,4,100000,51,0.00051,85,0.00085
47,-24,5,100000,33,0.00033,75,0.00075
47,-23,0,100000,14,0.00014,62,0.00062
47,-23,1,100000,25,0.00025,72,0.00072
47,-23,2,100000,34,0.00034,72,0.00072
47,-23,3,100000,11,0.00011,66,0.00066
47,-23,4,100000,34,0.00034,85,0.00085
47,-23,5,100000,28,0.00028,69,0.00069
47,-22,0,100000,44,0.00044,86,0.00086
47,-22,1,100000,19,0.00019,58,0.00058
47,-22,2,100000,33,0.00033,67,0.00067
47,-22,3,100000,47,0.00047,64,0.00064
47,-22,4,100000,33,0.00033,69,0.00069
47,-22,5,100000,17,0.00017,79,0.00079
47,-21,0,100000,38,0.00038,78,0.00078
47,-21,1,100000,38,0.00038,91,0.00091
47,-21,2,100000,30,0.0003,82,0.00082
47,-21,3,100000,36,0.00036,79,0.00079
47,-21,4,100000,32,0.00032,74,0.00074
47,-21,5,100000,37,0.00037,89,0.00089
47,-20,0,100000,13,0.00013,65,0.00065
47,-20,1,100000,35,0.00035,82,0.00082
47,-20,2,100000,33,0.00033,58,0.00058
47,-20,3,100000,39,0.00039,83,0.00083
47,-20,4,100000,20,0.0002,68,0.00068
47,-20,5,100000,34,0.00034,71,0.00071
47,-19,0,100000,19,0.00019,68,0.00068
47,-19,1,100000,41,0.00041,82,0.00082
47,-19,2,100000,29,0.00029,71,0.00071
47,-19,3,100000,29,0.00029,79,0.00079
47,-19,4,100000,30,0.0003,75,0.00075
47,-19,5,100000,22,0.00022,70,0.0007
47,-18,0,100000,34,0.00034,68,0.00068
47,-18,1,100000,28,0.00028,77,0.00077
47,-18,2,100000,28,0.00028,62,0.00062
47,-18,3,100000,29,0.00029,69,0.00069
47,-18,4,100000,27,0.00027,55,0.00055
47,-18,5,100000,43,0.00043,84,0.00084
47,-17,0,100000,30,0.0003,67,0.00067
47,-17,1,100000,31,0.00031,75,0.00075
47,-17,2,100000,38,0.00038,68,0.00068
47,-17,3,100000,25,0.00025,75,0.00075
47,-17,4,100000,36,0.00036,67,0.00067
47,-17,5,100000,32,0.00032,76,0.00076
47,-16,0,100000,34,0.00034,81,0.00081
47,-16,1,100000,17,0.00017,77,0.00077
47,-16,2,100000,37,0.00037,78,0.00078
47,-16,3,100000,24,0.00024,72,0.00072
47,-16,4,100000,21,0.00021,72,0.00072
47,-16,5,100000,44,0.00044,67,0.00067
47,-15,0,100000,34,0.00034,83,0.00083
47,-15,1,100000,24,0.00024,58,0.00058
47,-15,2,100000,34,0.00034,78,0.00078
47,-15,3,100000,27,0.00027,66,0.00066
47,-15,4,100000,20,0.0002,62,0.00062
47,-15,5,100000,28,0.00028,72,0.00072
47,-14,0,100000,27,0.00027,65,0.00065
47,-14,1,100000,25,0.00025,68,0.00068
47,-14,2,100000,6,6e-05,56,0.00056
47,-14,3,100000,36,0.00036,66,0.00066
47,-14,4,100000,32,0.00032,80,0.0008
47,-14,5,100000,33,0.00033,74,0.00074
47,-13,0,100000,23,0.00023,61,0.00061
47,-13,1,100000,26,0.00026,50,0.0005
47,-13,2,100000,24,0.00024,79,0.00079
47,-13,3,100000,18,0.00018,63,0.00063
47,-13,4,100000,33,0.00033,80,0.0008
47,-13,5,100000,24,0.00024,68,0.00068
47,-12,0,100000,31,0.00031,78,0.00078
47,-12,1,100000,36,0.00036,72,0.00072
47,-12,2,100000,15,0.00015,68,0.00068
47,-12,3,100000,14,0.00014,71,0.00071
47,-12,4,100000,36,0.00036,83,0.00083
47,-12,5,100000,33,0.00033,58,0.00058
47,-11,0,100000,28,0.00028,69,0.00069
47,-11,1,100000,23,0.00023,78,0.00078
47,-11,2,100000,44,0.00044,75,0.00075
47,-11,3,100000,13,0.00013,54,0.00054
47,-11,4,100000,27,0.00027,75,0.00075
47,-11,5,100000,16,0.00016,66,0.00066
47,-10,0,100000,30,0.0003,80,0.0008
47,-10,1,100000,31,0.00031,72,0.00072
47,-10,2,100000,23,0.00023,66,0.00066
47,-10,3,100000,41,0.00041,79,0.00079
47,-10,4,100000,48,0.00048,70,0.0007
47,-10,5,100000,28,0.00028,75,0.00075
47,-9,0,100000,35,0.00035,79,0.00079
47,-9,1,100000,29,0.00029,81,0.00081
47,-9,2,100000,18,0.00018,76,0.00076
47,-9,3,100000,28,0.00028,75,0.00075
47,-9,4,100000,31,0.00031,55,0.00055
47,-9,5,100000,29,0.00029,61,0.00061
47,-8,0,100000,36,0.00036,71,0.00071
47,-8,1,100000,19,0.00019,61,0.00061
47,-8,2,100000,34,0.00034,75,0.00075
47,-8,3,100000,28,0.00028,67,0.00067
47,-8,4,100000,41,0.00041,76,0.00076
47,-8,5,100000,44,0.00044,71,0.00071
47,-7,0,100000,27,0.00027,93,0.00093
47,-7,1,100000,23,0.00023,84,0.00084
47,-7,2,100000,46,0.00046,71,0.00071
47,-7,3,100000,28,0.00028,74,0.00074
47,-7,4,100000,29,0.00029,71,0.00071
47,-7,5,100000,25,0.00025,60,0.0006
47,-6,0,100000,30,0.0003,74,0.00074
47,-6,1,100000,24,0.00024,70,0.0007
47,-6,2,100000,22,0.00022,87,0.00087
47,-6,3,100000,30,0.0003,81,0.00081
47,-6,4,100000,33,0.00033,72,0.00072
47,-6,5,100000,20,0.0002,61,0.00061
47,-5,0,100000,31,0.00031,73,0.00073
47,-5,1,100000,36,0.00036,82,0.00082
47,-5,2,100000,19,0.00019,76,0.00076
47,-5,3,100000,18,0.00018,77,0.00077
47,-5,4,100000,30,0.0003,61,0.00061
47,-5,5,100000,22,0.00022,64,0.00064
47,-4,0,100000,26,0.00026,77,0.00077
47,-4,1,100000,46,0.00046,71,0.00071
47,-4,2,100000,31,0.00031,67,0.00067
47,-4,3,100000,16,0.00016,68,0.00068
47,-4,4,100000,25,0.00025,65,0.00065
47,-4,5,100000,28,0.00028,69,0.00069
47,-3,0,100000,21,0.00021,72,0.00072
47,-3,1,100000,24,0.00024,84,0.00084
47,-3,2,100000,37,0.00037,84,0.00084
47,-3,3,100000,18,0.00018,63,0.00063
47,-3,4,100000,34,0.00034,68,0.00068
47,-3,5,100000,29,0.00029,76,0.00076
47,-2,0,100000,57,0.00057,96,0.00096
47,-2,1,100000,19,0.00019,60,0.0006
47,-2,2,100000,22,0.00022,90,0.0009
47,-2,3,100000,30,0.0003,88,0.00088
47,-2,4,100000,26,0.00026,65,0.00065
47,-2,5,100000,21,0.00021,73,0.00073
47,-1,0,100000,22,0.00022,75,0.00075
47,-1,1,100000,28,0.00028,68,0.00068
47,-1,2,100000,29,0.00029,65,0.00065
47,-1,3,100000,37,0.00037,78,0.00078
47,-1,4,100000,34,0.00034,71,0.00071
47,-1,5,100000,37,0.00037,84,0.00084
47,0,0,100000,37,0.00037,80,0.0008
47,0,1,100000,21,0.00021,80,0.0008
47,0,2,100000,32,0.00032,61,0.00061
47,0,3,100000,42,0.00042,82,0.00082
47,0,4,100000,27,0.00027,71,0.00071
47,0,5,100000,33,0.00033,71,0.00071
47,1,0,100000,20,0.0002,75,0.00075
47,1,1,100000,28,0.00028,78,0.00078
47,1,2,100000,43,0.00043,74,0.00074
47,1,3,100000,26,0.00026,74,0.00074
47,1,4,100000,24,0.00024,65,0.00065
47,1,5,100000,31,0.00031,59,0.00059
47,2,0,100000,35,0.00035,67,0.00067
47,2,1,100000,31,0.00031,72,0.00072
47,2,2,100000,26,0.00026,74,0.00074
47,2,3,100000,28,0.00028,72,0.00072
47,2,4,100000,34,0.00034,66,0.00066
47,2,5,100000,28,0.00028,55,0.00055
47,3,0,100000,23,0.00023,61,0.00061
47,3,1,100000,31,0.00031,57,0.00057
47,3,2,100000,23,0.00023,62,0.00062
47,3,3,100000,21,0.00021,64,0.00064
47,3,4,100000,31,0.00031,63,0.00063
47,3,5,100000,34,0.00034,78,0.00078
47,4,0,100000,24,0.00024,64,0.00064
47,4,1,100000,29,0.00029,70,0.0007
47,4,2,100000,31,0.00031,68,0.00068
47,4,3,100000,21,0.00021,52,0.00052
47,4,4,100000,28,0.00028,73,0.00073
47,4,5,100000,36,0.00036,67,0.00067
47,5,0,100000,23,0.00023,73,0.00073
47,5,1,100000,35,0.00035,77,0.00077
47,5,2,100000,35,0.00035,94,0.00094
47,5,3,100000,14,0.00014,55,0.00055
47,5,4,100000,28,0.00028,75,0.00075
47,5,5,100000,41,0.00041,76,0.00076
47,6,0,100000,51,0.00051,71,0.00071
47,6,1,100000,36,0.00036,76,0.00076
47,6,2,100000,35,0.00035,74,0.00074
47,6,3,100000,37,0.00037,80,0.0008
47,6,4,100000,40,0.0004,86,0.00086
47,6,5,100000,23,0.00023,61,0.00061
47,7,0,100000,18,0.00018,75,0.00075
47,7,1,100000,38,0.00038,76,0.00076
47,7,2,100000,31,0.00031,67,0.00067
47,7,3,100000,33,0.00033,86,0.00086
47,7,4,100000,35,0.00035,83,0.00083
47,7,5,100000,21,0.00021,69,0.00069
47,8,0,100000,17,0.00017,53,0.00053
47,8,1,100000,38,0.00038,76,0.00076
47,8,2,100000,44,0.00044,67,0.00067
47,8,3,100000,18,0.00018,76,0.00076
47,8,4,100000,34,0.00034,76,0.00076
47,8,5,100000,21,0.00021,54,0.00054
47,9,0,100000,34,0.00034,77,0.00077
47,9,1,100000,27,0.00027,88,0.00088
47,9,2,100000,45,0.00045,82,0.00082
47,9,3,100000,9,9e-05,48,0.00048
47,9,4,100000,48,0.00048,85,0.00085
47,9,5,100000,43,0.00043,85,0.00085
47,10,0,100000,29,0.00029,81,0.00081
47,10,1,100000,22,0.00022,68,0.00068
47,10,2,100000,14,0.00014,57,0.00057
47,10,3,100000,40,0.0004,81,0.00081
47,10,4,100000,25,0.00025,60,0.0006
47,10,5,100000,30,0.0003,83,0.00083
47,11,0,100000,33,0.00033,77,0.00077
47,11,1,100000,36,0.00036,61,0.00061
47,11,2,100000,24,0.00024,73,0.00073
47,11,3,100000,40,0.0004,67,0.00067
47,11,4,100000,30,0.0003,71,0.00071
47,11,5,100000,38,0.00038,78,0.00078
47,12,0,100000,33,0.00033,82,0.00082
47,12,1,100000,15,0.00015,59,0.00059
47,12,2,100000,22,0.00022,52,0.00052
47,12,3,100000,17,0.00017,71,0.00071
47,12,4,100000,29,0.00029,72,0.00072
47,12,5,100000,15,0.00015,69,0.00069
47,13,0,100000,18,0.00018,69,0.00069
47,13,1,100000,22,0.00022,78,0.00078
47,13,2,100000,18,0.00018,74,0.00074
47,13,3,100000,38,0.00038,73,0.00073
47,13,4,100000,23,0.00023,65,0.00065
47,13,5,100000,43,0.00043,75,0.00075
47,14,0,100000,20,0.0002,67,0.00067
47,14,1,100000,21,0.00021,58,0.00058
47,14,2,100000,38,0.00038,79,0.00079
47,14,3,100000,29,0.00029,70,0.0007
47,14,4,100000,38,0.00038,72,0.00072
47,14,5,100000,17,0.00017,70,0.0007
47,15,0,100000,29,0.00029,93,0.00093
47,15,1,100000,32,0.00032,70,0.0007
47,15,2,100000,31,0.00031,69,0.00069
47,15,3,100000,31,0.00031,68,0.00068
47,15,4,100000,19,0.00019,65,0.00065
47,15,5,100000,33,0.00033,83,0.00083
47,16,0,100000,54,0.00054,71,0.00071
47,16,1,100000,40,0.0004,68,0.00068
47,16,2,100000,53,0.00053,74,0.00074
47,16,3,100000,19,0.00019,78,0.00078
47,16,4,100000,33,0.00033,82,0.00082
47,16,5,100000,33,0.00033,83,0.00083
47,17,0,100000,22,0.00022,67,0.00067
47,17,1,100000,28,0.00028,64,0.00064
47,17,2,100000,19,0.00019,69,0.00069
47,17,3,100000,27,0.00027,72,0.00072
47,17,4,100000,24,0.00024,46,0.00046
47,17,5,100000,29,0.00029,63,0.00063
47,18,0,100000,41,0.00041,78,0.00078
47,18,1,100000,30,0.0003,64,0.00064
47,18,2,100000,45,0.00045,73,0.00073
47,18,3,100000,20,0.0002,73,0.00073
47,18,4,100000,23,0.00023,62,0.00062
47,18,5,100000,14,0.00014,65,0.00065
47,19,0,100000,44,0.00044,87,0.00087
47,19,1,100000,30,0.0003,79,0.00079
47,19,2,100000,24,0.00024,70,0.0007
47,19,3,100000,28,0.00028,72,0.00072
47,19,4,100000,27,0.00027,93,0.00093
47,19,5,100000,31,0.00031,79,0.00079
47,20,0,100000,47,0.00047,76,0.00076
47,20,1,100000,45,0.00045,72,0.00072
47,20,2,100000,35,0.00035,65,0.00065
47,20,3,100000,34,0.00034,73,0.00073
47,20,4,100000,39,0.00039,90,0.0009
47,20,5,100000,35,0.00035,74,0.00074
47,21,0,100000,38,0.00038,75,0.00075
47,21,1,100000,27,0.00027,75,0.00075
47,21,2,100000,22,0.00022,65,0.00065
47,21,3,100000,29,0.00029,62,0.00062
47,21,4,100000,23,0.00023,63,0.00063
47,21,5,100000,20,0.0002,77,0.00077
47,22,0,100000,55,0.00055,89,0.00089
47,22,1,100000,41,0.00041,69,0.00069
47,22,2,100000,37,0.00037,74,0.00074
47,22,3,100000,18,0.00018,74,0.00074
47,22,4,100000,33,0.00033,74,0.00074
47,22,5,100000,34,0.00034,79,0.00079
47,23,0,100000,13,0.00013,68,0.00068
47,23,1,100000,42,0.00042,73,0.00073
47,23,2,100000,34,0.00034,89,0.00089
47,23,3,100000,35,0.00035,76,0.00076
47,23,4,100000,21,0.00021,64,0.00064
47,23,5,100000,36,0.00036,72,0.00072
47,24,0,100000,23,0.00023,85,0.00085
47,24,1,100000,24,0.00024,69,0.00069
47,24,2,100000,41,0.00041,82,0.00082
47,24,3,100000,27,0.00027,68,0.00068
47,24,4,100000,30,0.0003,80,0.0008
47,24,5,100000,33,0.00033,77,0.00077
47,25,0,100000,34,0.00034,82,0.00082
47,25,1,100000,28,0.00028,70,0.0007
47,25,2,100000,37,0.00037,61,0.00061
47,25,3,100000,28,0.00028,69,0.00069
47,25,4,100000,49,0.00049,80,0.0008
47,25,5,100000,16,0.00016,59,0.00059
47,26,0,100000,33,0.00033,74,0.00074
47,26,1,100000,40,0.0004,61,0.00061
47,26,2,100000,25,0.00025,74,0.00074
47,26,3,100000,23,0.00023,63,0.00063
47,26,4,100000,33,0.00033,75,0.00075
47,26,5,100000,24,0.00024,70,0.0007
47,27,0,100000,46,0.00046,66,0.00066
47,27,1,100000,41,0.00041,76,0.00076
47,27,2,100000,28,0.00028,78,0.00078
47,27,3,100000,38,0.00038,82,0.00082
47,27,4,100000,20,0.0002,70,0.0007
47,27,5,100000,21,0.00021,69,0.00069
47,28,0,100000,33,0.00033,77,0.00077
47,28,1,100000,14,0.00014,57,0.00057
47,28,2,100000,39,0.00039,57,0.00057
47,28,3,100000,40,0.0004,62,0.00062
47,28,4,100000,23,0.00023,69,0.00069
47,28,5,100000,40,0.0004,65,0.00065
47,29,0,100000,45,0.00045,88,0.00088
47,29,1,100000,38,0.00038,80,0.0008
47,29,2,100000,39,0.00039,68,0.00068
47,29,3,100000,27,0.00027,71,0.00071
47,29,4,100000,32,0.00032,79,0.00079
47,29,5,100000,45,0.00045,67,0.00067
47,30,0,100000,48,0.00048,76,0.00076
47,30,1,100000,17,0.00017,64,0.00064
47,30,2,100000,15,0.00015,66,0.00066
47,30,3,100000,41,0.00041,79,0.00079
47,30,4,100000,16,0.00016,76,0.00076
47,30,5,100000,29,0.00029,78,0.00078
47,31,0,100000,49,0.00049,75,0.00075
47,31,1,100000,30,0.0003,74,0.00074
47,31,2,100000,34,0.00034,77,0.00077
47,31,3,100000,39,0.00039,72,0.00072
47,31,4,100000,21,0.00021,77,0.00077
47,31,5,100000,37,0.00037,63,0.00063
47,32,0,100000,29,0.00029,80,0.0008
47,32,1,100000,28,0.00028,74,0.00074
47,32,2,100000,38,0.00038,94,0.00094
47,32,3,100000,24,0.00024,84,0.00084
47,32,4,100000,32,0.00032,70,0.0007
47,32,5,100000,32,0.00032,79,0.00079
47,33,0,100000,26,0.00026,71,0.00071
47,33,1,100000,24,0.00024,69,0.00069
47,33,2,100000,29,0.00029,69,0.00069
47,33,3,100000,38,0.00038,72,0.00072
47,33,4,100000,10,0.0001,63,0.00063
47,33,5,100000,48,0.00048,93,0.00093
47,34,0,100000,29,0.00029,66,0.00066
47,34,1,100000,15,0.00015,62,0.00062
47,34,2,100000,34,0.00034,65,0.00065
47,34,3,100000,29,0.00029,63,0.00063
47,34,4,100000,55,0.00055,93,0.00093
47,34,5,100000,26,0.00026,56,0.00056
47,35,0,100000,20,0.0002,68,0.00068
47,35,1,100000,17,0.00017,60,0.0006
47,35,2,100000,27,0.00027,69,0.00069
47,35,3,100000,16,0.00016,69,0.00069
47,35,4,100000,31,0.00031,67,0.00067
47,35,5,100000,28,0.00028,70,0.0007
47,36,0,100000,17,0.00017,62,0.00062
47,36,1,100000,38,0.00038,75,0.00075
47,36,2,100000,18,0.00018,64,0.00064
47,36,3,100000,32,0.00032,84,0.00084
47,36,4,100000,24,0.00024,50,0.0005
47,36,5,100000,13,0.00013,70,0.0007
47,37,0,100000,45,0.00045,95,0.00095
47,37,1,100000,40,0.0004,69,0.00069
47,37,2,100000,27,0.00027,69,0.00069
47,37,3,100000,26,0.00026,67,0.00067
47,37,4,100000,20,0.0002,77,0.00077
47,37,5,100000,36,0.00036,67,0.00067
47,38,0,100000,50,0.0005,85,0.00085
47,38,1,100000,46,0.00046,70,0.0007
47,38,2,100000,34,0.00034,72,0.00072
47,38,3,100000,27,0.00027,66,0.00066
47,38,4,100000,35,0.00035,65,0.00065
47,38,5,100000,21,0.00021,74,0.00074
47,39,0,100000,36,0.00036,65,0.00065
47,39,1,100000,30,0.0003,72,0.00072
47,39,2,100000,35,0.00035,57,0.00057
47,39,3,100000,27,0.00027,80,0.0008
47,39,4,100000,27,0.00027,71,0.00071
47,39,5,100000,17,0.00017,62,0.00062
47,40,0,100000,33,0.00033,68,0.00068
47,40,1,100000,25,0.00025,60,0.0006
47,40,2,100000,21,0.00021,75,0.00075
47,40,3,100000,33,0.00033,69,0.00069
47,40,4,100000,49,0.00049,88,0.00088
47,40,5,100000,44,0.00044,88,0.00088
47,41,0,100000,44,0.00044,87,0.00087
47,41,1,100000,20,0.0002,63,0.00063
47,41,2,100000,31,0.00031,75,0.00075
47,41,3,100000,31,0.00031,75,0.00075
47,41,4,100000,12,0.00012,62,0.00062
47,41,5,100000,38,0.00038,71,0.00071
47,42,0,100000,31,0.00031,69,0.00069
47,42,1,100000,11,0.00011,73,0.00073
47,42,2,100000,42,0.00042,85,0.00085
47,42,3,100000,34,0.00034,83,0.00083
47,42,4,100000,28,0.00028,83,0.00083
47,42,5,100000,27,0.00027,65,0.00065
47,43,0,100000,50,0.0005,76,0.00076
47,43,1,100000,30,0.0003,79,0.00079
47,43,2,100000,46,0.00046,83,0.00083
47,43,3,100000,29,0.00029,52,0.00052
47,43,4,100000,25,0.00025,66,0.00066
47,43,5,100000,27,0.00027,66,0.00066
47,44,0,100000,23,0.00023,71,0.00071
47,44,1,100000,20,0.0002,55,0.00055
47,44,2,100000,12,0.00012,60,0.0006
47,44,3,100000,25,0.00025,90,0.0009
47,44,4,100000,17,0.00017,55,0.00055
47,44,5,100000,30,0.0003,77,0.00077
47,45,0,100000,31,0.00031,71,0.00071
47,45,1,100000,12,0.00012,53,0.00053
47,45,2,100000,41,0.00041,77,0.00077
47,45,3,100000,33,0.00033,76,0.00076
47,45,4,100000,27,0.00027,70,0.0007
47,45,5,100000,26,0.00026,67,0.00067
47,46,0,100000,30,0.0003,77,0.00077
47,46,1,100000,48,0.00048,76,0.00076
47,46,2,100000,40,0.0004,68,0.00068
47,46,3,100000,52,0.00052,89,0.00089
47,46,4,100000,35,0.00035,82,0.00082
47,46,5,100000,38,0.00038,72,0.00072
47,47,0,100000,54,0.00054,76,0.00076
47,47,1,100000,39,0.00039,85,0.00085
47,47,2,100000,28,0.00028,78,0.00078
47,47,3,100000,26,0.00026,73,0.00073
47,47,4,100000,19,0.00019,77,0.00077
47,47,5,100000,32,0.00032,87,0.00087
47,48,0,100000,26,0.00026,73,0.00073
47,48,1,100000,59,0.00059,67,0.00067
47,48,2,100000,29,0.00029,59,0.00059
47,48,3,100000,19,0.00019,74,0.00074
47,48,4,100000,19,0.00019,78,0.00078
47,48,5,100000,39,0.00039,81,0.00081
47,49,0,100000,26,0.00026,61,0.00061
47,49,1,100000,45,0.00045,63,0.00063
47,49,2,100000,27,0.00027,75,0.00075
47,49,3,100000,25,0.00025,69,0.00069
47,49,4,100000,50,0.0005,77,0.00077
47,49,5,100000,15,0.00015,65,0.00065
47,50,0,100000,39,0.00039,67,0.00067
47,50,1,100000,27,0.00027,70,0.0007
47,50,2,100000,32,0.00032,78,0.00078
47,50,3,100000,43,0.00043,65,0.00065
47,50,4,100000,30,0.0003,78,0.00078
47,50,5,100000,21,0.00021,69,0.00069
48,-50,0,100000,28,0.00028,75,0.00075
48,-50,1,100000,23,0.00023,81,0.00081
48,-50,2,100000,40,0.0004,66,0.00066
48,-50,3,100000,38,0.00038,70,0.0007
48,-50,4,100000,32,0.00032,86,0.00086
48,-50,5,100000,25,0.00025,81,0.00081
48,-49,0,100000,17,0.00017,76,0.00076
48,-49,1,100000,27,0.00027,62,0.00062
48,-49,2,100000,15,0.00015,63,0.00063
48,-49,3,100000,22,0.00022,69,0.00069
48,-49,4,100000,27,0.00027,78,0.00078
48,-49,5,100000,25,0.00025,66,0.00066
48,-48,0,100000,16,0.00016,65,0.00065
48,-48,1,100000,17,0.00017,63,0.00063
48,-48,2,100000,54,0.00054,77,0.00077
48,-48,3,100000,29,0.00029,75,0.00075
48,-48,4,100000,39,0.00039,72,0.00072
48,-48,5,100000,33,0.00033,52,0.00052
48,-47,0,100000,42,0.00042,80,0.0008
48,-47,1,100000,19,0.00019,76,0.00076
48,-47,2,100000,55,0.00055,68,0.00068
48,-47,3,100000,24,0.00024,86,0.00086
48,-47,4,100000,17,0.00017,65,0.00065
48,-47,5,100000,39,0.00039,76,0.00076
48,-46,0,100000,25,0.00025,81,0.00081
48,-46,1,100000,29,0.00029,60,0.0006
48,-46,2,100000,26,0.00026,74,0.00074
48,-46,3,100000,48,0.00048,81,0.00081
48,-46,4,100000,33,0.00033,80,0.0008
48,-46,5,100000,55,0.00055,90,0.0009
48,-45,0,100000,30,0.0003,73,0.00073
48,-45,1,100000,32,0.00032,67,0.00067
48,-45,2,100000,26,0.00026,65,0.00065
48,-45,3,100000,35,0.00035,69,0.00069
48,-45,4,100000,30,0.0003,66,0.00066
48,-45,5,100000,41,0.00041,92,0.00092
48,-44,0,100000,38,0.00038,77,0.00077
48,-44,1,100000,16,0.00016,55,0.00055
48,-44,2,100000,13,0.00013,65,0.00065
48,-44,3,100000,51,0.00051,78,0.00078
48,-44,4,100000,28,0.00028,70,0.0007
48,-44,5,100000,20,0.0002,69,0.00069
48,-43,0,100000,39,0.00039,77,0.00077
48,-43,1,100000,24,0.00024,65,0.00065
48,-43,2,100000,26,0.00026,74,0.00074
48,-43,3,100000,27,0.00027,55,0.00055
48,-43,4,100000,49,0.00049,86,0.00086
48,-43,5,100000,29,0.00029,77,0.00077
48,-42,0,100000,22,0.00022,68,0.00068
48,-42,1,100000,24,0.00024,79,0.00079
48,-42,2,100000,23,0.00023,60,0.0006
48,-42,3,100000,23,0.00023,60,0.0006
48,-42,4,100000,43,0.00043,79,0.00079
48,-42,5,100000,33,0.00033,75,0.00075
48,-41,0,100000,27,0.00027,74,0.00074
48,-41,1,100000,43,0.00043,83,0.00083
48,-41,2,100000,42,0.00042,73,0.00073
48,-41,3,100000,32,0.00032,72,0.00072
48,-41,4,100000,43,0.00043,70,0.0007
48,-41,5,100000,48,0.00048,77,0.00077
48,-40,0,100000,33,0.00033,71,0.00071
48,-40,1,100000,23,0.00023,60,0.0006
48,-40,2,100000,50,0.0005,76,0.00076
48,-40,3,100000,34,0.00034,68,0.00068
48,-40,4,100000,36,0.00036,79,0.00079
48,-40,5,100000,21,0.00021,68,0.00068
48,-39,0,100000,37,0.00037,61,0.00061
48,-39,1,100000,38,0.00038,69,0.00069
48,-39,2,100000,27,0.00027,69,0.00069
48,-39,3,100000,21,0.00021,69,0.00069
48,-39,4,100000,38,0.00038,61,0.00061
48,-39,5,100000,30,0.0003,74,0.00074
48,-38,0,100000,15,0.00015,44,0.00044
48,-38,1,100000,26,0.00026,82,0.00082
48,-38,2,100000,19,0.00019,72,0.00072
48,-38,3,100000,50,0.0005,76,0.00076
48,-38,4,100000,38,0.00038,63,0.00063
48,-38,5,100000,26,0.00026,79,0.00079
48,-37,0,100000,21,0.00021,72,0.00072
48,-37,1,100000,32,0.00032,80,0.0008
48,-37,2,100000,33,0.00033,91,0.00091
48,-37,3,100000,48,0.00048,77,0.00077
48,-37,4,100000,36,0.00036,64,0.00064
48,-37,5,100000,41,0.00041,75,0.00075
48,-36,0,100000,28,0.00028,65,0.00065
48,-36,1,100000,31,0.00031,71,0.00071
48,-36,2,100000,22,0.00022,65,0.00065
48,-36,3,100000,41,0.00041,67,0.00067
48,-36,4,100000,28,0.00028,69,0.00069
48,-36,5,100000,30,0.0003,86,0.00086
48,-35,0,100000,19,0.00019,59,0.00059
48,-35,1,100000,29,0.00029,57,0.00057
48,-35,2,100000,43,0.00043,71,0.00071
48,-35,3,100000,23,0.00023,69,0.00069
48,-35,4,100000,21,0.00021,77,0.00077
48,-35,5,100000,24,0.00024,78,0.00078
48,-34,0,100000,30,0.0003,63,0.00063
48,-34,1,100000,25,0.00025,82,0.00082
48,-34,2,100000,32,0.00032,78,0.00078
48,-34,3,100000,29,0.00029,70,0.0007
48,-34,4,100000,34,0.00034,83,0.00083
48,-34,5,100000,27,0.00027,85,0.00085
48,-33,0,100000,26,0.00026,70,0.0007
48,-33,1,100000,18,0.00018,65,0.00065
48,-33,2,100000,27,0.00027,78,0.00078
48,-33,3,100000,29,0.00029,81,0.00081
48,-33,4,100000,23,0.00023,65,0.00065
48,-33,5,100000,35,0.00035,72,0.00072
48,-32,0,100000,25,0.00025,71,0.00071
48,-32,1,100000,27,0.00027,83,0.00083
48,-32,2,100000,34,0.00034,64,0.00064
48,-32,3,100000,26,0.00026,72,0.00072
48,-32,4,100000,40,0.0004,73,0.00073
48,-32,5,100000,28,0.00028,77,0.00077
48,-31,0,100000,37,0.00037,76,0.00076
48,-31,1,100000,24,0.00024,61,0.00061
48,-31,2,100000,54,0.00054,84,0.00084
48,-31,3,100000,40,0.0004,81,0.00081
48,-31,4,100000,32,0.00032,68,0.00068
48,-31,5,100000,40,0.0004,69,0.00069
48,-30,0,100000,27,0.00027,65,0.00065
48,-30,1,100000,42,0.00042,78,0.00078
48,-30,2,100000,29,0.00029,84,0.00084
48,-30,3,100000,22,0.00022,66,0.00066
48,-30,4,100000,21,0.00021,75,0.00075
48,-30,5,100000,20,0.0002,68,0.00068
48,-29,0,100000,65,0.00065,92,0.00092
48,-29,1,100000,35,0.00035,85,0.00085
48,-29,2,100000,32,0.00032,73,0.00073
48,-29,3,100000,48,0.00048,88,0.00088
48,-29,4,100000,28,0.00028,78,0.00078
48,-29,5,100000,36,0.00036,74,0.00074
48,-28,0,100000,28,0.00028,81,0.00081
48,-28,1,100000,22,0.00022,77,0.00077
48,-28,2,100000,21,0.00021,62,0.00062
48,-28,3,100000,21,0.00021,63,0.00063
48,-28,4,100000,29,0.00029,68,0.00068
48,-28,5,100000,20,0.0002,62,0.00062
48,-27,0,100000,32,0.00032,66,0.00066
48,-27,1,100000,20,0.0002,70,0.0007
48,-27,2,100000,23,0.00023,70,0.0007
48,-27,3,100000,23,0.00023,62,0.00062
48,-27,4,100000,38,0.00038,74,0.00074
48,-27,5,100000,26,0.00026,74,0.00074
48,-26,0,100000,35,0.00035,72,0.00072
48,-26,1,100000,32,0.00032,64,0.00064
48,-26,2,100000,26,0.00026,75,0.00075
48,-26,3,100000,24,0.00024,61,0.00061
48,-26,4,100000,27,0.00027,79,0.00079
48,-26,5,100000,21,0.00021,67,0.00067
48,-25,0,100000,24,0.00024,71,0.00071
48,-25,1,100000,28,0.00028,81,0.00081
48,-25,2,100000,39,0.00039,77,0.00077
48,-25,3,100000,38,0.00038,69,0.00069
48,-25,4,100000,21,0.00021,72,0.00072
48,-25,5,100000,35,0.00035,62,0.00062
48,-24,0,100000,47,0.00047,77,0.00077
48,-24,1,100000,24,0.00024,59,0.00059
48,-24,2,100000,26,0.00026,70,0.0007
48,-24,3,100000,27,0.00027,67,0.00067
48,-24,4,100000,29,0.00029,69,0.00069
48,-24,5,100000,32,0.00032,67,0.00067
48,-23,0,100000,37,0.00037,79,0.00079
48,-23,1,100000,26,0.00026,70,0.0007
48,-23,2,100000,34,0.00034,82,0.00082
48,-23,3,100000,58,0.00058,91,0.00091
48,-23,4,100000,20,0.0002,70,0.0007
48,-23,5,100000,25,0.00025,66,0.00066
48,-22,0,100000,23,0.00023,82,0.00082
48,-22,1,100000,44,0.00044,78,0.00078
48,-22,2,100000,23,0.00023,81,0.00081
48,-22,3,100000,32,0.00032,68,0.00068
48,-22,4,100000,35,0.00035,70,0.0007
48,-22,5,100000,44,0.00044,76,0.00076
48,-21,0,100000,29,0.00029,62,0.00062
48,-21,1,100000,26,0.00026,59,0.00059
48,-21,2,100000,25,0.00025,64,0.00064
48,-21,3,100000,23,0.00023,67,0.00067
48,-21,4,100000,19,0.00019,60,0.0006
48,-21,5,100000,32,0.00032,79,0.00079
48,-20,0,100000,29,0.00029,68,0.00068
48,-20,1,100000,29,0.00029,63,0.00063
48,-20,2,100000,25,0.00025,71,0.00071
48,-20,3,100000,27,0.00027,66,0.00066
48,-20,4,100000,21,0.00021,80,0.0008
48,-20,5,100000,18,0.00018,66,0.00066
48,-19,0,100000,25,0.00025,74,0.00074
48,-19,1,100000,22,0.00022,64,0.00064
48,-19,2,100000,47,0.00047,84,0.00084
48,-19,3,100000,50,0.0005,91,0.00091
48,-19,4,100000,26,0.00026,72,0.00072
48,-19,5,100000,27,0.00027,84,0.00084
48,-18,0,100000,24,0.00024,75,0.00075
48,-18,1,100000,50,0.0005,75,0.00075
48,-18,2,100000,32,0.00032,86,0.00086
48,-18,3,100000,18,0.00018,69,0.00069
48,-18,4,100000,42,0.00042,74,0.00074
48,-18,5,100000,21,0.00021,69,0.00069
48,-17,0,100000,30,0.0003,70,0.0007
48,-17,1,100000,39,0.00039,78,0.00078
48,-17,2,100000,32,0.00032,73,0.00073
48,-17,3,100000,34,0.00034,87,0.00087
48,-17,4,100000,24,0.00024,77,0.00077
48,-17,5,100000,26,0.00026,78,0.00078
48,-16,0,100000,21,0.00021,63,0.00063
48,-16,1,100000,41,0.00041,80,0.0008
48,-16,2,100000,40,0.0004,82,0.00082
48,-16,3,100000,23,0.00023,71,0.00071
48,-16,4,100000,22,0.00022,66,0.00066
48,-16,5,100000,23,0.00023,68,0.00068
48,-15,0,100000,26,0.00026,73,0.00073
48,-15,1,100000,31,0.00031,65,0.00065
48,-15,2,100000,41,0.00041,75,0.00075
48,-15,3,100000,37,0.00037,90,0.0009
48,-15,4,100000,31,0.00031,57,0.00057
48,-15,5,100000,20,0.0002,68,0.00068
48,-14,0,100000,39,0.00039,76,0.00076
48,-14,1,100000,27,0.00027,85,0.00085
48,-14,2,100000,27,0.00027,83,0.00083
48,-14,3,100000,40,0.0004,69,0.00069
48,-14,4,100000,16,0.00016,68,0.00068
48,-14,5,100000,20,0.0002,69,0.00069
48,-13,0,100000,62,0.00062,75,0.00075
48,-13,1,100000,25,0.00025,70,0.0007
48,-13,2,100000,20,0.0002,58,0.00058
48,-13,3,100000,27,0.00027,68,0.00068
48,-13,4,100000,19,0.00019,73,0.00073
48,-13,5,100000,45,0.00045,79,0.00079
48,-12,0,100000,31,0.00031,69,0.00069
48,-12,1,100000,24,0.00024,64,0.00064
48,-12,2,100000,12,0.00012,71,0.00071
48,-12,3,100000,24,0.00024,64,0.00064
48,-12,4,100000,21,0.00021,71,0.00071
48,-12,5,100000,20,0.0002,70,0.0007
48,-11,0,100000,36,0.00036,83,0.00083
48,-11,1,100000,37,0.00037,63,0.00063
48,-11,2,100000,34,0.00034,89,0.00089
48,-11,3,100000,25,0.00025,78,0.00078
48,-11,4,100000,19,0.00019,81,0.00081
48,-11,5,100000,24,0.00024,61,0.00061
48,-10,0,100000,42,0.00042,70,0.0007
48,-10,1,100000,19,0.00019,76,0.00076
48,-10,2,100000,37,0.00037,65,0.00065
48,-10,3,100000,37,0.00037,76,0.00076
48,-10,4,100000,19,0.00019,70,0.0007
48,-10,5,100000,25,0.00025,60,0.0006
48,-9,0,100000,45,0.00045,73,0.00073
48,-9,1,100000,32,0.00032,80,0.0008
48,-9,2,100000,53,0.00053,95,0.00095
48,-9,3,100000,22,0.00022,66,0.00066
48,-9,4,100000,12,0.00012,56,0.00056
48,-9,5,100000,22,0.00022,57,0.00057
48,-8,0,100000,20,0.0002,70,0.0007
48,-8,1,100000,19,0.00019,67,0.00067
48,-8,2,100000,23,0.00023,81,0.00081
48,-8,3,100000,29,0.00029,67,0.00067
48,-8,4,100000,36,0.00036,75,0.00075
48,-8,5,100000,28,0.00028,63,0.00063
48,-7,0,100000,17,0.00017,78,0.00078
48,-7,1,100000,30,0.0003,72,0.00072
48,-7,2,100000,47,0.00047,80,0.0008
48,-7,3,100000,34,0.00034,84,0.00084
48,-7,4,100000,32,0.00032,75,0.00075
48,-7,5,100000,42,0.00042,75,0.00075
48,-6,0,100000,49,0.00049,83,0.00083
48,-6,1,100000,24,0.00024,69,0.00069
48,-6,2,100000,39,0.00039,82,0.00082
48,-6,3,100000,21,0.00021,75,0.00075
48,-6,4,100000,15,0.00015,81,0.00081
48,-6,5,100000,33,0.00033,62,0.00062
48,-5,0,100000,26,0.00026,77,0.00077
48,-5,1,100000,26,0.00026,70,0.0007
48,-5,2,100000,20,0.0002,71,0.00071
48,-5,3,100000,16,0.00016,63,0.00063
48,-5,4,100000,20,0.0002,59,0.00059
48,-5,5,100000,25,0.00025,72,0.00072
48,-4,0,100000,31,0.00031,77,0.00077
48,-4,1,100000,15,0.00015,73,0.00073
48,-4,2,100000,25,0.00025,74,0.00074
48,-4,3,100000,45,0.00045,94,0.00094
48,-4,4,100000,47,0.00047,78,0.00078
48,-4,5,100000,34,0.00034,71,0.00071
48,-3,0,100000,27,0.00027,66,0.00066
48,-3,1,100000,52,0.00052,95,0.00095
48,-3,2,100000,28,0.00028,77,0.00077
48,-3,3,100000,35,0.00035,69,0.00069
48,-3,4,100000,35,0.00035,74,0.00074
48,-3,5,100000,19,0.00019,73,0.00073
48,-2,0,100000,51,0.00051,75,0.00075
48,-2,1,100000,40,0.0004,77,0.00077
48,-2,2,100000,21,0.00021,53,0.00053
48,-2,3,100000,21,0.00021,58,0.00058
48,-2,4,100000,53,0.00053,73,0.00073
48,-2,5,100000,23,0.00023,64,0.00064
48,-1,0,100000,27,0.00027,69,0.00069
48,-1,1,100000,48,0.00048,81,0.00081
48,-1,2,100000,32,0.00032,66,0.00066
48,-1,3,100000,38,0.00038,71,0.00071
48,-1,4,100000,39,0.00039,86,0.00086
48,-1,5,100000,22,0.00022,63,0.00063
48,0,0,100000,20,0.0002,75,0.00075
48,0,1,100000,34,0.00034,61,0.00061
48,0,2,100000,27,0.00027,60,0.0006
48,0,3,100000,56,0.00056,74,0.00074
48,0,4,100000,35,0.00035,66,0.00066
48,0,5,100000,26,0.00026,65,0.00065
48,1,0,100000,27,0.00027,81,0.00081
48,1,1,100000,26,0.00026,74,0.00074
48,1,2,100000,21,0.00021,61,0.00061
48,1,3,100000,22,0.00022,73,0.00073
48,1,4,100000,26,0.00026,66,0.00066
48,1,5,100000,32,0.00032,69,0.00069
48,2,0,100000,21,0.00021,73,0.00073
48,2,1,100000,45,0.00045,60,0.0006
48,2,2,100000,29,0.00029,89,0.00089
48,2,3,100000,17,0.00017,75,0.00075
48,2,4,100000,28,0.00028,79,0.00079
48,2,5,100000,23,0.00023,69,0.00069
48,3,0,100000,26,0.00026,71,0.00071
48,3,1,100000,38,0.00038,87,0.00087
48,3,2,100000,21,0.00021,64,0.00064
48,3,3,100000,28,0.00028,72,0.00072
48,3,4,100000,39,0.00039,76,0.00076
48,3,5,100000,25,0.00025,64,0.00064
48,4,0,100000,46,0.00046,66,0.00066
48,4,1,100000,36,0.00036,70,0.0007
48,4,2,100000,40,0.0004,65,0.00065
48,4,3,100000,28,0.00028,71,0.00071
48,4,4,100000,35,0.00035,80,0.0008
48,4,5,100000,21,0.00021,78,0.00078
48,5,0,100000,26,0.00026,66,0.00066
48,5,1,100000,45,0.00045,80,0.0008
48,5,2,100000,30,0.0003,77,0.00077
48,5,3,100000,18,0.00018,77,0.00077
48,5,4,100000,22,0.00022,63,0.00063
48,5,5,100000,29,0.00029,74,0.00074
48,6,0,100000,47,0.00047,82,0.00082
48,6,1,100000,20,0.0002,75,0.00075
48,6,2,100000,21,0.00021,86,0.00086
48,6,3,100000,24,0.00024,76,0.00076
48,6,4,100000,26,0.00026,70,0.0007
48,6,5,100000,35,0.00035,80,0.0008
48,7,0,100000,33,0.00033,63,0.00063
48,7,1,100000,23,0.00023,69,0.00069
48,7,2,100000,27,0.00027,63,0.00063
48,7,3,100000,24,0.00024,69,0.00069
48,7,4,100000,33,0.00033,75,0.00075
48,7,5,100000,33,0.00033,68,0.00068
48,8,0,100000,33,0.00033,77,0.00077
48,8,1,100000,20,0.0002,87,0.00087
48,8,2,100000,17,0.00017,70,0.0007
48,8,3,100000,36,0.00036,79,0.00079
48,8,4,100000,25,0.00025,72,0.00072
48,8,5,100000,39,0.00039,76,0.00076
48,9,0,100000,35,0.00035,65,0.00065
48,9,1,100000,39,0.00039,74,0.00074
48,9,2,100000,55,0.00055,72,0.00072
48,9,3,100000,35,0.00035,78,0.00078
48,9,4,100000,27,0.00027,60,0.0006
48,9,5,100000,17,0.00017,69,0.00069
48,10,0,100000,54,0.00054,70,0.0007
48,10,1,100000,43,0.00043,78,0.00078
48,10,2,100000,20,0.0002,69,0.00069
48,10,3,100000,18,0.00018,71,0.00071
48,10,4,100000,25,0.00025,56,0.00056
48,10,5,100000,36,0.00036,83,0.00083
48,11,0,100000,27,0.00027,75,0.00075
48,11,1,100000,45,0.00045,90,0.0009
48,11,2,100000,29,0.00029,79,0.00079
48,11,3,100000,33,0.00033,70,0.0007
48,11,4,100000,39,0.00039,76,0.00076
48,11,5,100000,26,0.00026,77,0.00077
48,12,0,100000,37,0.00037,66,0.00066
48,12,1,100000,38,0.00038,78,0.00078
48,12,2,100000,18,0.00018,67,0.00067
48,12,3,100000,16,0.00016,65,0.00065
48,12,4,100000,32,0.00032,81,0.00081
48,12,5,100000,36,0.00036,75,0.00075
48,13,0,100000,32,0.00032,75,0.00075
48,13,1,100000,32,0.00032,65,0.00065
48,13,2,100000,27,0.00027,70,0.0007
48,13,3,100000,22,0.00022,75,0.00075
48,13,4,100000,30,0.0003,65,0.00065
48,13,5,100000,39,0.00039,76,0.00076
48,14,0,100000,21,0.00021,65,0.00065
48,14,1,100000,21,0.00021,65,0.00065
48,14,2,100000,28,0.00028,74,0.00074
48,14,3,100000,32,0.00032,76,0.00076
48,14,4,100000,28,0.00028,69,0.00069
48,14,5,100000,27,0.00027,82,0.00082
48,15,0,100000,31,0.00031,73,0.00073
48,15,1,100000,21,0.00021,63,0.00063
48,15,2,100000,20,0.0002,58,0.00058
48,15,3,100000,18,0.00018,69,0.00069
48,15,4,100000,46,0.00046,72,0.00072
48,15,5,100000,31,0.00031,82,0.00082
48,16,0,100000,31,0.00031,71,0.00071
48,16,1,100000,36,0.00036,72,0.00072
48,16,2,100000,17,0.00017,62,0.00062
48,16,3,100000,24,0.00024,87,0.00087
48,16,4,100000,37,0.00037,67,0.00067
48,16,5,100000,22,0.00022,70,0.0007
48,17,0,100000,36,0.00036,79,0.00079
48,17,1,100000,29,0.00029,49,0.00049
48,17,2,100000,24,0.00024,70,0.0007
48,17,3,100000,43,0.00043,71,0.00071
48,17,4,100000,44,0.00044,79,0.00079
48,17,5,100000,34,0.00034,75,0.00075
48,18,0,100000,31,0.00031,74,0.00074
48,18,1,100000,28,0.00028,74,0.00074
48,18,2,100000,36,0.00036,70,0.0007
48,18,3,100000,20,0.0002,78,0.00078
48,18,4,100000,34,0.00034,66,0.00066
48,18,5,100000,22,0.00022,72,0.00072
48,19,0,100000,33,0.00033,73,0.00073
48,19,1,100000,24,0.00024,74,0.00074
48,19,2,100000,43,0.00043,67,0.00067
48,19,3,100000,18,0.00018,71,0.00071
48,19,4,100000,28,0.00028,63,0.00063
48,19,5,100000,29,0.00029,65,0.00065
48,20,0,100000,34,0.00034,65,0.00065
48,20,1,100000,44,0.00044,81,0.00081
48,20,2,100000,34,0.00034,77,0.00077
48,20,3,100000,31,0.00031,80,0.0008
48,20,4,100000,28,0.00028,68,0.00068
48,20,5,100000,45,0.00045,88,0.00088
48,21,0,100000,28,0.00028,69,0.00069
48,21,1,100000,34,0.00034,68,0.00068
48,21,2,100000,35,0.00035,65,0.00065
48,21,3,100000,23,0.00023,71,0.00071
48,21,4,100000,32,0.00032,59,0.00059
48,21,5,100000,27,0.00027,72,0.00072
48,22,0,100000,21,0.00021,62,0.00062
48,22,1,100000,26,0.00026,82,0.00082
48,22,2,100000,32,0.00032,85,0.00085
48,22,3,100000,16,0.00016,74,0.00074
48,22,4,100000,26,0.00026,82,0.00082
48,22,5,100000,23,0.00023,66,0.00066
48,23,0,100000,24,0.00024,78,0.00078
48,23,1,100000,36,0.00036,74,0.00074
48,23,2,100000,51,0.00051,76,0.00076
48,23,3,100000,42,0.00042,70,0.0007
48,23,4,100000,32,0.00032,67,0.00067
48,23,5,100000,26,0.00026,57,0.00057
48,24,0,100000,27,0.00027,74,0.00074
48,24,1,100000,31,0.00031,76,0.00076
48,24,2,100000,13,0.00013,86,0.00086
48,24,3,100000,22,0.00022,79,0.00079
48,24,4,100000,24,0.00024,71,0.00071
48,24,5,100000,31,0.00031,57,0.00057
48,25,0,100000,40,0.0004,72,0.00072
48,25,1,100000,25,0.00025,64,0.00064
48,25,2,100000,35,0.00035,87,0.00087
48,25,3,100000,21,0.00021,82,0.00082
48,25,4,100000,27,0.00027,100,0.001
48,25,5,100000,28,0.00028,83,0.00083
48,26,0,100000,13,0.00013,55,0.00055
48,26,1,100000,35,0.00035,77,0.00077
48,26,2,100000,28,0.00028,69,0.00069
48,26,3,100000,24,0.00024,74,0.00074
48,26,4,100000,26,0.00026,73,0.00073
48,26,5,100000,29,0.00029,72,0.00072
48,27,0,100000,13,0.00013,57,0.00057
48,27,1,100000,29,0.00029,70,0.0007
48,27,2,100000,13,0.00013,67,0.00067
48,27,3,100000,22,0.00022,66,0.00066
48,27,4,100000,49,0.00049,83,0.00083
48,27,5,100000,23,0.00023,77,0.00077
48,28,0,100000,26,0.00026,79,0.00079
48,28,1,100000,18,0.00018,73,0.00073
48,28,2,100000,40,0.0004,69,0.00069
48,28,3,100000,37,0.00037,87,0.00087
48,28,4,100000,25,0.00025,69,0.00069
48,28,5,100000,26,0.00026,72,0.00072
48,29,0,100000,27,0.00027,60,0.0006
48,29,1,100000,28,0.00028,82,0.00082
48,29,2,100000,43,0.00043,76,0.00076
48,29,3,100000,19,0.00019,72,0.00072
48,29,4,100000,44,0.00044,82,0.00082
48,29,5,100000,41,0.00041,67,0.00067
48,30,0,100000,24,0.00024,65,0.00065
48,30,1,100000,29,0.00029,83,0.00083
48,30,2,100000,19,0.00019,68,0.00068
48,30,3,100000,24,0.00024,60,0.0006
48,30,4,100000,25,0.00025,86,0.00086
48,30,5,100000,37,0.00037,99,0.00099
48,31,0,100000,19,0.00019,70,0.0007
48,31,1,100000,25,0.00025,76,0.00076
48,31,2,100000,15,0.00015,72,0.00072
48,31,3,100000,41,0.00041,75,0.00075
48,31,4,100000,49,0.00049,80,0.0008
48,31,5,100000,27,0.00027,80,0.0008
48,32,0,100000,30,0.0003,63,0.00063
48,32,1,100000,14,0.00014,66,0.00066
48,32,2,100000,31,0.00031,74,0.00074
48,32,3,100000,35,0.00035,62,0.00062
48,32,4,100000,49,0.00049,93,0.00093
48,32,5,100000,21,0.00021,73,0.00073
48,33,0,100000,16,0.00016,78,0.00078
48,33,1,100000,14,0.00014,68,0.00068
48,33,2,100000,31,0.00031,70,0.0007
48,33,3,100000,30,0.0003,71,0.00071
48,33,4,100000,23,0.00023,71,0.00071
48,33,5,100000,52,0.00052,88,0.00088
48,34,0,100000,15,0.00015,66,0.00066
48,34,1,100000,50,0.0005,86,0.00086
48,34,2,100000,23,0.00023,77,0.00077
48,34,3,100000,44,0.00044,85,0.00085
48,34,4,100000,28,0.00028,73,0.00073
48,34,5,100000,23,0.00023,70,0.0007
48,35,0,100000,32,0.00032,68,0.00068
48,35,1,100000,25,0.00025,68,0.00068
48,35,2,100000,41,0.00041,68,0.00068
48,35,3,100000,31,0.00031,69,0.00069
48,35,4,100000,52,0.00052,80,0.0008
48,35,5,100000,23,0.00023,65,0.00065
48,36,0,100000,43,0.00043,70,0.0007
48,36,1,100000,9,9e-05,62,0.00062
48,36,2,100000,28,0.00028,84,0.00084
48,36,3,100000,27,0.00027,80,0.0008
48,36,4,100000,27,0.00027,80,0.0008
48,36,5,100000,50,0.0005,86,0.00086
48,37,0,100000,45,0.00045,86,0.00086
48,37,1,100000,30,0.0003,60,0.0006
48,37,2,100000,28,0.00028,71,0.00071
48,37,3,100000,34,0.00034,69,0.00069
48,37,4,100000,30,0.0003,61,0.00061
48,37,5,100000,41,0.00041,80,0.0008
48,38,0,100000,49,0.00049,79,0.00079
48,38,1,100000,40,0.0004,70,0.0007
48,38,2,100000,20,0.0002,64,0.00064
48,38,3,100000,23,0.00023,83,0.00083
48,38,4,100000,34,0.00034,69,0.00069
48,38,5,100000,41,0.00041,64,0.00064
48,39,0,100000,14,0.00014,52,0.00052
48,39,1,100000,22,0.00022,62,0.00062
48,39,2,100000,31,0.00031,84,0.00084
48,39,3,100000,30,0.0003,60,0.0006
48,39,4,100000,40,0.0004,89,0.00089
48,39,5,100000,32,0.00032,77,0.00077
48,40,0,100000,28,0.00028,64,0.00064
48,40,1,100000,30,0.0003,73,0.00073
48,40,2,100000,26,0.00026,75,0.00075
48,40,3,100000,29,0.00029,72,0.00072
48,40,4,100000,23,0.00023,64,0.00064
48,40,5,100000,31,0.00031,64,0.00064
48,41,0,100000,30,0.0003,59,0.00059
48,41,1,100000,36,0.00036,75,0.00075
48,41,2,100000,38,0.00038,87,0.00087
48,41,3,100000,39,0.00039,76,0.00076
48,41,4,100000,23,0.00023,83,0.00083
48,41,5,100000,28,0.00028,63,0.00063
48,42,0,100000,19,0.00019,85,0.00085
48,42,1,100000,29,0.00029,81,0.00081
48,42,2,100000,27,0.00027,71,0.00071
48,42,3,100000,24,0.00024,67,0.00067
48,42,4,100000,31,0.00031,80,0.0008
48,42,5,100000,29,0.00029,80,0.0008
48,43,0,100000,21,0.00021,63,0.00063
48,43,1,100000,20,0.0002,76,0.00076
48,43,2,100000,21,0.00021,67,0.00067
48,43,3,100000,36,0.00036,85,0.00085
48,43,4,100000,37,0.00037,75,0.00075
48,43,5,100000,38,0.00038,71,0.00071
48,44,0,100000,20,0.0002,73,0.00073
48,44,1,100000,41,0.00041,71,0.00071
48,44,2,100000,23,0.00023,69,0.00069
48,44,3,100000,30,0.0003,65,0.00065
48,44,4,100000,57,0.00057,78,0.00078
48,44,5,100000,39,0.00039,65,0.00065
48,45,0,100000,21,0.00021,62,0.00062
48,45,1,100000,14,0.00014,54,0.00054
48,45,2,100000,26,0.00026,63,0.00063
48,45,3,100000,28,0.00028,70,0.0007
48,45,4,100000,36,0.00036,67,0.00067
48,45,5,100000,14,0.00014,61,0.00061
48,46,0,100000,37,0.00037,71,0.00071
48,46,1,100000,24,0.00024,72,0.00072
48,46,2,100000,31,0.00031,69,0.00069
48,46,3,100000,18,0.00018,70,0.0007
48,46,4,100000,25,0.00025,80,0.0008
48,46,5,100000,23,0.00023,68,0.00068
48,47,0,100000,30,0.0003,74,0.00074
48,47,1,100000,32,0.00032,79,0.00079
48,47,2,100000,15,0.00015,76,0.00076
48,47,3,100000,53,0.00053,80,0.0008
48,47,4,100000,14,0.00014,68,0.00068
48,47,5,100000,35,0.00035,77,0.00077
48,48,0,100000,28,0.00028,67,0.00067
48,48,1,100000,32,0.00032,70,0.0007
48,48,2,100000,26,0.00026,77,0.00077
48,48,3,100000,42,0.00042,78,0.00078
48,48,4,100000,38,0.00038,80,0.0008
48,48,5,100000,39,0.00039,90,0.0009
48,49,0,100000,37,0.00037,74,0.00074
48,49,1,100000,23,0.00023,73,0.00073
48,49,2,100000,29,0.00029,70,0.0007
48,49,3,100000,27,0.00027,81,0.00081
48,49,4,100000,15,0.00015,60,0.0006
48,49,5,100000,37,0.00037,91,0.00091
48,50,0,100000,21,0.00021,63,0.00063
48,50,1,100000,36,0.00036,74,0.00074
48,50,2,100000,27,0.00027,59,0.00059
48,50,3,100000,24,0.00024,69,0.00069
48,50,4,100000,31,0.00031,70,0.0007
48,50,5,100000,25,0.00025,65,0.00065
49,-50,0,100000,34,0.00034,77,0.00077
49,-50,1,100000,40,0.0004,83,0.00083
49,-50,2,100000,32,0.00032,59,0.00059
49,-50,3,100000,42,0.00042,96,0.00096
49,-50,4,100000,25,0.00025,78,0.00078
49,-50,5,100000,24,0.00024,77,0.00077
49,-49,0,100000,26,0.00026,74,0.00074
49,-49,1,100000,33,0.00033,78,0.00078
49,-49,2,100000,32,0.00032,89,0.00089
49,-49,3,100000,36,0.00036,91,0.00091
49,-49,4,100000,38,0.00038,87,0.00087
49,-49,5,100000,30,0.0003,64,0.00064
49,-48,0,100000,27,0.00027,68,0.00068
49,-48,1,100000,30,0.0003,58,0.00058
49,-48,2,100000,29,0.00029,75,0.00075
49,-48,3,100000,15,0.00015,60,0.0006
49,-48,4,100000,39,0.00039,73,0.00073
49,-48,5,100000,25,0.00025,78,0.00078
49,-47,0,100000,30,0.0003,66,0.00066
49,-47,1,100000,56,0.00056,75,0.00075
49,-47,2,100000,39,0.00039,94,0.00094
49,-47,3,100000,41,0.00041,85,0.00085
49,-47,4,100000,49,0.00049,76,0.00076
49,-47,5,100000,18,0.00018,78,0.00078
49,-46,0,100000,35,0.00035,63,0.00063
49,-46,1,100000,26,0.00026,72,0.00072
49,-46,2,100000,27,0.00027,80,0.0008
49,-46,3,100000,28,0.00028,72,0.00072
49,-46,4,100000,28,0.00028,74,0.00074
49,-46,5,100000,62,0.00062,76,0.00076
49,-45,0,100000,31,0.00031,70,0.0007
49,-45,1,100000,21,0.00021,88,0.00088
49,-45,2,100000,26,0.00026,83,0.00083
49,-45,3,100000,46,0.00046,91,0.00091
49,-45,4,100000,49,0.00049,84,0.00084
49,-45,5,100000,40,0.0004,69,0.00069
49,-44,0,100000,30,0.0003,68,0.00068
49,-44,1,100000,27,0.00027,79,0.00079
49,-44,2,100000,36,0.00036,71,0.00071
49,-44,3,100000,34,0.00034,68,0.00068
49,-44,4,100000,39,0.00039,78,0.00078
49,-44,5,100000,42,0.00042,83,0.00083
49,-43,0,100000,29,0.00029,58,0.00058
49,-43,1,100000,23,0.00023,59,0.00059
49,-43,2,100000,24,0.00024,68,0.00068
49,-43,3,100000,31,0.00031,62,0.00062
49,-43,4,100000,26,0.00026,61,0.00061
49,-43,5,100000,40,0.0004,75,0.00075
49,-42,0,100000,43,0.00043,72,0.00072
49,-42,1,100000,36,0.00036,81,0.00081
49,-42,2,100000,44,0.00044,103,0.00103
49,-42,3,100000,15,0.00015,67,0.00067
49,-42,4,100000,37,0.00037,77,0.00077
49,-42,5,100000,31,0.00031,75,0.00075
49,-41,0,100000,38,0.00038,84,0.00084
49,-41,1,100000,11,0.00011,65,0.00065
49,-41,2,100000,48,0.00048,73,0.00073
49,-41,3,100000,62,0.00062,82,0.00082
49,-41,4,100000,23,0.00023,61,0.00061
49,-41,5,100000,13,0.00013,52,0.00052
49,-40,0,100000,22,0.00022,85,0.00085
49,-40,1,100000,24,0.00024,63,0.00063
49,-40,2,100000,29,0.00029,81,0.00081
49,-40,3,100000,25,0.00025,88,0.00088
49,-40,4,100000,27,0.00027,69,0.00069
49,-40,5,100000,36,0.00036,69,0.00069
49,-39,0,100000,35,0.00035,93,0.00093
49,-39,1,100000,35,0.00035,87,0.00087
49,-39,2,100000,22,0.00022,63,0.00063
49,-39,3,100000,12,0.00012,57,0.00057
49,-39,4,100000,27,0.00027,73,0.00073
49,-39,5,100000,32,0.00032,69,0.00069
49,-38,0,100000,35,0.00035,80,0.0008
49,-38,1,100000,28,0.00028,73,0.00073
49,-38,2,100000,22,0.00022,58,0.00058
49,-38,3,100000,24,0.00024,68,0.00068
49,-38,4,100000,21,0.00021,62,0.00062
49,-38,5,100000,32,0.00032,67,0.00067
49,-37,0,100000,28,0.00028,59,0.00059
49,-37,1,100000,27,0.00027,58,0.00058
49,-37,2,100000,29,0.00029,81,0.00081
49,-37,3,100000,42,0.00042,69,0.00069
49,-37,4,100000,30,0.0003,81,0.00081
49,-37,5,100000,28,0.00028,67,0.00067
49,-36,0,100000,37,0.00037,66,0.00066
49,-36,1,100000,33,0.00033,70,0.0007
49,-36,2,100000,23,0.00023,75,0.00075
49,-36,3,100000,31,0.00031,66,0.00066
49,-36,4,100000,33,0.00033,64,0.00064
49,-36,5,100000,26,0.00026,58,0.00058
49,-35,0,100000,23,0.00023,77,0.00077
49,-35,1,100000,22,0.00022,57,0.00057
49,-35,2,100000,29,0.00029,64,0.00064
49,-35,3,100000,32,0.00032,63,0.00063
49,-35,4,100000,43,0.00043,76,0.00076
49,-35,5,100000,47,0.00047,74,0.00074
49,-34,0,100000,40,0.0004,71,0.00071
49,-34,1,100000,26,0.00026,77,0.00077
49,-34,2,100000,38,0.00038,73,0.00073
49,-34,3,100000,21,0.00021,78,0.00078
49,-34,4,100000,37,0.00037,67,0.00067
49,-34,5,100000,30,0.0003,78,0.00078
49,-33,0,100000,37,0.00037,79,0.00079
49,-33,1,100000,32,0.00032,64,0.00064
49,-33,2,100000,31,0.00031,59,0.00059
49,-33,3,100000,28,0.00028,77,0.00077
49,-33,4,100000,30,0.0003,73,0.00073
49,-33,5,100000,23,0.00023,71,0.00071
49,-32,0,100000,19,0.00019,63,0.00063
49,-32,1,100000,37,0.00037,73,0.00073
49,-32,2,100000,33,0.00033,60,0.0006
49,-32,3,100000,20,0.0002,81,0.00081
49,-32,4,100000,24,0.00024,51,0.00051
49,-32,5,100000,37,0.00037,69,0.00069
49,-31,0,100000,27,0.00027,78,0.00078
49,-31,1,100000,26,0.00026,63,0.00063
49,-31,2,100000,39,0.00039,79,0.00079
49,-31,3,100000,13,0.00013,62,0.00062
49,-31,4,100000,25,0.00025,66,0.00066
49,-31,5,100000,19,0.00019,65,0.00065
49,-30,0,100000,34,0.00034,62,0.00062
49,-30,1,100000,49,0.00049,78,0.00078
49,-30,2,100000,35,0.00035,79,0.00079
49,-30,3,100000,22,0.00022,74,0.00074
49,-30,4,100000,30,0.0003,68,0.00068
49,-30,5,100000,29,0.00029,77,0.00077
49,-29,0,100000,26,0.00026,83,0.00083
49,-29,1,100000,33,0.00033,74,0.00074
49,-29,2,100000,29,0.00029,79,0.00079
49,-29,3,100000,42,0.00042,93,0.00093
49,-29,4,100000,27,0.00027,60,0.0006
49,-29,5,100000,31,0.00031,79,0.00079
49,-28,0,100000,21,0.00021,85,0.00085
49,-28,1,100000,22,0.00022,71,0.00071
49,-28,2,100000,48,0.00048,79,0.00079
49,-28,3,100000,26,0.00026,69,0.00069
49,-28,4,100000,36,0.00036,86,0.00086
49,-28,5,100000,23,0.00023,72,0.00072
49,-27,0,100000,28,0.00028,68,0.00068
49,-27,1,100000,27,0.00027,89,0.00089
49,-27,2,100000,25,0.00025,66,0.00066
49,-27,3,100000,26,0.00026,60,0.0006
49,-27,4,100000,30,0.0003,65,0.00065
49,-27,5,100000,12,0.00012,57,0.00057
49,-26,0,100000,21,0.00021,65,0.00065
49,-26,1,100000,44,0.00044,74,0.00074
49,-26,2,100000,62,0.00062,87,0.00087
49,-26,3,100000,23,0.00023,74,0.00074
49,-26,4,100000,29,0.00029,86,0.00086
49,-26,5,100000,31,0.00031,63,0.00063
49,-25,0,100000,33,0.00033,74,0.00074
49,-25,1,100000,16,0.00016,63,0.00063
49,-25,2,100000,21,0.00021,75,0.00075
49,-25,3,100000,35,0.00035,80,0.0008
49,-25,4,100000,27,0.00027,83,0.00083
49,-25,5,100000,41,0.00041,88,0.00088
49,-24,0,100000,28,0.00028,80,0.0008
49,-24,1,100000,31,0.00031,86,0.00086
49,-24,2,100000,28,0.00028,69,0.00069
49,-24,3,100000,12,0.00012,67,0.00067
49,-24,4,100000,13,0.00013,60,0.0006
49,-24,5,100000,39,0.00039,71,0.00071
49,-23,0,100000,29,0.00029,66,0.00066
49,-23,1,100000,33,0.00033,66,0.00066
49,-23,2,100000,20,0.0002,63,0.00063
49,-23,3,100000,20,0.0002,74,0.00074
49,-23,4,100000,21,0.00021,65,0.00065
49,-23,5,100000,34,0.00034,85,0.00085
49,-22,0,100000,44,0.00044,75,0.00075
49,-22,1,100000,34,0.00034,62,0.00062
49,-22,2,100000,28,0.00028,60,0.0006
49,-22,3,100000,47,0.00047,74,0.00074
49,-22,4,100000,26,0.00026,83,0.00083
49,-22,5,100000,51,0.00051,62,0.00062
49,-21,0,100000,35,0.00035,87,0.00087
49,-21,1,100000,45,0.00045,83,0.00083
49,-21,2,100000,17,0.00017,73,0.00073
49,-21,3,100000,41,0.00041,73,0.00073
49,-21,4,100000,37,0.00037,62,0.00062
49,-21,5,100000,17,0.00017,70,0.0007
49,-20,0,100000,40,0.0004,72,0.00072
49,-20,1,100000,23,0.00023,78,0.00078
49,-20,2,100000,38,0.00038,77,0.00077
49,-20,3,100000,32,0.00032,92,0.00092
49,-20,4,100000,45,0.00045,82,0.00082
49,-20,5,100000,20,0.0002,69,0.00069
49,-19,0,100000,42,0.00042,82,0.00082
49,-19,1,100000,26,0.00026,70,0.0007
49,-19,2,100000,26,0.00026,72,0.00072
49,-19,3,100000,28,0.00028,76,0.00076
49,-19,4,100000,30,0.0003,62,0.00062
49,-19,5,100000,33,0.00033,78,0.00078
49,-18,0,100000,24,0.00024,74,0.00074
49,-18,1,100000,20,0.0002,53,0.00053
49,-18,2,100000,36,0.00036,68,0.00068
49,-18,3,100000,28,0.00028,67,0.00067
49,-18,4,100000,36,0.00036,63,0.00063
49,-18,5,100000,39,0.00039,80,0.0008
49,-17,0,100000,34,0.00034,83,0.00083
49,-17,1,100000,27,0.00027,79,0.00079
49,-17,2,100000,39,0.00039,80,0.0008
49,-17,3,100000,21,0.00021,61,0.00061
49,-17,4,100000,22,0.00022,63,0.00063
49,-17,5,100000,33,0.00033,66,0.00066
49,-16,0,100000,27,0.00027,72,0.00072
49,-16,1,100000,42,0.00042,78,0.00078
49,-16,2,100000,24,0.00024,64,0.00064
49,-16,3,100000,25,0.00025,65,0.00065
49,-16,4,100000,35,0.00035,75,0.00075
49,-16,5,100000,20,0.0002,86,0.00086
49,-15,0,100000,57,0.00057,88,0.00088
49,-15,1,100000,34,0.00034,67,0.00067
49,-15,2,100000,35,0.00035,63,0.00063
49,-15,3,100000,18,0.00018,79,0.00079
49,-15,4,100000,38,0.00038,71,0.00071
49,-15,5,100000,32,0.00032,73,0.00073
49,-14,0,100000,41,0.00041,77,0.00077
49,-14,1,100000,21,0.00021,77,0.00077
49,-14,2,100000,31,0.00031,80,0.0008
49,-14,3,100000,37,0.00037,77,0.00077
49,-14,4,100000,48,0.00048,78,0.00078
49,-14,5,100000,36,0.00036,77,0.00077
49,-13,0,100000,35,0.00035,74,0.00074
49,-13,1,100000,18,0.00018,63,0.00063
49,-13,2,100000,32,0.00032,57,0.00057
49,-13,3,100000,25,0.00025,70,0.0007
49,-13,4,100000,21,0.00021,63,0.00063
49,-13,5,100000,45,0.00045,86,0.00086
49,-12,0,100000,29,0.00029,66,0.00066
49,-12,1,100000,28,0.00028,78,0.00078
49,-12,2,100000,25,0.00025,74,0.00074
49,-12,3,100000,32,0.00032,78,0.00078
49,-12,4,100000,30,0.0003,73,0.00073
49,-12,5,100000,25,0.00025,77,0.00077
49,-11,0,100000,32,0.00032,71,0.00071
49,-11,1,100000,32,0.00032,80,0.0008
49,-11,2,100000,20,0.0002,59,0.00059
49,-11,3,100000,42,0.00042,67,0.00067
49,-11,4,100000,28,0.00028,74,0.00074
49,-11,5,100000,41,0.00041,77,0.00077
49,-10,0,100000,36,0.00036,65,0.00065
49,-10,1,100000,27,0.00027,68,0.00068
49,-10,2,100000,18,0.00018,49,0.00049
49,-10,3,100000,32,0.00032,78,0.00078
49,-10,4,100000,46,0.00046,70,0.0007
49,-10,5,100000,22,0.00022,73,0.00073
49,-9,0,100000,37,0.00037,69,0.00069
49,-9,1,100000,20,0.0002,74,0.00074
49,-9,2,100000,18,0.00018,73,0.00073
49,-9,3,100000,27,0.00027,75,0.00075
49,-9,4,100000,29,0.00029,73,0.00073
49,-9,5,100000,21,0.00021,71,0.00071
49,-8,0,100000,29,0.00029,68,0.00068
49,-8,1,100000,43,0.00043,79,0.00079
49,-8,2,100000,35,0.00035,83,0.00083
49,-8,3,100000,40,0.0004,61,0.00061
49,-8,4,100000,40,0.0004,57,0.00057
49,-8,5,100000,16,0.00016,79,0.00079
49,-7,0,100000,40,0.0004,74,0.00074
49,-7,1,100000,38,0.00038,80,0.0008
49,-7,2,100000,23,0.00023,71,0.00071
49,-7,3,100000,21,0.00021,64,0.00064
49,-7,4,100000,29,0.00029,79,0.00079
49,-7,5,100000,27,0.00027,90,0.0009
49,-6,0,100000,27,0.00027,64,0.00064
49,-6,1,100000,28,0.00028,71,0.00071
49,-6,2,100000,29,0.00029,75,0.00075
49,-6,3,100000,18,0.00018,61,0.00061
49,-6,4,100000,19,0.00019,70,0.0007
49,-6,5,100000,42,0.00042,67,0.00067
49,-5,0,100000,45,0.00045,64,0.00064
49,-5,1,100000,26,0.00026,64,0.00064
49,-5,2,100000,32,0.00032,52,0.00052
49,-5,3,100000,64,0.00064,77,0.00077
49,-5,4,100000,35,0.00035,68,0.00068
49,-5,5,100000,30,0.0003,69,0.00069
49,-4,0,100000,24,0.00024,82,0.00082
49,-4,1,100000,25,0.00025,61,0.00061
49,-4,2,100000,41,0.00041,75,0.00075
49,-4,3,100000,26,0.00026,88,0.00088
49,-4,4,100000,37,0.00037,70,0.0007
49,-4,5,100000,21,0.00021,67,0.00067
49,-3,0,100000,27,0.00027,74,0.00074
49,-3,1,100000,27,0.00027,71,0.00071
49,-3,2,100000,21,0.00021,76,0.00076
49,-3,3,100000,31,0.00031,71,0.00071
49,-3,4,100000,25,0.00025,70,0.0007
49,-3,5,100000,42,0.00042,66,0.00066
49,-2,0,100000,22,0.00022,58,0.00058
49,-2,1,100000,34,0.00034,84,0.00084
49,-2,2,100000,23,0.00023,76,0.00076
49,-2,3,100000,31,0.00031,74,0.00074
49,-2,4,100000,30,0.0003,82,0.00082
49,-2,5,100000,16,0.00016,69,0.00069
49,-1,0,100000,44,0.00044,73,0.00073
49,-1,1,100000,38,0.00038,80,0.0008
49,-1,2,100000,53,0.00053,93,0.00093
49,-1,3,100000,28,0.00028,76,0.00076
49,-1,4,100000,29,0.00029,83,0.00083
49,-1,5,100000,15,0.00015,81,0.00081
49,0,0,100000,18,0.00018,64,0.00064
49,0,1,100000,45,0.00045,78,0.00078
49,0,2,100000,19,0.00019,81,0.00081
49,0,3,100000,21,0.00021,82,0.00082
49,0,4,100000,42,0.00042,82,0.00082
49,0,5,100000,29,0.00029,79,0.00079
49,1,0,100000,19,0.00019,60,0.0006
49,1,1,100000,30,0.0003,60,0.0006
49,1,2,100000,36,0.00036,79,0.00079
49,1,3,100000,50,0.0005,77,0.00077
49,1,4,100000,43,0.00043,97,0.00097
49,1,5,100000,33,0.00033,77,0.00077
49,2,0,100000,19,0.00019,68,0.00068
49,2,1,100000,43,0.00043,80,0.0008
49,2,2,100000,34,0.00034,64,0.00064
49,2,3,100000,22,0.00022,55,0.00055
49,2,4,100000,25,0.00025,61,0.00061
49,2,5,100000,23,0.00023,68,0.00068
49,3,0,100000,24,0.00024,69,0.00069
49,3,1,100000,41,0.00041,79,0.00079
49,3,2,100000,33,0.00033,85,0.00085
49,3,3,100000,20,0.0002,72,0.00072
49,3,4,100000,24,0.00024,78,0.00078
49,3,5,100000,28,0.00028,65,0.00065
49,4,0,100000,27,0.00027,67,0.00067
49,4,1,100000,43,0.00043,81,0.00081
49,4,2,100000,38,0.00038,74,0.00074
49,4,3,100000,25,0.00025,80,0.0008
49,4,4,100000,64,0.00064,76,0.00076
49,4,5,100000,30,0.0003,80,0.0008
49,5,0,100000,25,0.00025,77,0.00077
49,5,1,100000,32,0.00032,63,0.00063
49,5,2,100000,18,0.00018,87,0.00087
49,5,3,100000,18,0.00018,70,0.0007
49,5,4,100000,37,0.00037,63,0.00063
49,5,5,100000,40,0.0004,66,0.00066
49,6,0,100000,27,0.00027,84,0.00084
49,6,1,100000,21,0.00021,73,0.00073
49,6,2,100000,36,0.00036,67,0.00067
49,6,3,100000,23,0.00023,70,0.0007
49,6,4,100000,16,0.00016,59,0.00059
49,6,5,100000,29,0.00029,74,0.00074
49,7,0,100000,29,0.00029,74,0.00074
49,7,1,100000,26,0.00026,71,0.00071
49,7,2,100000,12,0.00012,68,0.00068
49,7,3,100000,37,0.00037,55,0.00055
49,7,4,100000,55,0.00055,77,0.00077
49,7,5,100000,28,0.00028,74,0.00074
49,8,0,100000,29,0.00029,73,0.00073
49,8,1,100000,27,0.00027,88,0.00088
49,8,2,100000,31,0.00031,78,0.00078
49,8,3,100000,33,0.00033,73,0.00073
49,8,4,100000,27,0.00027,69,0.00069
49,8,5,100000,33,0.00033,78,0.00078
49,9,0,100000,37,0.00037,87,0.00087
49,9,1,100000,22,0.00022,61,0.00061
49,9,2,100000,40,0.0004,73,0.00073
49,9,3,100000,35,0.00035,68,0.00068
49,9,4,100000,44,0.00044,74,0.00074
49,9,5,100000,28,0.00028,81,0.00081
49,10,0,100000,26,0.00026,58,0.00058
49,10,1,100000,53,0.00053,73,0.00073
49,10,2,100000,22,0.00022,72,0.00072
49,10,3,100000,24,0.00024,61,0.00061
49,10,4,100000,28,0.00028,67,0.00067
49,10,5,100000,21,0.00021,65,0.00065
49,11,0,100000,31,0.00031,81,0.00081
49,11,1,100000,46,0.00046,67,0.00067
49,11,2,100000,37,0.00037,72,0.00072
49,11,3,100000,21,0.00021,49,0.00049
49,11,4,100000,30,0.0003,78,0.00078
49,11,5,100000,39,0.00039,68,0.00068
49,12,0,100000,35,0.00035,78,0.00078
49,12,1,100000,26,0.00026,75,0.00075
49,12,2,100000,40,0.0004,65,0.00065
49,12,3,100000,29,0.00029,70,0.0007
49,12,4,100000,16,0.00016,58,0.00058
49,12,5,100000,33,0.00033,66,0.00066
49,13,0,100000,20,0.0002,66,0.00066
49,13,1,100000,38,0.00038,82,0.00082
49,13,2,100000,21,0.00021,68,0.00068
49,13,3,100000,20,0.0002,66,0.00066
49,13,4,100000,21,0.00021,70,0.0007
49,13,5,100000,30,0.0003,78,0.00078
49,14,0,100000,35,0.00035,66,0.00066
49,14,1,100000,17,0.00017,66,0.00066
49,14,2,100000,23,0.00023,60,0.0006
49,14,3,100000,22,0.00022,65,0.00065
49,14,4,100000,31,0.00031,69,0.00069
49,14,5,100000,26,0.00026,66,0.00066
49,15,0,100000,29,0.00029,90,0.0009
49,15,1,100000,51,0.00051,75,0.00075
49,15,2,100000,43,0.00043,78,0.00078
49,15,3,100000,35,0.00035,82,0.00082
49,15,4,100000,32,0.00032,68,0.00068
49,15,5,100000,25,0.00025,71,0.00071
49,16,0,100000,27,0.00027,76,0.00076
49,16,1,100000,14,0.00014,70,0.0007
49,16,2,100000,26,0.00026,71,0.00071
49,16,3,100000,37,0.00037,69,0.00069
49,16,4,100000,17,0.00017,60,0.0006
49,16,5,100000,27,0.00027,78,0.00078
49,17,0,100000,21,0.00021,81,0.00081
49,17,1,100000,58,0.00058,75,0.00075
49,17,2,100000,25,0.00025,68,0.00068
49,17,3,100000,21,0.00021,57,0.00057
49,17,4,100000,28,0.00028,64,0.00064
49,17,5,100000,33,0.00033,68,0.00068
49,18,0,100000,20,0.0002,69,0.00069
49,18,1,100000,21,0.00021,70,0.0007
49,18,2,100000,25,0.00025,78,0.00078
49,18,3,100000,37,0.00037,81,0.00081
49,18,4,100000,35,0.00035,84,0.00084
49,18,5,100000,58,0.00058,68,0.00068
49,19,0,100000,50,0.0005,70,0.0007
49,19,1,100000,47,0.00047,68,0.00068
49,19,2,100000,19,0.00019,72,0.00072
49,19,3,100000,31,0.00031,75,0.00075
49,19,4,100000,48,0.00048,86,0.00086
49,19,5,100000,35,0.00035,76,0.00076
49,20,0,100000,37,0.00037,68,0.00068
49,20,1,100000,61,0.00061,91,0.00091
49,20,2,100000,29,0.00029,77,0.00077
49,20,3,100000,39,0.00039,78,0.00078
49,20,4,100000,27,0.00027,61,0.00061
49,20,5,100000,28,0.00028,77,0.00077
49,21,0,100000,41,0.00041,87,0.00087
49,21,1,100000,25,0.00025,78,0.00078
49,21,2,100000,13,0.00013,44,0.00044
49,21,3,100000,35,0.00035,72,0.00072
49,21,4,100000,33,0.00033,80,0.0008
49,21,5,100000,36,0.00036,84,0.00084
49,22,0,100000,35,0.00035,77,0.00077
49,22,1,100000,22,0.00022,68,0.00068
49,22,2,100000,32,0.00032,70,0.0007
49,22,3,100000,28,0.00028,73,0.00073
49,22,4,100000,14,0.00014,60,0.0006
49,22,5,100000,37,0.00037,68,0.00068
49,23,0,100000,25,0.00025,69,0.00069
49,23,1,100000,23,0.00023,74,0.00074
49,23,2,100000,14,0.00014,70,0.0007
49,23,3,100000,26,0.00026,81,0.00081
49,23,4,100000,31,0.00031,82,0.00082
49,23,5,100000,25,0.00025,55,0.00055
49,24,0,100000,31,0.00031,61,0.00061
49,24,1,100000,32,0.00032,79,0.00079
49,24,2,100000,24,0.00024,72,0.00072
49,24,3,100000,9,9e-05,68,0.00068
49,24,4,100000,36,0.00036,75,0.00075
49,24,5,100000,42,0.00042,91,0.00091
49,25,0,100000,22,0.00022,68,0.00068
49,25,1,100000,37,0.00037,70,0.0007
49,25,2,100000,22,0.00022,72,0.00072
49,25,3,100000,30,0.0003,80,0.0008
49,25,4,100000,23,0.00023,77,0.00077
49,25,5,100000,71,0.00071,82,0.00082
49,26,0,100000,26,0.00026,75,0.00075
49,26,1,100000,31,0.00031,67,0.00067
49,26,2,100000,26,0.00026,74,0.00074
49,26,3,100000,34,0.00034,77,0.00077
49,26,4,100000,22,0.00022,78,0.00078
49,26,5,100000,23,0.00023,69,0.00069
49,27,0,100000,20,0.0002,62,0.00062
49,27,1,100000,49,0.00049,74,0.00074
49,27,2,100000,22,0.00022,74,0.00074
49,27,3,100000,40,0.0004,84,0.00084
49,27,4,100000,24,0.00024,80,0.0008
49,27,5,100000,39,0.00039,92,0.00092
49,28,0,100000,24,0.00024,87,0.00087
49,28,1,100000,36,0.00036,72,0.00072
49,28,2,100000,24,0.00024,78,0.00078
49,28,3,100000,31,0.00031,72,0.00072
49,28,4,100000,30,0.0003,63,0.00063
49,28,5,100000,33,0.00033,83,0.00083
49,29,0,100000,29,0.00029,70,0.0007
49,29,1,100000,14,0.00014,52,0.00052
49,29,2,100000,20,0.0002,68,0.00068
49,29,3,100000,25,0.00025,62,0.00062
49,29,4,100000,27,0.00027,57,0.00057
49,29,5,100000,22,0.00022,70,0.0007
49,30,0,100000,11,0.00011,57,0.00057
49,30,1,100000,24,0.00024,75,0.00075
49,30,2,100000,26,0.00026,67,0.00067
49,30,3,100000,30,0.0003,78,0.00078
49,30,4,100000,37,0.00037,86,0.00086
49,30,5,100000,25,0.00025,59,0.00059
49,31,0,100000,17,0.00017,65,0.00065
49,31,1,100000,15,0.00015,62,0.00062
49,31,2,100000,14,0.00014,61,0.00061
49,31,3,100000,26,0.00026,81,0.00081
49,31,4,100000,18,0.00018,55,0.00055
49,31,5,100000,22,0.00022,66,0.00066
49,32,0,100000,31,0.00031,63,0.00063
49,32,1,100000,32,0.00032,63,0.00063
49,32,2,100000,18,0.00018,80,0.0008
49,32,3,100000,20,0.0002,75,0.00075
49,32,4,100000,34,0.00034,79,0.00079
49,32,5,100000,20,0.0002,64,0.00064
49,33,0,100000,18,0.00018,66,0.00066
49,33,1,100000,41,0.00041,71,0.00071
49,33,2,100000,24,0.00024,77,0.00077
49,33,3,100000,24,0.00024,51,0.00051
49,33,4,100000,27,0.00027,73,0.00073
49,33,5,100000,30,0.0003,68,0.00068
49,34,0,100000,48,0.00048,76,0.00076
49,34,1,100000,21,0.00021,68,0.00068
49,34,2,100000,34,0.00034,78,0.00078
49,34,3,100000,43,0.00043,82,0.00082
49,34,4,100000,25,0.00025,74,0.00074
49,34,5,100000,45,0.00045,49,0.00049
49,35,0,100000,21,0.00021,65,0.00065
49,35,1,100000,36,0.00036,82,0.00082
49,35,2,100000,30,0.0003,76,0.00076
49,35,3,100000,34,0.00034,75,0.00075
49,35,4,100000,38,0.00038,88,0.00088
49,35,5,100000,31,0.00031,62,0.00062
49,36,0,100000,37,0.00037,81,0.00081
49,36,1,100000,44,0.00044,91,0.00091
49,36,2,100000,17,0.00017,57,0.00057
49,36,3,100000,25,0.00025,79,0.00079
49,36,4,100000,23,0.00023,73,0.00073
49,36,5,100000,24,0.00024,70,0.0007
49,37,0,100000,27,0.00027,60,0.0006
49,37,1,100000,9,9e-05,67,0.00067
49,37,2,100000,24,0.00024,64,0.00064
49,37,3,100000,44,0.00044,70,0.0007
49,37,4,100000,47,0.00047,74,0.00074
49,37,5,100000,19,0.00019,73,0.00073
49,38,0,100000,28,0.00028,64,0.00064
49,38,1,100000,58,0.00058,78,0.00078
49,38,2,100000,29,0.00029,74,0.00074
49,38,3,100000,36,0.00036,84,0.00084
49,38,4,100000,23,0.00023,62,0.00062
49,38,5,100000,19,0.00019,77,0.00077
49,39,0,100000,17,0.00017,66,0.00066
49,39,1,100000,16,0.00016,67,0.00067
49,39,2,100000,37,0.00037,67,0.00067
49,39,3,100000,36,0.00036,67,0.00067
49,39,4,100000,30,0.0003,68,0.00068
49,39,5,100000,38,0.00038,62,0.00062
49,40,0,100000,32,0.00032,65,0.00065
49,40,1,100000,21,0.00021,61,0.00061
49,40,2,100000,14,0.00014,55,0.00055
49,40,3,100000,25,0.00025,83,0.00083
49,40,4,100000,18,0.00018,58,0.00058
49,40,5,100000,25,0.00025,63,0.00063
49,41,0,100000,29,0.00029,73,0.00073
49,41,1,100000,17,0.00017,64,0.00064
49,41,2,100000,33,0.00033,71,0.00071
49,41,3,100000,21,0.00021,61,0.00061
49,41,4,100000,27,0.00027,69,0.00069
49,41,5,100000,31,0.00031,75,0.00075
49,42,0,100000,28,0.00028,72,0.00072
49,42,1,100000,41,0.00041,85,0.00085
49,42,2,100000,30,0.0003,78,0.00078
49,42,3,100000,31,0.00031,65,0.00065
49,42,4,100000,34,0.00034,82,0.00082
49,42,5,100000,23,0.00023,71,0.00071
49,43,0,100000,31,0.00031,80,0.0008
49,43,1,100000,18,0.00018,74,0.00074
49,43,2,100000,22,0.00022,67,0.00067
49,43,3,100000,16,0.00016,64,0.00064
49,43,4,100000,37,0.00037,91,0.00091
49,43,5,100000,33,0.00033,64,0.00064
49,44,0,100000,31,0.00031,77,0.00077
49,44,1,100000,40,0.0004,70,0.0007
49,44,2,100000,39,0.00039,67,0.00067
49,44,3,100000,42,0.00042,79,0.00079
49,44,4,100000,30,0.0003,82,0.00082
49,44,5,100000,36,0.00036,88,0.00088
49,45,0,100000,33,0.00033,74,0.00074
49,45,1,100000,26,0.00026,66,0.00066
49,45,2,100000,29,0.00029,57,0.00057
49,45,3,100000,14,0.00014,68,0.00068
49,45,4,100000,21,0.00021,87,0.00087
49,45,5,100000,30,0.0003,62,0.00062
49,46,0,100000,19,0.00019,60,0.0006
49,46,1,100000,24,0.00024,56,0.00056
49,46,2,100000,51,0.00051,72,0.00072
49,46,3,100000,31,0.00031,72,0.00072
49,46,4,100000,12,0.00012,51,0.00051
49,46,5,100000,15,0.00015,77,0.00077
49,47,0,100000,9,9e-05,73,0.00073
49,47,1,100000,20,0.0002,63,0.00063
49,47,2,100000,35,0.00035,59,0.00059
49,47,3,100000,32,0.00032,65,0.00065
49,47,4,100000,28,0.00028,57,0.00057
49,47,5,100000,20,0.0002,81,0.00081
49,48,0,100000,32,0.00032,75,0.00075
49,48,1,100000,36,0.00036,71,0.00071
49,48,2,100000,31,0.00031,69,0.00069
49,48,3,100000,39,0.00039,76,0.00076
49,48,4,100000,35,0.00035,66,0.00066
49,48,5,100000,29,0.00029,58,0.00058
49,49,0,100000,44,0.00044,81,0.00081
49,49,1,100000,31,0.00031,70,0.0007
49,49,2,100000,27,0.00027,79,0.00079
49,49,3,100000,18,0.00018,50,0.0005
49,49,4,100000,32,0.00032,83,0.00083
49,49,5,100000,36,0.00036,74,0.00074
49,50,0,100000,15,0.00015,61,0.00061
49,50,1,100000,35,0.00035,72,0.00072
49,50,2,100000,28,0.00028,67,0.00067
49,50,3,100000,27,0.00027,74,0.00074
49,50,4,100000,43,0.00043,72,0.00072
49,50,5,100000,35,0.00035,86,0.00086
50,-50,0,100000,22,0.00022,64,0.00064
50,-50,1,100000,26,0.00026,78,0.00078
50,-50,2,100000,23,0.00023,84,0.00084
50,-50,3,100000,26,0.00026,63,0.00063
50,-50,4,100000,25,0.00025,65,0.00065
50,-50,5,100000,22,0.00022,72,0.00072
50,-49,0,100000,40,0.0004,61,0.00061
50,-49,1,100000,32,0.00032,83,0.00083
50,-49,2,100000,20,0.0002,76,0.00076
50,-49,3,100000,36,0.00036,71,0.00071
50,-49,4,100000,26,0.00026,59,0.00059
50,-49,5,100000,19,0.00019,68,0.00068
50,-48,0,100000,25,0.00025,62,0.00062
50,-48,1,100000,53,0.00053,75,0.00075
50,-48,2,100000,22,0.00022,80,0.0008
50,-48,3,100000,41,0.00041,91,0.00091
50,-48,4,100000,27,0.00027,70,0.0007
50,-48,5,100000,48,0.00048,72,0.00072
50,-47,0,100000,31,0.00031,59,0.00059
50,-47,1,100000,26,0.00026,64,0.00064
50,-47,2,100000,44,0.00044,75,0.00075
50,-47,3,100000,29,0.00029,78,0.00078
50,-47,4,100000,13,0.00013,56,0.00056
50,-47,5,100000,30,0.0003,78,0.00078
50,-46,0,100000,20,0.0002,63,0.00063
50,-46,1,100000,25,0.00025,66,0.00066
50,-46,2,100000,25,0.00025,53,0.00053
50,-46,3,100000,34,0.00034,67,0.00067
50,-46,4,100000,42,0.00042,71,0.00071
50,-46,5,100000,8,8e-05,58,0.00058
50,-45,0,100000,24,0.00024,74,0.00074
50,-45,1,100000,33,0.00033,76,0.00076
50,-45,2,100000,28,0.00028,81,0.00081
50,-45,3,100000,34,0.00034,74,0.00074
50,-45,4,100000,26,0.00026,74,0.00074
50,-45,5,100000,30,0.0003,81,0.00081
50,-44,0,100000,40,0.0004,86,0.00086
50,-44,1,100000,24,0.00024,78,0.00078
50,-44,2,100000,30,0.0003,79,0.00079
50,-44,3,100000,18,0.00018,66,0.00066
50,-44,4,100000,28,0.00028,74,0.00074
50,-44,5,100000,24,0.00024,66,0.00066
50,-43,0,100000,35,0.00035,75,0.00075
50,-43,1,100000,40,0.0004,76,0.00076
50,-43,2,100000,28,0.00028,82,0.00082
50,-43,3,100000,40,0.0004,76,0.00076
50,-43,4,100000,47,0.00047,84,0.00084
50,-43,5,100000,20,0.0002,80,0.0008
50,-42,0,100000,31,0.00031,74,0.00074
50,-42,1,100000,23,0.00023,69,0.00069
50,-42,2,100000,34,0.00034,87,0.00087
50,-42,3,100000,21,0.00021,70,0.0007
50,-42,4,100000,25,0.00025,64,0.00064
50,-42,5,100000,31,0.00031,74,0.00074
50,-41,0,100000,41,0.00041,75,0.00075
50,-41,1,100000,14,0.00014,63,0.00063
50,-41,2,100000,38,0.00038,76,0.00076
50,-41,3,100000,32,0.00032,78,0.00078
50,-41,4,100000,14,0.00014,73,0.00073
50,-41,5,100000,31,0.00031,62,0.00062
50,-40,0,100000,29,0.00029,70,0.0007
50,-40,1,100000,25,0.00025,61,0.00061
50,-40,2,100000,15,0.00015,71,0.00071
50,-40,3,100000,39,0.00039,65,0.00065
50,-40,4,100000,49,0.00049,73,0.00073
50,-40,5,100000,33,0.00033,62,0.00062
50,-39,0,100000,16,0.00016,76,0.00076
50,-39,1,100000,22,0.00022,68,0.00068
50,-39,2,100000,38,0.00038,70,0.0007
50,-39,3,100000,24,0.00024,66,0.00066
50,-39,4,100000,23,0.00023,65,0.00065
50,-39,5,100000,11,0.00011,60,0.0006
50,-38,0,100000,30,0.0003,72,0.00072
50,-38,1,100000,24,0.00024,88,0.00088
50,-38,2,100000,36,0.00036,70,0.0007
50,-38,3,100000,24,0.00024,72,0.00072
50,-38,4,100000,37,0.00037,73,0.00073
50,-38,5,100000,28,0.00028,75,0.00075
50,-37,0,100000,30,0.0003,64,0.00064
50,-37,1,100000,29,0.00029,74,0.00074
50,-37,2,100000,37,0.00037,79,0.00079
50,-37,3,100000,48,0.00048,82,0.00082
50,-37,4,100000,39,0.00039,71,0.00071
50,-37,5,100000,20,0.0002,69,0.00069
50,-36,0,100000,23,0.00023,67,0.00067
50,-36,1,100000,26,0.00026,64,0.00064
50,-36,2,100000,27,0.00027,71,0.00071
50,-36,3,100000,37,0.00037,87,0.00087
50,-36,4,100000,31,0.00031,70,0.0007
50,-36,5,100000,17,0.00017,57,0.00057
50,-35,0,100000,41,0.00041,79,0.00079
50,-35,1,100000,49,0.00049,89,0.00089
50,-35,2,100000,28,0.00028,83,0.00083
50,-35,3,100000,41,0.00041,83,0.00083
50,-35,4,100000,39,0.00039,77,0.00077
50,-35,5,100000,33,0.00033,70,0.0007
50,-34,0,100000,28,0.00028,74,0.00074
50,-34,1,100000,31,0.00031,68,0.00068
50,-34,2,100000,35,0.00035,65,0.00065
50,-34,3,100000,28,0.00028,70,0.0007
50,-34,4,100000,9,9e-05,65,0.00065
50,-34,5,100000,36,0.00036,69,0.00069
50,-33,0,100000,22,0.00022,69,0.00069
50,-33,1,100000,21,0.00021,67,0.00067
50,-33,2,100000,38,0.00038,91,0.00091
50,-33,3,100000,25,0.00025,78,0.00078
50,-33,4,100000,57,0.00057,77,0.00077
50,-33,5,100000,22,0.00022,66,0.00066
50,-32,0,100000,33,0.00033,79,0.00079
50,-32,1,100000,28,0.00028,73,0.00073
50,-32,2,100000,12,0.00012,75,0.00075
50,-32,3,100000,42,0.00042,83,0.00083
50,-32,4,100000,19,0.00019,63,0.00063
50,-32,5,100000,44,0.00044,77,0.00077
50,-31,0,100000,34,0.00034,70,0.0007
50,-31,1,100000,34,0.00034,70,0.0007
50,-31,2,100000,15,0.00015,74,0.00074
50,-31,3,100000,22,0.00022,77,0.00077
50,-31,4,100000,13,0.00013,62,0.00062
50,-31,5,100000,22,0.00022,88,0.00088
50,-30,0,100000,36,0.00036,80,0.0008
50,-30,1,100000,35,0.00035,72,0.00072
50,-30,2,100000,34,0.00034,68,0.00068
50,-30,3,100000,24,0.00024,60,0.0006
50,-30,4,100000,32,0.00032,66,0.00066
50,-30,5,100000,35,0.00035,78,0.00078
50,-29,0,100000,38,0.00038,73,0.00073
50,-29,1,100000,34,0.00034,65,0.00065
50,-29,2,100000,22,0.00022,64,0.00064
50,-29,3,100000,26,0.00026,75,0.00075
50,-29,4,100000,31,0.00031,75,0.00075
50,-29,5,100000,12,0.00012,73,0.00073
50,-28,0,100000,24,0.00024,78,0.00078
50,-28,1,100000,44,0.00044,69,0.00069
50,-28,2,100000,26,0.00026,73,0.00073
50,-28,3,100000,17,0.00017,68,0.00068
50,-28,4,100000,35,0.00035,65,0.00065
50,-28,5,100000,49,0.00049,72,0.00072
50,-27,0,100000,30,0.0003,68,0.00068
50,-27,1,100000,20,0.0002,62,0.00062
50,-27,2,100000,16,0.00016,65,0.00065
50,-27,3,100000,26,0.00026,84,0.00084
50,-27,4,100000,25,0.00025,66,0.00066
50,-27,5,100000,30,0.0003,67,0.00067
50,-26,0,100000,29,0.00029,79,0.00079
50,-26,1,100000,35,0.00035,78,0.00078
50,-26,2,100000,15,0.00015,71,0.00071
50,-26,3,100000,13,0.00013,69,0.00069
50,-26,4,100000,37,0.00037,67,0.00067
50,-26,5,100000,30,0.0003,69,0.00069
50,-25,0,100000,19,0.00019,77,0.00077
50,-25,1,100000,28,0.00028,62,0.00062
50,-25,2,100000,30,0.0003,66,0.00066
50,-25,3,100000,26,0.00026,73,0.00073
50,-25,4,100000,23,0.00023,80,0.0008
50,-25,5,100000,25,0.00025,75,0.00075
50,-24,0,100000,20,0.0002,87,0.00087
50,-24,1,100000,10,0.0001,65,0.00065
50,-24,2,100000,29,0.00029,78,0.00078
50,-24,3,100000,40,0.0004,84,0.00084
50,-24,4,100000,27,0.00027,71,0.00071
50,-24,5,100000,25,0.00025,82,0.00082
50,-23,0,100000,24,0.00024,73,0.00073
50,-23,1,100000,36,0.00036,76,0.00076
50,-23,2,100000,30,0.0003,64,0.00064
50,-23,3,100000,48,0.00048,78,0.00078
50,-23,4,100000,25,0.00025,61,0.00061
50,-23,5,100000,13,0.00013,58,0.00058
50,-22,0,100000,31,0.00031,63,0.00063
50,-22,1,100000,42,0.00042,76,0.00076
50,-22,2,100000,26,0.00026,84,0.00084
50,-22,3,100000,21,0.00021,63,0.00063
50,-22,4,100000,17,0.00017,79,0.00079
50,-22,5,100000,27,0.00027,72,0.00072
50,-21,0,100000,39,0.00039,70,0.0007
50,-21,1,100000,21,0.00021,66,0.00066
50,-21,2,100000,19,0.00019,63,0.00063
50,-21,3,100000,39,0.00039,79,0.00079
50,-21,4,100000,50,0.0005,78,0.00078
50,-21,5,100000,24,0.00024,87,0.00087
50,-20,0,100000,50,0.0005,95,0.00095
50,-20,1,100000,19,0.00019,68,0.00068
50,-20,2,100000,37,0.00037,82,0.00082
50,-20,3,100000,14,0.00014,70,0.0007
50,-20,4,100000,48,0.00048,92,0.00092
50,-20,5,100000,28,0.00028,61,0.00061
50,-19,0,100000,28,0.00028,73,0.00073
50,-19,1,100000,47,0.00047,80,0.0008
50,-19,2,100000,51,0.00051,82,0.00082
50,-19,3,100000,36,0.00036,93,0.00093
50,-19,4,100000,34,0.00034,88,0.00088
50,-19,5,100000,59,0.00059,82,0.00082
50,-18,0,100000,28,0.00028,65,0.00065
50,-18,1,100000,37,0.00037,61,0.00061
50,-18,2,100000,30,0.0003,71,0.00071
50,-18,3,100000,33,0.00033,70,0.0007
50,-18,4,100000,37,0.00037,86,0.00086
50,-18,5,100000,12,0.00012,76,0.00076
50,-17,0,100000,31,0.00031,62,0.00062
50,-17,1,100000,27,0.00027,73,0.00073
50,-17,2,100000,32,0.00032,60,0.0006
50,-17,3,100000,32,0.00032,71,0.00071
50,-17,4,100000,24,0.00024,74,0.00074
50,-17,5,100000,40,0.0004,65,0.00065
50,-16,0,100000,25,0.00025,65,0.00065
50,-16,1,100000,34,0.00034,78,0.00078
50,-16,2,100000,21,0.00021,56,0.00056
50,-16,3,100000,42,0.00042,77,0.00077
50,-16,4,100000,40,0.0004,80,0.0008
50,-16,5,100000,37,0.00037,61,0.00061
50,-15,0,100000,27,0.00027,61,0.00061
50,-15,1,100000,25,0.00025,68,0.00068
50,-15,2,100000,29,0.00029,87,0.00087
50,-15,3,100000,30,0.0003,82,0.00082
50,-15,4,100000,20,0.0002,59,0.00059
50,-15,5,100000,44,0.00044,85,0.00085
50,-14,0,100000,30,0.0003,61,0.00061
50,-14,1,100000,18,0.00018,83,0.00083
50,-14,2,100000,32,0.00032,79,0.00079
50,-14,3,100000,42,0.00042,83,0.00083
50,-14,4,100000,35,0.00035,83,0.00083
50,-14,5,100000,29,0.00029,84,0.00084
50,-13,0,100000,29,0.00029,64,0.00064
50,-13,1,100000,49,0.00049,92,0.00092
50,-13,2,100000,28,0.00028,77,0.00077
50,-13,3,100000,40,0.0004,74,0.00074
50,-13,4,100000,26,0.00026,61,0.00061
50,-13,5,100000,27,0.00027,69,0.00069
50,-12,0,100000,16,0.00016,70,0.0007
50,-12,1,100000,31,0.00031,76,0.00076
50,-12,2,100000,13,0.00013,50,0.0005
50,-12,3,100000,33,0.00033,86,0.00086
50,-12,4,100000,40,0.0004,65,0.00065
50,-12,5,100000,25,0.00025,67,0.00067
50,-11,0,100000,28,0.00028,79,0.00079
50,-11,1,100000,17,0.00017,69,0.00069
50,-11,2,100000,28,0.00028,77,0.00077
50,-11,3,100000,29,0.00029,64,0.00064
50,-11,4,100000,31,0.00031,74,0.00074
50,-11,5,100000,15,0.00015,70,0.0007
50,-10,0,100000,22,0.00022,66,0.00066
50,-10,1,100000,39,0.00039,77,0.00077
50,-10,2,100000,37,0.00037,70,0.0007
50,-10,3,100000,25,0.00025,65,0.00065
50,-10,4,100000,52,0.00052,70,0.0007
50,-10,5,100000,45,0.00045,73,0.00073
50,-9,0,100000,39,0.00039,82,0.00082
50,-9,1,100000,31,0.00031,72,0.00072
50,-9,2,100000,37,0.00037,87,0.00087
50,-9,3,100000,40,0.0004,73,0.00073
50,-9,4,100000,17,0.00017,66,0.00066
50,-9,5,100000,15,0.00015,65,0.00065
50,-8,0,100000,15,0.00015,66,0.00066
50,-8,1,100000,33,0.00033,65,0.00065
50,-8,2,100000,39,0.00039,68,0.00068
50,-8,3,100000,20,0.0002,63,0.00063
50,-8,4,100000,21,0.00021,62,0.00062
50,-8,5,100000,18,0.00018,79,0.00079
50,-7,0,100000,33,0.00033,69,0.00069
50,-7,1,100000,18,0.00018,64,0.00064
50,-7,2,100000,29,0.00029,65,0.00065
50,-7,3,100000,30,0.0003,75,0.00075
50,-7,4,100000,30,0.0003,59,0.00059
50,-7,5,100000,47,0.00047,69,0.00069
50,-6,0,100000,30,0.0003,71,0.00071
50,-6,1,100000,38,0.00038,83,0.00083
50,-6,2,100000,21,0.00021,77,0.00077
50,-6,3,100000,26,0.00026,77,0.00077
50,-6,4,100000,45,0.00045,81,0.00081
50,-6,5,100000,34,0.00034,73,0.00073
50,-5,0,100000,42,0.00042,59,0.00059
50,-5,1,100000,20,0.0002,71,0.00071
50,-5,2,100000,22,0.00022,72,0.00072
50,-5,3,100000,18,0.00018,82,0.00082
50,-5,4,100000,31,0.00031,75,0.00075
50,-5,5,100000,28,0.00028,74,0.00074
50,-4,0,100000,32,0.00032,77,0.00077
50,-4,1,100000,37,0.00037,80,0.0008
50,-4,2,100000,16,0.00016,81,0.00081
50,-4,3,100000,34,0.00034,79,0.00079
50,-4,4,100000,40,0.0004,83,0.00083
50,-4,5,100000,38,0.00038,82,0.00082
50,-3,0,100000,29,0.00029,62,0.00062
50,-3,1,100000,25,0.00025,66,0.00066
50,-3,2,100000,47,0.00047,80,0.0008
50,-3,3,100000,22,0.00022,73,0.00073
50,-3,4,100000,22,0.00022,78,0.00078
50,-3,5,100000,55,0.00055,74,0.00074
50,-2,0,100000,13,0.00013,62,0.00062
50,-2,1,100000,29,0.00029,73,0.00073
50,-2,2,100000,22,0.00022,64,0.00064
50,-2,3,100000,29,0.00029,66,0.00066
50,-2,4,100000,31,0.00031,62,0.00062
50,-2,5,100000,20,0.0002,70,0.0007
50,-1,0,100000,26,0.00026,64,0.00064
50,-1,1,100000,27,0.00027,73,0.00073
50,-1,2,100000,28,0.00028,66,0.00066
50,-1,3,100000,35,0.00035,79,0.00079
50,-1,4,100000,28,0.00028,73,0.00073
50,-1,5,100000,15,0.00015,71,0.00071
50,0,0,100000,34,0.00034,83,0.00083
50,0,1,100000,34,0.00034,88,0.00088
50,0,2,100000,52,0.00052,85,0.00085
50,0,3,100000,20,0.0002,56,0.00056
50,0,4,100000,26,0.00026,80,0.0008
50,0,5,100000,49,0.00049,70,0.0007
50,1,0,100000,24,0.00024,76,0.00076
50,1,1,100000,24,0.00024,73,0.00073
50,1,2,100000,33,0.00033,53,0.00053
50,1,3,100000,40,0.0004,80,0.0008
50,1,4,100000,30,0.0003,75,0.00075
50,1,5,100000,21,0.00021,58,0.00058
50,2,0,100000,40,0.0004,68,0.00068
50,2,1,100000,35,0.00035,53,0.00053
50,2,2,100000,25,0.00025,69,0.00069
50,2,3,100000,28,0.00028,63,0.00063
50,2,4,100000,27,0.00027,80,0.0008
50,2,5,100000,21,0.00021,66,0.00066
50,3,0,100000,32,0.00032,70,0.0007
50,3,1,100000,29,0.00029,84,0.00084
50,3,2,100000,21,0.00021,58,0.00058
50,3,3,100000,33,0.00033,76,0.00076
50,3,4,100000,53,0.00053,76,0.00076
50,3,5,100000,19,0.00019,75,0.00075
50,4,0,100000,15,0.00015,60,0.0006
50,4,1,100000,25,0.00025,67,0.00067
50,4,2,100000,23,0.00023,65,0.00065
50,4,3,100000,30,0.0003,84,0.00084
50,4,4,100000,29,0.00029,77,0.00077
50,4,5,100000,40,0.0004,74,0.00074
50,5,0,100000,48,0.00048,80,0.0008
50,5,1,100000,32,0.00032,67,0.00067
50,5,2,100000,25,0.00025,70,0.0007
50,5,3,100000,29,0.00029,87,0.00087
50,5,4,100000,40,0.0004,80,0.0008
50,5,5,100000,37,0.00037,72,0.00072
50,6,0,100000,48,0.00048,90,0.0009
50,6,1,100000,24,0.00024,73,0.00073
50,6,2,100000,42,0.00042,80,0.0008
50,6,3,100000,28,0.00028,67,0.00067
50,6,4,100000,35,0.00035,61,0.00061
50,6,5,100000,21,0.00021,75,0.00075
50,7,0,100000,41,0.00041,79,0.00079
50,7,1,100000,29,0.00029,58,0.00058
50,7,2,100000,14,0.00014,53,0.00053
50,7,3,100000,40,0.0004,78,0.00078
50,7,4,100000,21,0.00021,64,0.00064
50,7,5,100000,37,0.00037,67,0.00067
50,8,0,100000,24,0.00024,84,0.00084
50,8,1,100000,42,0.00042,72,0.00072
50,8,2,100000,23,0.00023,76,0.00076
50,8,3,100000,33,0.00033,79,0.00079
50,8,4,100000,54,0.00054,79,0.00079
50,8,5,100000,40,0.0004,82,0.00082
50,9,0,100000,19,0.00019,72,0.00072
50,9,1,100000,29,0.00029,77,0.00077
50,9,2,100000,35,0.00035,68,0.00068
50,9,3,100000,22,0.00022,71,0.00071
50,9,4,100000,29,0.00029,73,0.00073
50,9,5,100000,20,0.0002,69,0.00069
50,10,0,100000,36,0.00036,76,0.00076
50,10,1,100000,30,0.0003,80,0.0008
50,10,2,100000,40,0.0004,68,0.00068
50,10,3,100000,30,0.0003,74,0.00074
50,10,4,100000,24,0.00024,64,0.00064
50,10,5,100000,20,0.0002,70,0.0007
50,11,0,100000,23,0.00023,71,0.00071
50,11,1,100000,18,0.00018,56,0.00056
50,11,2,100000,18,0.00018,64,0.00064
50,11,3,100000,24,0.00024,65,0.00065
50,11,4,100000,17,0.00017,64,0.00064
50,11,5,100000,16,0.00016,78,0.00078
50,12,0,100000,17,0.00017,75,0.00075
50,12,1,100000,26,0.00026,66,0.00066
50,12,2,100000,30,0.0003,86,0.00086
50,12,3,100000,24,0.00024,77,0.00077
50,12,4,100000,24,0.00024,76,0.00076
50,12,5,100000,21,0.00021,65,0.00065
50,13,0,100000,56,0.00056,91,0.00091
50,13,1,100000,21,0.00021,76,0.00076
50,13,2,100000,33,0.00033,84,0.00084
50,13,3,100000,45,0.00045,66,0.00066
50,13,4,100000,24,0.00024,65,0.00065
50,13,5,100000,27,0.00027,93,0.00093
50,14,0,100000,51,0.00051,80,0.0008
50,14,1,100000,35,0.00035,87,0.00087
50,14,2,100000,28,0.00028,77,0.00077
50,14,3,100000,45,0.00045,83,0.00083
50,14,4,100000,40,0.0004,70,0.0007
50,14,5,100000,35,0.00035,76,0.00076
50,15,0,100000,36,0.00036,74,0.00074
50,15,1,100000,24,0.00024,70,0.0007
50,15,2,100000,25,0.00025,69,0.00069
50,15,3,100000,42,0.00042,75,0.00075
50,15,4,100000,29,0.00029,95,0.00095
50,15,5,100000,30,0.0003,76,0.00076
50,16,0,100000,29,0.00029,59,0.00059
50,16,1,100000,14,0.00014,69,0.00069
50,16,2,100000,37,0.00037,82,0.00082
50,16,3,100000,45,0.00045,94,0.00094
50,16,4,100000,37,0.00037,58,0.00058
50,16,5,100000,31,0.00031,70,0.0007
50,17,0,100000,26,0.00026,61,0.00061
50,17,1,100000,23,0.00023,54,0.00054
50,17,2,100000,23,0.00023,71,0.00071
50,17,3,100000,20,0.0002,72,0.00072
50,17,4,100000,17,0.00017,69,0.00069
50,17,5,100000,27,0.00027,69,0.00069
50,18,0,100000,21,0.00021,60,0.0006
50,18,1,100000,15,0.00015,53,0.00053
50,18,2,100000,21,0.00021,62,0.00062
50,18,3,100000,44,0.00044,64,0.00064
50,18,4,100000,15,0.00015,58,0.00058
50,18,5,100000,29,0.00029,75,0.00075
50,19,0,100000,22,0.00022,53,0.00053
50,19,1,100000,38,0.00038,58,0.00058
50,19,2,100000,15,0.00015,64,0.00064
50,19,3,100000,40,0.0004,67,0.00067
50,19,4,100000,30,0.0003,79,0.00079
50,19,5,100000,41,0.00041,68,0.00068
50,20,0,100000,14,0.00014,60,0.0006
50,20,1,100000,38,0.00038,73,0.00073
50,20,2,100000,28,0.00028,64,0.00064
50,20,3,100000,20,0.0002,57,0.00057
50,20,4,100000,28,0.00028,79,0.00079
50,20,5,100000,28,0.00028,79,0.00079
50,21,0,100000,34,0.00034,80,0.0008
50,21,1,100000,29,0.00029,68,0.00068
50,21,2,100000,33,0.00033,72,0.00072
50,21,3,100000,23,0.00023,66,0.00066
50,21,4,100000,31,0.00031,77,0.00077
50,21,5,100000,30,0.0003,82,0.00082
50,22,0,100000,28,0.00028,80,0.0008
50,22,1,100000,22,0.00022,61,0.00061
50,22,2,100000,20,0.0002,76,0.00076
50,22,3,100000,28,0.00028,68,0.00068
50,22,4,100000,58,0.00058,93,0.00093
50,22,5,100000,34,0.00034,82,0.00082
50,23,0,100000,34,0.00034,72,0.00072
50,23,1,100000,50,0.0005,82,0.00082
50,23,2,100000,31,0.00031,62,0.00062
50,23,3,100000,34,0.00034,71,0.00071
50,23,4,100000,53,0.00053,86,0.00086
50,23,5,100000,24,0.00024,63,0.00063
50,24,0,100000,15,0.00015,80,0.0008
50,24,1,100000,30,0.0003,61,0.00061
50,24,2,100000,15,0.00015,60,0.0006
50,24,3,100000,31,0.00031,78,0.00078
50,24,4,100000,17,0.00017,72,0.00072
50,24,5,100000,66,0.00066,85,0.00085
50,25,0,100000,34,0.00034,57,0.00057
50,25,1,100000,41,0.00041,67,0.00067
50,25,2,100000,19,0.00019,65,0.00065
50,25,3,100000,29,0.00029,78,0.00078
50,25,4,100000,32,0.00032,88,0.00088
50,25,5,100000,23,0.00023,69,0.00069
50,26,0,100000,25,0.00025,80,0.0008
50,26,1,100000,22,0.00022,79,0.00079
50,26,2,100000,25,0.00025,77,0.00077
50,26,3,100000,31,0.00031,63,0.00063
50,26,4,100000,32,0.00032,71,0.00071
50,26,5,100000,28,0.00028,66,0.00066
50,27,0,100000,17,0.00017,67,0.00067
50,27,1,100000,26,0.00026,68,0.00068
50,27,2,100000,19,0.00019,77,0.00077
50,27,3,100000,19,0.00019,85,0.00085
50,27,4,100000,38,0.00038,80,0.0008
50,27,5,100000,39,0.00039,74,0.00074
50,28,0,100000,16,0.00016,76,0.00076
50,28,1,100000,35,0.00035,90,0.0009
50,28,2,100000,42,0.00042,75,0.00075
50,28,3,100000,48,0.00048,84,0.00084
50,28,4,100000,26,0.00026,79,0.00079
50,28,5,100000,44,0.00044,94,0.00094
50,29,0,100000,17,0.00017,69,0.00069
50,29,1,100000,24,0.00024,71,0.00071
50,29,2,100000,38,0.00038,72,0.00072
50,29,3,100000,32,0.00032,93,0.00093
50,29,4,100000,23,0.00023,81,0.00081
50,29,5,100000,42,0.00042,75,0.00075
50,30,0,100000,22,0.00022,73,0.00073
50,30,1,100000,42,0.00042,75,0.00075
50,30,2,100000,31,0.00031,66,0.00066
50,30,3,100000,33,0.00033,78,0.00078
50,30,4,100000,44,0.00044,66,0.00066
50,30,5,100000,57,0.00057,74,0.00074
50,31,0,100000,25,0.00025,66,0.00066
50,31,1,100000,16,0.00016,75,0.00075
50,31,2,100000,17,0.00017,71,0.00071
50,31,3,100000,24,0.00024,75,0.00075
50,31,4,100000,22,0.00022,64,0.00064
50,31,5,100000,35,0.00035,87,0.00087
50,32,0,100000,27,0.00027,61,0.00061
50,32,1,100000,22,0.00022,69,0.00069
50,32,2,100000,38,0.00038,75,0.00075
50,32,3,100000,23,0.00023,72,0.00072
50,32,4,100000,37,0.00037,70,0.0007
50,32,5,100000,15,0.00015,72,0.00072
50,33,0,100000,30,0.0003,73,0.00073
50,33,1,100000,43,0.00043,70,0.0007
50,33,2,100000,21,0.00021,73,0.00073
50,33,3,100000,35,0.00035,75,0.00075
50,33,4,100000,51,0.00051,74,0.00074
50,33,5,100000,30,0.0003,78,0.00078
50,34,0,100000,29,0.00029,68,0.00068
50,34,1,100000,30,0.0003,71,0.00071
50,34,2,100000,10,0.0001,73,0.00073
50,34,3,100000,32,0.00032,65,0.00065
50,34,4,100000,20,0.0002,71,0.00071
50,34,5,100000,39,0.00039,75,0.00075
50,35,0,100000,30,0.0003,68,0.00068
50,35,1,100000,20,0.0002,68,0.00068
50,35,2,100000,21,0.00021,64,0.00064
50,35,3,100000,14,0.00014,56,0.00056
50,35,4,100000,42,0.00042,82,0.00082
50,35,5,100000,25,0.00025,66,0.00066
50,36,0,100000,19,0.00019,67,0.00067
50,36,1,100000,34,0.00034,74,0.00074
50,36,2,100000,33,0.00033,63,0.00063
50,36,3,100000,23,0.00023,82,0.00082
50,36,4,100000,33,0.00033,50,0.0005
50,36,5,100000,16,0.00016,64,0.00064
50,37,0,100000,21,0.00021,79,0.00079
50,37,1,100000,27,0.00027,85,0.00085
50,37,2,100000,25,0.00025,83,0.00083
50,37,3,100000,31,0.00031,53,0.00053
50,37,4,100000,29,0.00029,69,0.00069
50,37,5,100000,29,0.00029,90,0.0009
50,38,0,100000,34,0.00034,80,0.0008
50,38,1,100000,38,0.00038,92,0.00092
50,38,2,100000,36,0.00036,66,0.00066
50,38,3,100000,41,0.00041,68,0.00068
50,38,4,100000,27,0.00027,65,0.00065
50,38,5,100000,19,0.00019,83,0.00083
50,39,0,100000,21,0.00021,74,0.00074
50,39,1,100000,43,0.00043,72,0.00072
50,39,2,100000,23,0.00023,57,0.00057
50,39,3,100000,40,0.0004,71,0.00071
50,39,4,100000,16,0.00016,63,0.00063
50,39,5,100000,35,0.00035,71,0.00071
50,40,0,100000,36,0.00036,71,0.00071
50,40,1,100000,32,0.00032,71,0.00071
50,40,2,100000,34,0.00034,81,0.00081
50,40,3,100000,17,0.00017,62,0.00062
50,40,4,100000,37,0.00037,70,0.0007
50,40,5,100000,26,0.00026,77,0.00077
50,41,0,100000,41,0.00041,80,0.0008
50,41,1,100000,57,0.00057,94,0.00094
50,41,2,100000,30,0.0003,68,0.00068
50,41,3,100000,52,0.00052,85,0.00085
50,41,4,100000,18,0.00018,70,0.0007
50,41,5,100000,37,0.00037,69,0.00069
50,42,0,100000,32,0.00032,76,0.00076
50,42,1,100000,15,0.00015,59,0.00059
50,42,2,100000,24,0.00024,76,0.00076
50,42,3,100000,49,0.00049,69,0.00069
50,42,4,100000,29,0.00029,73,0.00073
50,42,5,100000,22,0.00022,66,0.00066
50,43,0,100000,44,0.00044,82,0.00082
50,43,1,100000,26,0.00026,71,0.00071
50,43,2,100000,36,0.00036,75,0.00075
50,43,3,100000,34,0.00034,72,0.00072
50,43,4,100000,34,0.00034,77,0.00077
50,43,5,100000,32,0.00032,69,0.00069
50,44,0,100000,41,0.00041,65,0.00065
50,44,1,100000,31,0.00031,81,0.00081
50,44,2,100000,35,0.00035,72,0.00072
50,44,3,100000,35,0.00035,71,0.00071
50,44,4,100000,35,0.00035,74,0.00074
50,44,5,100000,25,0.00025,75,0.00075
50,45,0,100000,44,0.00044,83,0.00083
50,45,1,100000,23,0.00023,57,0.00057
50,45,2,100000,20,0.0002,70,0.0007
50,45,3,100000,27,0.00027,64,0.00064
50,45,4,100000,36,0.00036,86,0.00086
50,45,5,100000,29,0.00029,64,0.00064
50,46,0,100000,32,0.00032,67,0.00067
50,46,1,100000,30,0.0003,70,0.0007
50,46,2,100000,41,0.00041,95,0.00095
50,46,3,100000,16,0.00016,67,0.00067
50,46,4,100000,32,0.00032,58,0.00058
50,46,5,100000,31,0.00031,61,0.00061
50,47,0,100000,31,0.00031,80,0.0008
50,47,1,100000,33,0.00033,78,0.00078
50,47,2,100000,46,0.00046,85,0.00085
50,47,3,100000,31,0.00031,84,0.00084
50,47,4,100000,47,0.00047,82,0.00082
50,47,5,100000,39,0.00039,70,0.0007
50,48,0,100000,40,0.0004,79,0.00079
50,48,1,100000,37,0.00037,83,0.00083
50,48,2,100000,18,0.00018,64,0.00064
50,48,3,100000,36,0.00036,75,0.00075
50,48,4,100000,22,0.00022,67,0.00067
50,48,5,100000,34,0.00034,56,0.00056
50,49,0,100000,52,0.00052,73,0.00073
50,49,1,100000,14,0.00014,59,0.00059
50,49,2,100000,19,0.00019,70,0.0007
50,49,3,100000,30,0.0003,61,0.00061
50,49,4,100000,37,0.00037,81,0.00081
50,49,5,100000,37,0.00037,82,0.00082
50,50,0,100000,43,0.00043,84,0.00084
50,50,1,100000,29,0.00029,82,0.00082
50,50,2,100000,26,0.00026,78,0.00078
50,50,3,100000,25,0.00025,62,0.00062
50,50,4,100000,32,0.00032,72,0.00072
50,50,5,100000,16,0.00016,62,0.00062
